 -2. -2. 0.000025091438
 -2. -1.92 0.0000296911
 -2. -1.84 0.00003498967
 -2. -1.76 0.00004105613
 -2. -1.6800001 0.00004795633
 -2. -1.6 0.000055750403
 -2. -1.52 0.000064488435
 -2. -1.44 0.00007420684
 -2. -1.36 0.00008492316
 -2. -1.28 0.00009663123
 -2. -1.2 0.00010929617
 -2. -1.12 0.00012284948
 -2. -1.04 0.00013718515
 -2. -0.96000004 0.0001521557
 -2. -0.88 0.00016757235
 -2. -0.79999995 0.00018320342
 -2. -0.72 0.00019877935
 -2. -0.64 0.00021399742
 -2. -0.55999994 0.0002285304
 -2. -0.48000002 0.00024203755
 -2. -0.39999998 0.0002541796
 -2. -0.32000005 0.00026463135
 -2. -0.24000001 0.00027310013
 -2. -0.15999997 0.00027933827
 -2. -0.08000004 0.0002831598
 -2. 0. 0.0002844465
 -2. 0.07999992 0.0002831598
 -2. 0.16000009 0.00027933827
 -2. 0.24000001 0.00027310013
 -2. 0.31999993 0.00026463135
 -2. 0.4000001 0.0002541796
 -2. 0.48000002 0.00024203755
 -2. 0.55999994 0.0002285304
 -2. 0.6400001 0.00021399742
 -2. 0.72 0.00019877935
 -2. 0.79999995 0.00018320342
 -2. 0.8800001 0.00016757235
 -2. 0.96000004 0.0001521557
 -2. 1.04 0.00013718515
 -2. 1.1199999 0.00012284948
 -2. 1.2 0.00010929617
 -2. 1.28 0.00009663123
 -2. 1.3599999 0.00008492316
 -2. 1.44 0.00007420684
 -2. 1.52 0.000064488435
 -2. 1.5999999 0.000055750403
 -2. 1.6800001 0.00004795633
 -2. 1.76 0.00004105613
 -2. 1.8399999 0.00003498967
 -2. 1.9200001 0.000029691044
 -2. 2. 0.000025091438
 -1.92 -2. 0.000030842017
 -1.92 -1.92 0.0000366214
 -1.92 -1.84 0.00004330684
 -1.92 -1.76 0.00005099344
 -1.92 -1.6800001 0.000059774102
 -1.92 -1.6 0.00006973507
 -1.92 -1.52 0.00008095113
 -1.92 -1.44 0.00009348017
 -1.92 -1.36 0.0001073561
 -1.92 -1.28 0.00012258254
 -1.92 -1.2 0.00013912441
 -1.92 -1.12 0.00015690227
 -1.92 -1.04 0.00017578472
 -1.92 -0.96000004 0.0001955843
 -1.92 -0.88 0.000216054
 -1.92 -0.79999995 0.00023688712
 -1.92 -0.72 0.00025772085
 -1.92 -0.64 0.00027814443
 -1.92 -0.55999994 0.00029770844
 -1.92 -0.48000002 0.0003159427
 -1.92 -0.39999998 0.0003323741
 -1.92 -0.32000005 0.00034654775
 -1.92 -0.24000001 0.00035805182
 -1.92 -0.15999997 0.00036653754
 -1.92 -0.08000004 0.0003717397
 -1.92 0. 0.00037349266
 -1.92 0.07999992 0.0003717397
 -1.92 0.16000009 0.00036653754
 -1.92 0.24000001 0.00035805182
 -1.92 0.31999993 0.00034654775
 -1.92 0.4000001 0.0003323741
 -1.92 0.48000002 0.0003159427
 -1.92 0.55999994 0.00029770844
 -1.92 0.6400001 0.00027814443
 -1.92 0.72 0.00025772085
 -1.92 0.79999995 0.00023688712
 -1.92 0.8800001 0.000216054
 -1.92 0.96000004 0.0001955843
 -1.92 1.04 0.00017578472
 -1.92 1.1199999 0.00015690227
 -1.92 1.2 0.00013912441
 -1.92 1.28 0.00012258254
 -1.92 1.3599999 0.0001073562
 -1.92 1.44 0.00009348017
 -1.92 1.52 0.00008095113
 -1.92 1.5999999 0.00006973507
 -1.92 1.6800001 0.000059774102
 -1.92 1.76 0.00005099344
 -1.92 1.8399999 0.00004330684
 -1.92 1.9200001 0.0000366214
 -1.92 2. 0.000030842017
 -1.84 -2. 0.00003780072
 -1.84 -1.92 0.000045042427
 -1.84 -1.84 0.0000534554
 -1.84 -1.76 0.00006317083
 -1.84 -1.6800001 0.00007431824
 -1.84 -1.6 0.00008702091
 -1.84 -1.52 0.000101389065
 -1.84 -1.44 0.000117512354
 -1.84 -1.36 0.00013545068
 -1.84 -1.28 0.00015522508
 -1.84 -1.2 0.00017680577
 -1.84 -1.12 0.00020010353
 -1.84 -1.04 0.00022495906
 -1.84 -0.96000004 0.00025113497
 -1.84 -0.88 0.00027831027
 -1.84 -0.79999995 0.00030608
 -1.84 -0.72 0.0003339583
 -1.84 -0.64 0.00036138544
 -1.84 -0.55999994 0.0003877464
 -1.84 -0.48000002 0.00041238955
 -1.84 -0.39999998 0.0004346556
 -1.84 -0.32000005 0.00045390657
 -1.84 -0.24000001 0.00046956126
 -1.84 -0.15999997 0.00048112404
 -1.84 -0.08000004 0.0004882199
 -1.84 0. 0.00049061194
 -1.84 0.07999992 0.0004882199
 -1.84 0.16000009 0.00048112404
 -1.84 0.24000001 0.00046956126
 -1.84 0.31999993 0.00045390657
 -1.84 0.4000001 0.0004346556
 -1.84 0.48000002 0.00041238955
 -1.84 0.55999994 0.0003877464
 -1.84 0.6400001 0.00036138544
 -1.84 0.72 0.0003339583
 -1.84 0.79999995 0.00030608
 -1.84 0.8800001 0.00027831027
 -1.84 0.96000004 0.00025113497
 -1.84 1.04 0.00022495906
 -1.84 1.1199999 0.00020010391
 -1.84 1.2 0.00017680577
 -1.84 1.28 0.00015522508
 -1.84 1.3599999 0.00013545068
 -1.84 1.44 0.000117512354
 -1.84 1.52 0.000101389065
 -1.84 1.5999999 0.00008702091
 -1.84 1.6800001 0.00007431824
 -1.84 1.76 0.00006317083
 -1.84 1.8399999 0.0000534555
 -1.84 1.9200001 0.000045042427
 -1.84 2. 0.00003780072
 -1.76 -2. 0.00004618694
 -1.76 -1.92 0.00005523405
 -1.76 -1.84 0.00006579115
 -1.76 -1.76 0.00007803771
 -1.76 -1.6800001 0.00009215385
 -1.76 -1.6 0.00010831425
 -1.76 -1.52 0.00012668002
 -1.76 -1.44 0.00014738733
 -1.76 -1.36 0.00017053635
 -1.76 -1.28 0.00019617722
 -1.76 -1.2 0.00022429497
 -1.76 -1.12 0.0002547946
 -1.76 -1.04 0.00028748703
 -1.76 -0.96000004 0.0003220752
 -1.76 -0.88 0.00035814574
 -1.76 -0.79999995 0.00039516576
 -1.76 -0.72 0.0004324836
 -1.76 -0.64 0.00046934144
 -1.76 -0.55999994 0.00050489407
 -1.76 -0.48000002 0.0005382399
 -1.76 -0.39999998 0.0005684564
 -1.76 -0.32000005 0.0005946471
 -1.76 -0.24000001 0.00061598764
 -1.76 -0.15999997 0.00063177577
 -1.76 -0.08000004 0.00064147485
 -1.76 0. 0.00064474595
 -1.76 0.07999992 0.00064147485
 -1.76 0.16000009 0.00063177577
 -1.76 0.24000001 0.00061598764
 -1.76 0.31999993 0.0005946471
 -1.76 0.4000001 0.0005684564
 -1.76 0.48000002 0.0005382399
 -1.76 0.55999994 0.00050489407
 -1.76 0.6400001 0.00046934144
 -1.76 0.72 0.0004324836
 -1.76 0.79999995 0.00039516576
 -1.76 0.8800001 0.00035814574
 -1.76 0.96000004 0.0003220752
 -1.76 1.04 0.00028748703
 -1.76 1.1199999 0.00025479487
 -1.76 1.2 0.00022429497
 -1.76 1.28 0.00019617722
 -1.76 1.3599999 0.00017053651
 -1.76 1.44 0.00014738733
 -1.76 1.52 0.00012668002
 -1.76 1.5999999 0.00010831436
 -1.76 1.6800001 0.00009215385
 -1.76 1.76 0.00007803771
 -1.76 1.8399999 0.00006579115
 -1.76 1.9200001 0.00005523405
 -1.76 2. 0.00004618694
 -1.6800001 -2. 0.0000562491
 -1.6800001 -1.92 0.00006751598
 -1.6800001 -1.84 0.00008072324
 -1.6800001 -1.76 0.00009611516
 -1.6800001 -1.6800001 0.000113941205
 -1.6800001 -1.6 0.00013444749
 -1.6800001 -1.52 0.00015786632
 -1.6800001 -1.44 0.00018440255
 -1.6800001 -1.36 0.00021421631
 -1.6800001 -1.28 0.0002474066
 -1.6800001 -1.2 0.0002839868
 -1.6800001 -1.12 0.0003238669
 -1.6800001 -1.04 0.00036682744
 -1.6800001 -0.96000004 0.00041250343
 -1.6800001 -0.88 0.00046036716
 -1.6800001 -0.79999995 0.0005097195
 -1.6800001 -0.72 0.00055969163
 -1.6800001 -0.64 0.0006092563
 -1.6800001 -0.55999994 0.00065725396
 -1.6800001 -0.48000002 0.0007024331
 -1.6800001 -0.39999998 0.0007435035
 -1.6800001 -0.32000005 0.0007791995
 -1.6800001 -0.24000001 0.00080835103
 -1.6800001 -0.15999997 0.00082995475
 -1.6800001 -0.08000004 0.00084324175
 -1.6800001 0. 0.00084772607
 -1.6800001 0.07999992 0.00084324175
 -1.6800001 0.16000009 0.00082995475
 -1.6800001 0.24000001 0.00080835103
 -1.6800001 0.31999993 0.0007791995
 -1.6800001 0.4000001 0.0007435035
 -1.6800001 0.48000002 0.0007024331
 -1.6800001 0.55999994 0.00065725396
 -1.6800001 0.6400001 0.0006092563
 -1.6800001 0.72 0.00055969163
 -1.6800001 0.79999995 0.0005097195
 -1.6800001 0.8800001 0.00046036716
 -1.6800001 0.96000004 0.00041250343
 -1.6800001 1.04 0.00036682744
 -1.6800001 1.1199999 0.0003238669
 -1.6800001 1.2 0.0002839868
 -1.6800001 1.28 0.0002474066
 -1.6800001 1.3599999 0.00021421672
 -1.6800001 1.44 0.00018440255
 -1.6800001 1.52 0.00015786632
 -1.6800001 1.5999999 0.00013444749
 -1.6800001 1.6800001 0.000113941205
 -1.6800001 1.76 0.00009611516
 -1.6800001 1.8399999 0.00008072332
 -1.6800001 1.9200001 0.00006751598
 -1.6800001 2. 0.0000562491
 -1.6 -2. 0.00006826566
 -1.6 -1.92 0.00008224906
 -1.6 -1.84 0.00009871723
 -1.6 -1.76 0.000118001655
 -1.6 -1.6800001 0.00014044483
 -1.6 -1.6 0.00016639187
 -1.6 -1.52 0.00019617517
 -1.6 -1.44 0.00023009798
 -1.6 -1.36 0.00026841112
 -1.6 -1.28 0.000311289
 -1.6 -1.2 0.0003587992
 -1.6 -1.12 0.00041087132
 -1.6 -1.04 0.0004672647
 -1.6 -0.96000004 0.00052753824
 -1.6 -0.88 0.00059102505
 -1.6 -0.79999995 0.00065681536
 -1.6 -0.72 0.00072375446
 -1.6 -0.64 0.00079045136
 -1.6 -0.55999994 0.0008553177
 -1.6 -0.48000002 0.0009166148
 -1.6 -0.39999998 0.0009725319
 -1.6 -0.32000005 0.0010212781
 -1.6 -0.24000001 0.0010611877
 -1.6 -0.15999997 0.0010908223
 -1.6 -0.08000004 0.0011090706
 -1.6 0. 0.0011152329
 -1.6 0.07999992 0.0011090706
 -1.6 0.16000009 0.0010908223
 -1.6 0.24000001 0.0010611877
 -1.6 0.31999993 0.0010212781
 -1.6 0.4000001 0.0009725319
 -1.6 0.48000002 0.0009166148
 -1.6 0.55999994 0.0008553177
 -1.6 0.6400001 0.00079045136
 -1.6 0.72 0.00072375446
 -1.6 0.79999995 0.00065681536
 -1.6 0.8800001 0.00059102505
 -1.6 0.96000004 0.00052753824
 -1.6 1.04 0.0004672647
 -1.6 1.1199999 0.00041087132
 -1.6 1.2 0.0003587992
 -1.6 1.28 0.000311289
 -1.6 1.3599999 0.00026841112
 -1.6 1.44 0.00023009798
 -1.6 1.52 0.00019617517
 -1.6 1.5999999 0.00016639187
 -1.6 1.6800001 0.00014044483
 -1.6 1.76 0.000118001655
 -1.6 1.8399999 0.00009871742
 -1.6 1.9200001 0.00008224906
 -1.6 2. 0.00006826566
 -1.52 -2. 0.00008254397
 -1.52 -1.92 0.00009983526
 -1.52 -1.84 0.0001202969
 -1.52 -1.76 0.00014437527
 -1.52 -1.6800001 0.00017253951
 -1.52 -1.6 0.0002052687
 -1.52 -1.52 0.00024303631
 -1.52 -1.44 0.00028628483
 -1.52 -1.36 0.00033539906
 -1.52 -1.28 0.0003906707
 -1.52 -1.2 0.00045225813
 -1.52 -1.12 0.000520141
 -1.52 -1.04 0.00059407373
 -1.52 -0.96000004 0.0006735372
 -1.52 -0.88 0.0007577016
 -1.52 -0.79999995 0.0008453929
 -1.52 -0.72 0.000935083
 -1.52 -0.64 0.0010248964
 -1.52 -0.55999994 0.0011126552
 -1.52 -0.48000002 0.0011959409
 -1.52 -0.39999998 0.001272212
 -1.52 -0.32000005 0.0013389247
 -1.52 -0.24000001 0.0013936955
 -1.52 -0.15999997 0.0014344497
 -1.52 -0.08000004 0.0014595834
 -1.52 0. 0.0014680767
 -1.52 0.07999992 0.0014595834
 -1.52 0.16000009 0.0014344497
 -1.52 0.24000001 0.0013936955
 -1.52 0.31999993 0.0013389247
 -1.52 0.4000001 0.001272212
 -1.52 0.48000002 0.0011959409
 -1.52 0.55999994 0.0011126552
 -1.52 0.6400001 0.0010248964
 -1.52 0.72 0.000935083
 -1.52 0.79999995 0.0008453929
 -1.52 0.8800001 0.0007577016
 -1.52 0.96000004 0.0006735372
 -1.52 1.04 0.00059407373
 -1.52 1.1199999 0.000520141
 -1.52 1.2 0.00045225813
 -1.52 1.28 0.0003906707
 -1.52 1.3599999 0.00033539906
 -1.52 1.44 0.00028628483
 -1.52 1.52 0.00024303631
 -1.52 1.5999999 0.00020526891
 -1.52 1.6800001 0.00017253951
 -1.52 1.76 0.00014437527
 -1.52 1.8399999 0.0001202969
 -1.52 1.9200001 0.00009983526
 -1.52 2. 0.00008254397
 -1.44 -2. 0.00009941807
 -1.44 -1.92 0.00012071568
 -1.44 -1.84 0.00014604174
 -1.44 -1.76 0.00017599491
 -1.44 -1.6800001 0.00021121281
 -1.44 -1.6 0.0002523582
 -1.44 -1.52 0.0003000969
 -1.44 -1.44 0.00035507017
 -1.44 -1.36 0.00041785775
 -1.44 -1.28 0.0004889295
 -1.44 -1.2 0.00056859193
 -1.44 -1.12 0.0006569228
 -1.44 -1.04 0.00075370533
 -1.44 -0.96000004 0.0008583534
 -1.44 -0.88 0.0009698533
 -1.44 -0.79999995 0.0010867058
 -1.44 -0.72 0.0012069029
 -1.44 -0.64 0.0013279231
 -1.44 -0.55999994 0.001446783
 -1.44 -0.48000002 0.001560123
 -1.44 -0.39999998 0.0016643638
 -1.44 -0.32000005 0.0017558818
 -1.44 -0.24000001 0.0018312498
 -1.44 -0.15999997 0.0018874647
 -1.44 -0.08000004 0.0019221886
 -1.44 0. 0.0019339335
 -1.44 0.07999992 0.0019221886
 -1.44 0.16000009 0.0018874647
 -1.44 0.24000001 0.0018312498
 -1.44 0.31999993 0.0017558818
 -1.44 0.4000001 0.0016643638
 -1.44 0.48000002 0.001560123
 -1.44 0.55999994 0.001446783
 -1.44 0.6400001 0.0013279231
 -1.44 0.72 0.0012069029
 -1.44 0.79999995 0.0010867058
 -1.44 0.8800001 0.0009698533
 -1.44 0.96000004 0.0008583534
 -1.44 1.04 0.00075370533
 -1.44 1.1199999 0.0006569228
 -1.44 1.2 0.00056859193
 -1.44 1.28 0.0004889295
 -1.44 1.3599999 0.00041785813
 -1.44 1.44 0.00035507017
 -1.44 1.52 0.0003000969
 -1.44 1.5999999 0.0002523582
 -1.44 1.6800001 0.00021121281
 -1.44 1.76 0.00017599491
 -1.44 1.8399999 0.00014604174
 -1.44 1.9200001 0.00012071568
 -1.44 2. 0.00009941807
 -1.36 -2. 0.00011924412
 -1.36 -1.92 0.00014536601
 -1.36 -1.84 0.00017658384
 -1.36 -1.76 0.00021369621
 -1.36 -1.6800001 0.00025756436
 -1.36 -1.6 0.00030909784
 -1.36 -1.52 0.00036922813
 -1.36 -1.44 0.00043887505
 -1.36 -1.36 0.00051889714
 -1.36 -1.28 0.0006100311
 -1.36 -1.2 0.00071281777
 -1.36 -1.12 0.00082751183
 -1.36 -1.04 0.00095398206
 -1.36 -0.96000004 0.0010916132
 -1.36 -0.88 0.0012391949
 -1.36 -0.79999995 0.0013948451
 -1.36 -0.72 0.0015559419
 -1.36 -0.64 0.0017191134
 -1.36 -0.55999994 0.0018802809
 -1.36 -0.48000002 0.0020347792
 -1.36 -0.39999998 0.0021775519
 -1.36 -0.32000005 0.0023034245
 -1.36 -0.24000001 0.0024074446
 -1.36 -0.15999997 0.0024852417
 -1.36 -0.08000004 0.0025333853
 -1.36 0. 0.0025496853
 -1.36 0.07999992 0.0025333853
 -1.36 0.16000009 0.0024852406
 -1.36 0.24000001 0.0024074446
 -1.36 0.31999993 0.0023034245
 -1.36 0.4000001 0.0021775519
 -1.36 0.48000002 0.0020347792
 -1.36 0.55999994 0.0018802809
 -1.36 0.6400001 0.0017191118
 -1.36 0.72 0.0015559419
 -1.36 0.79999995 0.0013948451
 -1.36 0.8800001 0.0012391949
 -1.36 0.96000004 0.0010916132
 -1.36 1.04 0.00095398206
 -1.36 1.1199999 0.00082751183
 -1.36 1.2 0.00071281777
 -1.36 1.28 0.0006100311
 -1.36 1.3599999 0.0005188974
 -1.36 1.44 0.00043887505
 -1.36 1.52 0.00036922813
 -1.36 1.5999999 0.00030909784
 -1.36 1.6800001 0.00025756436
 -1.36 1.76 0.00021369621
 -1.36 1.8399999 0.00017658384
 -1.36 1.9200001 0.00014536601
 -1.36 2. 0.00011924412
 -1.28 -2. 0.00014239391
 -1.28 -1.92 0.0001742879
 -1.28 -1.84 0.00021259792
 -1.28 -1.76 0.00025838162
 -1.28 -1.6800001 0.0003127954
 -1.28 -1.6 0.0003770788
 -1.28 -1.52 0.00045252495
 -1.28 -1.44 0.0005404395
 -1.28 -1.36 0.0006420789
 -1.28 -1.28 0.0007585721
 -1.28 -1.2 0.00089082215
 -1.28 -1.12 0.0010393806
 -1.28 -1.04 0.0012043085
 -1.28 -0.96000004 0.0013850242
 -1.28 -0.88 0.0015801452
 -1.28 -0.79999995 0.001787348
 -1.28 -0.72 0.002003253
 -1.28 -0.64 0.00222338
 -1.28 -0.55999994 0.0024421695
 -1.28 -0.48000002 0.0026531427
 -1.28 -0.39999998 0.0028491495
 -1.28 -0.32000005 0.0030227727
 -1.28 -0.24000001 0.0031668206
 -1.28 -0.15999997 0.003274888
 -1.28 -0.08000004 0.003341904
 -1.28 0. 0.003364617
 -1.28 0.07999992 0.003341904
 -1.28 0.16000009 0.003274888
 -1.28 0.24000001 0.0031668206
 -1.28 0.31999993 0.0030227727
 -1.28 0.4000001 0.0028491495
 -1.28 0.48000002 0.0026531427
 -1.28 0.55999994 0.0024421695
 -1.28 0.6400001 0.0022233787
 -1.28 0.72 0.002003253
 -1.28 0.79999995 0.001787348
 -1.28 0.8800001 0.0015801445
 -1.28 0.96000004 0.0013850242
 -1.28 1.04 0.0012043085
 -1.28 1.1199999 0.0010393806
 -1.28 1.2 0.00089082215
 -1.28 1.28 0.0007585721
 -1.28 1.3599999 0.0006420789
 -1.28 1.44 0.0005404395
 -1.28 1.52 0.00045252495
 -1.28 1.5999999 0.00037707915
 -1.28 1.6800001 0.0003127954
 -1.28 1.76 0.00025838162
 -1.28 1.8399999 0.00021259792
 -1.28 1.9200001 0.0001742879
 -1.28 2. 0.00014239391
 -1.2 -2. 0.00016924393
 -1.2 -1.92 0.00020799678
 -1.2 -1.84 0.00025478587
 -1.2 -1.76 0.00031100295
 -1.2 -1.6800001 0.00037819054
 -1.2 -1.6 0.00045802494
 -1.2 -1.52 0.0005522865
 -1.2 -1.44 0.00066281046
 -1.2 -1.36 0.0007914161
 -1.2 -1.28 0.0009398003
 -1.2 -1.2 0.0011094129
 -1.2 -1.12 0.0013012878
 -1.2 -1.04 0.0015158454
 -1.2 -0.96000004 0.0017526721
 -1.2 -0.88 0.0020102805
 -1.2 -0.79999995 0.0022858805
 -1.2 -0.72 0.0025751805
 -1.2 -0.64 0.0028722761
 -1.2 -0.55999994 0.0031696383
 -1.2 -0.48000002 0.003458262
 -1.2 -0.39999998 0.0037280424
 -1.2 -0.32000005 0.003968291
 -1.2 -0.24000001 0.004168521
 -1.2 -0.15999997 0.004319267
 -1.2 -0.08000004 0.0044129775
 -1.2 0. 0.0044447775
 -1.2 0.07999992 0.0044129775
 -1.2 0.16000009 0.004319267
 -1.2 0.24000001 0.004168521
 -1.2 0.31999993 0.003968291
 -1.2 0.4000001 0.0037280405
 -1.2 0.48000002 0.003458262
 -1.2 0.55999994 0.0031696383
 -1.2 0.6400001 0.0028722761
 -1.2 0.72 0.0025751805
 -1.2 0.79999995 0.0022858805
 -1.2 0.8800001 0.0020102796
 -1.2 0.96000004 0.0017526721
 -1.2 1.04 0.0015158454
 -1.2 1.1199999 0.0013012878
 -1.2 1.2 0.0011094129
 -1.2 1.28 0.0009398003
 -1.2 1.3599999 0.0007914161
 -1.2 1.44 0.00066281046
 -1.2 1.52 0.0005522865
 -1.2 1.5999999 0.00045802494
 -1.2 1.6800001 0.00037819054
 -1.2 1.76 0.00031100295
 -1.2 1.8399999 0.00025478587
 -1.2 1.9200001 0.00020799678
 -1.2 2. 0.00016924393
 -1.12 -2. 0.00020016136
 -1.12 -1.92 0.00024700465
 -1.12 -1.84 0.00030385682
 -1.12 -1.76 0.0003725375
 -1.12 -1.6800001 0.00045508746
 -1.12 -1.6 0.00055375637
 -1.12 -1.52 0.0006709772
 -1.12 -1.44 0.0008093056
 -1.12 -1.36 0.0009713399
 -1.12 -1.28 0.0011595951
 -1.12 -1.2 0.0013763318
 -1.12 -1.12 0.0016233431
 -1.12 -1.04 0.0019016723
 -1.12 -0.96000004 0.0022113053
 -1.12 -0.88 0.0025508064
 -1.12 -0.79999995 0.0029169612
 -1.12 -0.72 0.0033044394
 -1.12 -0.64 0.00370555
 -1.12 -0.55999994 0.0041101472
 -1.12 -0.48000002 0.0045057787
 -1.12 -0.39999998 0.004878122
 -1.12 -0.32000005 0.00521175
 -1.12 -0.24000001 0.0054912535
 -1.12 -0.15999997 0.0057025473
 -1.12 -0.08000004 0.005834273
 -1.12 0. 0.0058790394
 -1.12 0.07999992 0.005834273
 -1.12 0.16000009 0.0057025473
 -1.12 0.24000001 0.0054912535
 -1.12 0.31999993 0.00521175
 -1.12 0.4000001 0.004878122
 -1.12 0.48000002 0.0045057787
 -1.12 0.55999994 0.0041101472
 -1.12 0.6400001 0.00370555
 -1.12 0.72 0.0033044394
 -1.12 0.79999995 0.0029169612
 -1.12 0.8800001 0.0025508064
 -1.12 0.96000004 0.0022113053
 -1.12 1.04 0.0019016723
 -1.12 1.1199999 0.0016233431
 -1.12 1.2 0.0013763318
 -1.12 1.28 0.0011595951
 -1.12 1.3599999 0.0009713408
 -1.12 1.44 0.0008093056
 -1.12 1.52 0.0006709772
 -1.12 1.5999999 0.0005537571
 -1.12 1.6800001 0.00045508746
 -1.12 1.76 0.0003725375
 -1.12 1.8399999 0.00030385682
 -1.12 1.9200001 0.00024700415
 -1.12 2. 0.00020016136
 -1.04 -2. 0.00023548811
 -1.04 -1.92 0.00029179687
 -1.04 -1.84 0.000360497
 -1.04 -1.76 0.00044394864
 -1.04 -1.6800001 0.0005448302
 -1.04 -1.6 0.0006661383
 -1.04 -1.52 0.0008111651
 -1.04 -1.44 0.0009834376
 -1.04 -1.36 0.0011866261
 -1.04 -1.28 0.0014243982
 -1.04 -1.2 0.0017002027
 -1.04 -1.12 0.0020169893
 -1.04 -1.04 0.0023768411
 -1.04 -0.96000004 0.0027805213
 -1.04 -0.88 0.0032269594
 -1.04 -0.79999995 0.0037126846
 -1.04 -0.72 0.0042312676
 -1.04 -0.64 0.0047728657
 -1.04 -0.55999994 0.005323945
 -1.04 -0.48000002 0.00586735
 -1.04 -0.39999998 0.006382793
 -1.04 -0.32000005 0.00684793
 -1.04 -0.24000001 0.007239985
 -1.04 -0.15999997 0.0075377896
 -1.04 -0.08000004 0.0077240714
 -1.04 0. 0.0077874847
 -1.04 0.07999992 0.0077240714
 -1.04 0.16000009 0.0075377896
 -1.04 0.24000001 0.007239985
 -1.04 0.31999993 0.00684793
 -1.04 0.4000001 0.006382793
 -1.04 0.48000002 0.00586735
 -1.04 0.55999994 0.005323945
 -1.04 0.6400001 0.0047728657
 -1.04 0.72 0.0042312676
 -1.04 0.79999995 0.0037126846
 -1.04 0.8800001 0.0032269594
 -1.04 0.96000004 0.0027805213
 -1.04 1.04 0.0023768411
 -1.04 1.1199999 0.0020169893
 -1.04 1.2 0.0017002027
 -1.04 1.28 0.0014243982
 -1.04 1.3599999 0.0011866272
 -1.04 1.44 0.0009834376
 -1.04 1.52 0.0008111651
 -1.04 1.5999999 0.0006661396
 -1.04 1.6800001 0.0005448302
 -1.04 1.76 0.00044394864
 -1.04 1.8399999 0.00036049736
 -1.04 1.9200001 0.00029179658
 -1.04 2. 0.00023548811
 -0.96000004 -2. 0.00027551627
 -0.96000004 -1.92 0.0003428038
 -0.96000004 -1.84 0.00042533394
 -0.96000004 -1.76 0.000526139
 -0.96000004 -1.6800001 0.0006487093
 -0.96000004 -1.6 0.0007969997
 -0.96000004 -1.52 0.00097542437
 -0.96000004 -1.44 0.0011888009
 -0.96000004 -1.36 0.0014422575
 -0.96000004 -1.28 0.0017410631
 -0.96000004 -1.2 0.0020903759
 -0.96000004 -1.12 0.0024948819
 -0.96000004 -1.04 0.0029583115
 -0.96000004 -0.96000004 0.0034828254
 -0.96000004 -0.88 0.004068272
 -0.96000004 -0.79999995 0.004711314
 -0.96000004 -0.72 0.005404565
 -0.96000004 -0.64 0.0061357263
 -0.96000004 -0.55999994 0.006887
 -0.96000004 -0.48000002 0.0076348986
 -0.96000004 -0.39999998 0.008350753
 -0.96000004 -0.32000005 0.009002113
 -0.96000004 -0.24000001 0.009555067
 -0.96000004 -0.15999997 0.009977515
 -0.96000004 -0.08000004 0.010242827
 -0.96000004 0. 0.010333328
 -0.96000004 0.07999992 0.010242827
 -0.96000004 0.16000009 0.009977515
 -0.96000004 0.24000001 0.009555067
 -0.96000004 0.31999993 0.009002113
 -0.96000004 0.4000001 0.008350753
 -0.96000004 0.48000002 0.0076348986
 -0.96000004 0.55999994 0.006887
 -0.96000004 0.6400001 0.0061357263
 -0.96000004 0.72 0.005404565
 -0.96000004 0.79999995 0.004711314
 -0.96000004 0.8800001 0.004068272
 -0.96000004 0.96000004 0.0034828254
 -0.96000004 1.04 0.0029583115
 -0.96000004 1.1199999 0.0024948819
 -0.96000004 1.2 0.0020903759
 -0.96000004 1.28 0.0017410631
 -0.96000004 1.3599999 0.001442259
 -0.96000004 1.44 0.0011888009
 -0.96000004 1.52 0.00097542437
 -0.96000004 1.5999999 0.00079700013
 -0.96000004 1.6800001 0.0006487093
 -0.96000004 1.76 0.000526139
 -0.96000004 1.8399999 0.00042533394
 -0.96000004 1.9200001 0.0003428038
 -0.96000004 2. 0.00027551627
 -0.88 -2. 0.000320467
 -0.88 -1.92 0.00040036853
 -0.88 -1.84 0.0004988867
 -0.88 -1.76 0.00061989034
 -0.88 -1.6800001 0.00076788105
 -0.88 -1.6 0.0009480325
 -0.88 -1.52 0.0011662038
 -0.88 -1.44 0.001428907
 -0.88 -1.36 0.0017432205
 -0.88 -1.28 0.0021166147
 -0.88 -1.2 0.0025566577
 -0.88 -1.12 0.003070578
 -0.88 -1.04 0.003664669
 -0.88 -0.96000004 0.0043434314
 -0.88 -0.88 0.005108553
 -0.88 -0.79999995 0.005957647
 -0.88 -0.72 0.006882834
 -0.88 -0.64 0.00786932
 -0.88 -0.55999994 0.008894159
 -0.88 -0.48000002 0.009925582
 -0.88 -0.39999998 0.01092325
 -0.88 -0.32000005 0.011839888
 -0.88 -0.24000001 0.012624752
 -0.88 -0.15999997 0.0132285515
 -0.88 -0.08000004 0.013609608
 -0.88 0. 0.013739928
 -0.88 0.07999992 0.013609608
 -0.88 0.16000009 0.0132285515
 -0.88 0.24000001 0.012624752
 -0.88 0.31999993 0.011839888
 -0.88 0.4000001 0.01092325
 -0.88 0.48000002 0.009925582
 -0.88 0.55999994 0.008894159
 -0.88 0.6400001 0.007869313
 -0.88 0.72 0.006882834
 -0.88 0.79999995 0.005957647
 -0.88 0.8800001 0.005108553
 -0.88 0.96000004 0.0043434314
 -0.88 1.04 0.003664669
 -0.88 1.1199999 0.0030705824
 -0.88 1.2 0.0025566577
 -0.88 1.28 0.0021166147
 -0.88 1.3599999 0.0017432205
 -0.88 1.44 0.001428907
 -0.88 1.52 0.0011662038
 -0.88 1.5999999 0.0009480325
 -0.88 1.6800001 0.00076788105
 -0.88 1.76 0.00061989034
 -0.88 1.8399999 0.0004988867
 -0.88 1.9200001 0.00040036853
 -0.88 2. 0.000320467
 -0.79999995 -2. 0.0003704573
 -0.79999995 -1.92 0.00046470432
 -0.79999995 -1.84 0.0005815189
 -0.79999995 -1.76 0.00072578934
 -0.79999995 -1.6800001 0.00090326846
 -0.79999995 -1.6 0.0011206559
 -0.79999995 -1.52 0.001385647
 -0.79999995 -1.44 0.0017069491
 -0.79999995 -1.36 0.002094212
 -0.79999995 -1.28 0.0025578758
 -0.79999995 -1.2 0.0031088507
 -0.79999995 -1.12 0.0037580307
 -0.79999995 -1.04 0.004515543
 -0.79999995 -0.96000004 0.005389659
 -0.79999995 -0.88 0.0063854232
 -0.79999995 -0.79999995 0.0075028087
 -0.79999995 -0.72 0.008734596
 -0.79999995 -0.64 0.010064015
 -0.79999995 -0.55999994 0.0114623895
 -0.79999995 -0.48000002 0.012887486
 -0.79999995 -0.39999998 0.0142829735
 -0.79999995 -0.32000005 0.015580109
 -0.79999995 -0.24000001 0.016702333
 -0.79999995 -0.15999997 0.017573066
 -0.79999995 -0.08000004 0.018125959
 -0.79999995 0. 0.01831565
 -0.79999995 0.07999992 0.018125959
 -0.79999995 0.16000009 0.017573066
 -0.79999995 0.24000001 0.016702333
 -0.79999995 0.31999993 0.015580109
 -0.79999995 0.4000001 0.0142829735
 -0.79999995 0.48000002 0.012887486
 -0.79999995 0.55999994 0.0114623895
 -0.79999995 0.6400001 0.010064006
 -0.79999995 0.72 0.008734596
 -0.79999995 0.79999995 0.0075028087
 -0.79999995 0.8800001 0.0063854204
 -0.79999995 0.96000004 0.005389659
 -0.79999995 1.04 0.004515543
 -0.79999995 1.1199999 0.003758036
 -0.79999995 1.2 0.0031088507
 -0.79999995 1.28 0.0025578758
 -0.79999995 1.3599999 0.002094213
 -0.79999995 1.44 0.0017069491
 -0.79999995 1.52 0.001385647
 -0.79999995 1.5999999 0.0011206559
 -0.79999995 1.6800001 0.00090326846
 -0.79999995 1.76 0.00072578934
 -0.79999995 1.8399999 0.0005815189
 -0.79999995 1.9200001 0.00046470432
 -0.79999995 2. 0.0003704573
 -0.72 -2. 0.0004254743
 -0.72 -1.92 0.00053585373
 -0.72 -1.84 0.0006733731
 -0.72 -1.76 0.0008441449
 -0.72 -1.6800001 0.0010554484
 -0.72 -1.6 0.0013158638
 -0.72 -1.52 0.001635391
 -0.72 -1.44 0.0020255246
 -0.72 -1.36 0.0024992577
 -0.72 -1.28 0.003070966
 -0.72 -1.2 0.0037561192
 -0.72 -1.12 0.0045707584
 -0.72 -1.04 0.005530618
 -0.72 -0.96000004 0.0066498336
 -0.72 -0.88 0.0079391105
 -0.72 -0.79999995 0.00940322
 -0.72 -0.72 0.011037847
 -0.72 -0.64 0.012825869
 -0.72 -0.55999994 0.014733251
 -0.72 -0.48000002 0.01670536
 -0.72 -0.39999998 0.018664643
 -0.72 -0.32000005 0.020511478
 -0.72 -0.24000001 0.022129836
 -0.72 -0.15999997 0.023399044
 -0.72 -0.08000004 0.024211261
 -0.72 0. 0.024491062
 -0.72 0.07999992 0.024211261
 -0.72 0.16000009 0.023399044
 -0.72 0.24000001 0.022129836
 -0.72 0.31999993 0.020511478
 -0.72 0.4000001 0.018664643
 -0.72 0.48000002 0.01670536
 -0.72 0.55999994 0.014733251
 -0.72 0.6400001 0.012825869
 -0.72 0.72 0.011037847
 -0.72 0.79999995 0.00940322
 -0.72 0.8800001 0.007939107
 -0.72 0.96000004 0.0066498336
 -0.72 1.04 0.005530618
 -0.72 1.1199999 0.0045707584
 -0.72 1.2 0.0037561192
 -0.72 1.28 0.003070966
 -0.72 1.3599999 0.0024992577
 -0.72 1.44 0.0020255246
 -0.72 1.52 0.001635391
 -0.72 1.5999999 0.0013158638
 -0.72 1.6800001 0.0010554484
 -0.72 1.76 0.0008441449
 -0.72 1.8399999 0.0006733731
 -0.72 1.9200001 0.00053585373
 -0.72 2. 0.0004254743
 -0.64 -2. 0.0004853419
 -0.64 -1.92 0.0006136467
 -0.64 -1.84 0.00077431113
 -0.64 -1.76 0.00097490125
 -0.64 -1.6800001 0.0012245236
 -0.64 -1.6 0.0015340436
 -0.64 -1.52 0.0019163004
 -0.64 -1.44 0.0023862815
 -0.64 -1.36 0.0029612328
 -0.64 -1.28 0.0036606628
 -0.64 -1.2 0.0045061116
 -0.64 -1.12 0.0055206977
 -0.64 -1.04 0.006728172
 -0.64 -0.96000004 0.0081514325
 -0.64 -0.88 0.009810297
 -0.64 -0.79999995 0.01171821
 -0.64 -0.72 0.013877821
 -0.64 -0.64 0.016275337
 -0.64 -0.55999994 0.01887371
 -0.64 -0.48000002 0.02160541
 -0.64 -0.39999998 0.024366353
 -0.64 -0.32000005 0.027013576
 -0.64 -0.24000001 0.02937072
 -0.64 -0.15999997 0.031244982
 -0.64 -0.08000004 0.032456703
 -0.64 0. 0.03287643
 -0.64 0.07999992 0.032456722
 -0.64 0.16000009 0.031244982
 -0.64 0.24000001 0.02937072
 -0.64 0.31999993 0.027013576
 -0.64 0.4000001 0.024366353
 -0.64 0.48000002 0.02160541
 -0.64 0.55999994 0.01887371
 -0.64 0.6400001 0.016275337
 -0.64 0.72 0.013877821
 -0.64 0.79999995 0.01171821
 -0.64 0.8800001 0.009810292
 -0.64 0.96000004 0.0081514325
 -0.64 1.04 0.006728172
 -0.64 1.1199999 0.0055206977
 -0.64 1.2 0.0045061116
 -0.64 1.28 0.0036606628
 -0.64 1.3599999 0.0029612344
 -0.64 1.44 0.0023862815
 -0.64 1.52 0.0019163004
 -0.64 1.5999999 0.001534045
 -0.64 1.6800001 0.0012245236
 -0.64 1.76 0.00097490125
 -0.64 1.8399999 0.00077431183
 -0.64 1.9200001 0.0006136467
 -0.64 2. 0.0004853419
 -0.55999994 -2. 0.0005496933
 -0.55999994 -1.92 0.00069765537
 -0.55999994 -1.84 0.0008838522
 -0.55999994 -1.76 0.0011175442
 -0.55999994 -1.6800001 0.0014099922
 -0.55999994 -1.6 0.0017747906
 -0.55999994 -1.52 0.002228209
 -0.55999994 -1.44 0.0027895265
 -0.55999994 -1.36 0.0034813094
 -0.55999994 -1.28 0.004329598
 -0.55999994 -1.2 0.005363867
 -0.55999994 -1.12 0.0066167144
 -0.55999994 -1.04 0.00812301
 -0.55999994 -0.96000004 0.009918381
 -0.55999994 -0.88 0.012036632
 -0.55999994 -0.79999995 0.01450576
 -0.55999994 -0.72 0.017342148
 -0.55999994 -0.64 0.020542467
 -0.55999994 -0.55999994 0.024072971
 -0.55999994 -0.48000002 0.027856635
 -0.55999994 -0.39999998 0.03175972
 -0.55999994 -0.32000005 0.035581414
 -0.55999994 -0.24000001 0.03905456
 -0.55999994 -0.15999997 0.041866925
 -0.55999994 -0.08000004 0.043710575
 -0.55999994 0. 0.044354014
 -0.55999994 0.07999992 0.043710575
 -0.55999994 0.16000009 0.041866925
 -0.55999994 0.24000001 0.03905456
 -0.55999994 0.31999993 0.035581414
 -0.55999994 0.4000001 0.03175972
 -0.55999994 0.48000002 0.027856635
 -0.55999994 0.55999994 0.024072971
 -0.55999994 0.6400001 0.020542458
 -0.55999994 0.72 0.017342148
 -0.55999994 0.79999995 0.01450576
 -0.55999994 0.8800001 0.012036626
 -0.55999994 0.96000004 0.009918381
 -0.55999994 1.04 0.00812301
 -0.55999994 1.1199999 0.0066167144
 -0.55999994 1.2 0.005363867
 -0.55999994 1.28 0.004329598
 -0.55999994 1.3599999 0.003481311
 -0.55999994 1.44 0.0027895265
 -0.55999994 1.52 0.002228209
 -0.55999994 1.5999999 0.0017747906
 -0.55999994 1.6800001 0.0014099922
 -0.55999994 1.76 0.0011175442
 -0.55999994 1.8399999 0.0008838522
 -0.55999994 1.9200001 0.00069765537
 -0.55999994 2. 0.0005496933
 -0.48000002 -2. 0.0006179467
 -0.48000002 -1.92 0.0007871594
 -0.48000002 -1.84 0.0010011166
 -0.48000002 -1.76 0.0012710175
 -0.48000002 -1.6800001 0.0016106187
 -0.48000002 -1.6 0.002036709
 -0.48000002 -1.52 0.0025696286
 -0.48000002 -1.44 0.0032338172
 -0.48000002 -1.36 0.00405835
 -0.48000002 -1.28 0.005077405
 -0.48000002 -1.2 0.0063305465
 -0.48000002 -1.12 0.007862767
 -0.48000002 -1.04 0.0097239185
 -0.48000002 -0.96000004 0.011967423
 -0.48000002 -0.88 0.01464772
 -0.48000002 -0.79999995 0.01781583
 -0.48000002 -0.72 0.021512374
 -0.48000002 -0.64 0.02575688
 -0.48000002 -0.55999994 0.030532343
 -0.48000002 -0.48000002 0.03576409
 -0.48000002 -0.39999998 0.041293487
 -0.48000002 -0.32000005 0.046850435
 -0.48000002 -0.24000001 0.052036494
 -0.48000002 -0.15999997 0.05634111
 -0.48000002 -0.08000004 0.059219062
 -0.48000002 0. 0.060234636
 -0.48000002 0.07999992 0.059219062
 -0.48000002 0.16000009 0.05634111
 -0.48000002 0.24000001 0.052036494
 -0.48000002 0.31999993 0.046850435
 -0.48000002 0.4000001 0.041293487
 -0.48000002 0.48000002 0.03576409
 -0.48000002 0.55999994 0.030532343
 -0.48000002 0.6400001 0.025756875
 -0.48000002 0.72 0.021512374
 -0.48000002 0.79999995 0.01781583
 -0.48000002 0.8800001 0.01464772
 -0.48000002 0.96000004 0.011967423
 -0.48000002 1.04 0.0097239185
 -0.48000002 1.1199999 0.007862767
 -0.48000002 1.2 0.0063305465
 -0.48000002 1.28 0.005077405
 -0.48000002 1.3599999 0.00405835
 -0.48000002 1.44 0.0032338172
 -0.48000002 1.52 0.0025696286
 -0.48000002 1.5999999 0.00203671
 -0.48000002 1.6800001 0.0016106187
 -0.48000002 1.76 0.0012710175
 -0.48000002 1.8399999 0.0010011166
 -0.48000002 1.9200001 0.0007871594
 -0.48000002 2. 0.0006179467
 -0.39999998 -2. 0.00068929006
 -0.39999998 -1.92 0.00088112033
 -0.39999998 -1.84 0.0011247819
 -0.39999998 -1.76 0.0014336578
 -0.39999998 -1.6800001 0.001824334
 -0.39999998 -1.6 0.002317259
 -0.39999998 -1.52 0.0029375006
 -0.39999998 -1.44 0.0037155696
 -0.39999998 -1.36 0.0046883123
 -0.39999998 -1.28 0.005899787
 -0.39999998 -1.2 0.0074020834
 -0.39999998 -1.12 0.009255879
 -0.39999998 -1.04 0.011530585
 -0.39999998 -0.96000004 0.014303666
 -0.39999998 -0.88 0.017658643
 -0.39999998 -0.79999995 0.021681016
 -0.39999998 -0.72 0.026450839
 -0.39999998 -0.64 0.032030318
 -0.39999998 -0.55999994 0.03844372
 -0.39999998 -0.48000002 0.04564642
 -0.39999998 -0.39999998 0.05347974
 -0.39999998 -0.32000005 0.06161076
 -0.39999998 -0.24000001 0.069469504
 -0.39999998 -0.15999997 0.07622356
 -0.39999998 -0.08000004 0.080873534
 -0.39999998 0. 0.08254284
 -0.39999998 0.07999992 0.080873534
 -0.39999998 0.16000009 0.076223545
 -0.39999998 0.24000001 0.069469504
 -0.39999998 0.31999993 0.06161076
 -0.39999998 0.4000001 0.05347974
 -0.39999998 0.48000002 0.04564642
 -0.39999998 0.55999994 0.03844372
 -0.39999998 0.6400001 0.032030318
 -0.39999998 0.72 0.026450839
 -0.39999998 0.79999995 0.021681016
 -0.39999998 0.8800001 0.017658636
 -0.39999998 0.96000004 0.014303666
 -0.39999998 1.04 0.011530585
 -0.39999998 1.1199999 0.009255879
 -0.39999998 1.2 0.0074020834
 -0.39999998 1.28 0.005899787
 -0.39999998 1.3599999 0.004688314
 -0.39999998 1.44 0.0037155696
 -0.39999998 1.52 0.0029375006
 -0.39999998 1.5999999 0.0023172612
 -0.39999998 1.6800001 0.001824334
 -0.39999998 1.76 0.0014336578
 -0.39999998 1.8399999 0.0011247819
 -0.39999998 1.9200001 0.00088112033
 -0.39999998 2. 0.00068929006
 -0.32000005 -2. 0.00076267484
 -0.32000005 -1.92 0.0009781645
 -0.32000005 -1.84 0.0012530623
 -0.32000005 -1.76 0.0016031504
 -0.32000005 -1.6800001 0.0020481534
 -0.32000005 -1.6 0.002612626
 -0.32000005 -1.52 0.003326993
 -0.32000005 -1.44 0.004228732
 -0.32000005 -1.36 0.0053637214
 -0.32000005 -1.28 0.0067877187
 -0.32000005 -1.2 0.008567847
 -0.32000005 -1.12 0.010784084
 -0.32000005 -1.04 0.013530452
 -0.32000005 -0.96000004 0.01691559
 -0.32000005 -0.88 0.021062264
 -0.32000005 -0.79999995 0.02610474
 -0.32000005 -0.72 0.032182824
 -0.32000005 -0.64 0.03942999
 -0.32000005 -0.55999994 0.047951605
 -0.32000005 -0.48000002 0.057786506
 -0.32000005 -0.39999998 0.06884096
 -0.32000005 -0.32000005 0.080780245
 -0.32000005 -0.24000001 0.09286845
 -0.32000005 -0.15999997 0.10379521
 -0.32000005 -0.08000004 0.11167569
 -0.32000005 0. 0.11458821
 -0.32000005 0.07999992 0.11167569
 -0.32000005 0.16000009 0.103795156
 -0.32000005 0.24000001 0.09286845
 -0.32000005 0.31999993 0.08078028
 -0.32000005 0.4000001 0.06884096
 -0.32000005 0.48000002 0.057786506
 -0.32000005 0.55999994 0.047951605
 -0.32000005 0.6400001 0.03942997
 -0.32000005 0.72 0.032182824
 -0.32000005 0.79999995 0.02610474
 -0.32000005 0.8800001 0.021062253
 -0.32000005 0.96000004 0.01691559
 -0.32000005 1.04 0.013530452
 -0.32000005 1.1199999 0.01078409
 -0.32000005 1.2 0.008567847
 -0.32000005 1.28 0.0067877187
 -0.32000005 1.3599999 0.0053637265
 -0.32000005 1.44 0.004228732
 -0.32000005 1.52 0.003326993
 -0.32000005 1.5999999 0.0026126273
 -0.32000005 1.6800001 0.0020481534
 -0.32000005 1.76 0.0016031504
 -0.32000005 1.8399999 0.0012530634
 -0.32000005 1.9200001 0.0009781645
 -0.32000005 2. 0.00076267484
 -0.24000001 -2. 0.0008368248
 -0.24000001 -1.92 0.0010765978
 -0.24000001 -1.84 0.0013837118
 -0.24000001 -1.76 0.0017765228
 -0.24000001 -1.6800001 0.0022781612
 -0.24000001 -1.6 0.002917672
 -0.24000001 -1.52 0.0037313893
 -0.24000001 -1.44 0.0047645774
 -0.24000001 -1.36 0.006073335
 -0.24000001 -1.28 0.0077268085
 -0.24000001 -1.2 0.009809656
 -0.24000001 -1.12 0.012424728
 -0.24000001 -1.04 0.015695853
 -0.24000001 -0.96000004 0.019770443
 -0.24000001 -0.88 0.024821524
 -0.24000001 -0.79999995 0.031048566
 -0.24000001 -0.72 0.038675457
 -0.24000001 -0.64 0.04794388
 -0.24000001 -0.55999994 0.059096806
 -0.24000001 -0.48000002 0.07234335
 -0.24000001 -0.39999998 0.087785885
 -0.24000001 -0.32000005 0.105269216
 -0.24000001 -0.24000001 0.12407889
 -0.24000001 -0.15999997 0.14239858
 -0.24000001 -0.08000004 0.15669554
 -0.24000001 0. 0.16228127
 -0.24000001 0.07999992 0.15669557
 -0.24000001 0.16000009 0.14239858
 -0.24000001 0.24000001 0.12407889
 -0.24000001 0.31999993 0.105269246
 -0.24000001 0.4000001 0.08778584
 -0.24000001 0.48000002 0.07234335
 -0.24000001 0.55999994 0.059096806
 -0.24000001 0.6400001 0.047943857
 -0.24000001 0.72 0.038675457
 -0.24000001 0.79999995 0.031048566
 -0.24000001 0.8800001 0.024821524
 -0.24000001 0.96000004 0.019770443
 -0.24000001 1.04 0.015695853
 -0.24000001 1.1199999 0.0124247335
 -0.24000001 1.2 0.009809656
 -0.24000001 1.28 0.0077268085
 -0.24000001 1.3599999 0.0060733412
 -0.24000001 1.44 0.0047645774
 -0.24000001 1.52 0.0037313893
 -0.24000001 1.5999999 0.002917672
 -0.24000001 1.6800001 0.0022781612
 -0.24000001 1.76 0.0017765228
 -0.24000001 1.8399999 0.0013837131
 -0.24000001 1.9200001 0.0010765978
 -0.24000001 2. 0.0008368248
 -0.15999997 -2. 0.0009102617
 -0.15999997 -1.92 0.0011744306
 -0.15999997 -1.84 0.0015140539
 -0.15999997 -1.76 0.0019501902
 -0.15999997 -1.6800001 0.0025095528
 -0.15999997 -1.6 0.003225967
 -0.15999997 -1.52 0.004142117
 -0.15999997 -1.44 0.0053117
 -0.15999997 -1.36 0.006802014
 -0.15999997 -1.28 0.008697063
 -0.15999997 -1.2 0.011101193
 -0.15999997 -1.12 0.014143388
 -0.15999997 -1.04 0.01798208
 -0.15999997 -0.96000004 0.022810623
 -0.15999997 -0.88 0.02886318
 -0.15999997 -0.79999995 0.036420815
 -0.15999997 -0.72 0.04581733
 -0.15999997 -0.64 0.057443533
 -0.15999997 -0.55999994 0.07174776
 -0.15999997 -0.48000002 0.08922554
 -0.15999997 -0.39999998 0.110381864
 -0.15999997 -0.32000005 0.13561465
 -0.15999997 -0.24000001 0.16487087
 -0.15999997 -0.15999997 0.19662575
 -0.15999997 -0.08000004 0.2252123
 -0.15999997 0. 0.23786697
 -0.15999997 0.07999992 0.22521238
 -0.15999997 0.16000009 0.19662568
 -0.15999997 0.24000001 0.16487087
 -0.15999997 0.31999993 0.13561474
 -0.15999997 0.4000001 0.11038178
 -0.15999997 0.48000002 0.08922554
 -0.15999997 0.55999994 0.07174776
 -0.15999997 0.6400001 0.057443522
 -0.15999997 0.72 0.04581733
 -0.15999997 0.79999995 0.036420815
 -0.15999997 0.8800001 0.028863166
 -0.15999997 0.96000004 0.022810623
 -0.15999997 1.04 0.01798208
 -0.15999997 1.1199999 0.014143394
 -0.15999997 1.2 0.011101193
 -0.15999997 1.28 0.008697063
 -0.15999997 1.3599999 0.0068020173
 -0.15999997 1.44 0.0053117
 -0.15999997 1.52 0.004142117
 -0.15999997 1.5999999 0.003225967
 -0.15999997 1.6800001 0.0025095528
 -0.15999997 1.76 0.0019501902
 -0.15999997 1.8399999 0.001514056
 -0.15999997 1.9200001 0.0011744306
 -0.15999997 2. 0.0009102617
 -0.08000004 -2. 0.0009813413
 -0.08000004 -1.92 0.0012694312
 -0.08000004 -1.84 0.0016410623
 -0.08000004 -1.76 0.002120036
 -0.08000004 -1.6800001 0.002736745
 -0.08000004 -1.6 0.0035299424
 -0.08000004 -1.52 0.0045489175
 -0.08000004 -1.44 0.0058562057
 -0.08000004 -1.36 0.0075309705
 -0.08000004 -1.28 0.009673103
 -0.08000004 -1.2 0.012408232
 -0.08000004 -1.12 0.015893923
 -0.08000004 -1.04 0.020327015
 -0.08000004 -0.96000004 0.025952596
 -0.08000004 -0.88 0.03307492
 -0.08000004 -0.79999995 0.04207067
 -0.08000004 -0.72 0.053405736
 -0.08000004 -0.64 0.06765695
 -0.08000004 -0.55999994 0.08554139
 -0.08000004 -0.48000002 0.10795866
 -0.08000004 -0.39999998 0.13605224
 -0.08000004 -0.32000005 0.17129345
 -0.08000004 -0.24000001 0.21554723
 -0.08000004 -0.15999997 0.27073422
 -0.08000004 -0.08000004 0.33496585
 -0.08000004 0. 0.3753876
 -0.08000004 0.07999992 0.334966
 -0.08000004 0.16000009 0.27073413
 -0.08000004 0.24000001 0.21554723
 -0.08000004 0.31999993 0.17129354
 -0.08000004 0.4000001 0.13605218
 -0.08000004 0.48000002 0.10795866
 -0.08000004 0.55999994 0.08554139
 -0.08000004 0.6400001 0.067656904
 -0.08000004 0.72 0.053405736
 -0.08000004 0.79999995 0.04207067
 -0.08000004 0.8800001 0.03307492
 -0.08000004 0.96000004 0.025952596
 -0.08000004 1.04 0.020327015
 -0.08000004 1.1199999 0.015893938
 -0.08000004 1.2 0.012408232
 -0.08000004 1.28 0.009673103
 -0.08000004 1.3599999 0.007530974
 -0.08000004 1.44 0.0058562057
 -0.08000004 1.52 0.0045489175
 -0.08000004 1.5999999 0.0035299442
 -0.08000004 1.6800001 0.002736745
 -0.08000004 1.76 0.002120036
 -0.08000004 1.8399999 0.0016410623
 -0.08000004 1.9200001 0.0012694305
 -0.08000004 2. 0.0009813413
 0. -2. 0.0010483165
 0. -1.92 0.0013592045
 0. -1.84 0.0017614544
 0. -1.76 0.0022815682
 0. -1.6800001 0.002953581
 0. -1.6 0.0038211555
 0. -1.52 0.0049402057
 0. -1.44 0.006382212
 0. -1.36 0.008238404
 0. -1.28 0.010624991
 0. -1.2 0.013689658
 0. -1.12 0.017619835
 0. -1.04 0.022652857
 0. -0.96000004 0.029089015
 0. -0.88 0.037307993
 0. -0.79999995 0.04779072
 0. -0.72 0.061148673
 0. -0.64 0.0781668
 0. -0.55999994 0.09986894
 0. -0.48000002 0.12762871
 0. -0.39999998 0.16337448
 0. -0.32000005 0.2100101
 0. -0.24000001 0.27240652
 0. -0.15999997 0.3602389
 0. -0.08000004 0.4996514
 0. 0. 1.
 0. 0.07999992 0.4996516
 0. 0.16000009 0.36023864
 0. 0.24000001 0.27240652
 0. 0.31999993 0.2100102
 0. 0.4000001 0.16337438
 0. 0.48000002 0.12762871
 0. 0.55999994 0.09986894
 0. 0.6400001 0.07816676
 0. 0.72 0.061148673
 0. 0.79999995 0.04779072
 0. 0.8800001 0.037307993
 0. 0.96000004 0.029089015
 0. 1.04 0.022652857
 0. 1.1199999 0.017619843
 0. 1.2 0.013689658
 0. 1.28 0.010624991
 0. 1.3599999 0.008238408
 0. 1.44 0.006382212
 0. 1.52 0.0049402057
 0. 1.5999999 0.0038211592
 0. 1.6800001 0.002953581
 0. 1.76 0.0022815682
 0. 1.8399999 0.001761456
 0. 1.9200001 0.0013592045
 0. 2. 0.0010483165
 0.07999992 -2. 0.001109405
 0.07999992 -1.92 0.0014412964
 0.07999992 -1.84 0.0018718442
 0.07999992 -1.76 0.0024301081
 0.07999992 -1.6800001 0.003153593
 0.07999992 -1.6 0.004090658
 0.07999992 -1.52 0.005303596
 0.07999992 -1.44 0.006872546
 0.07999992 -1.36 0.008900502
 0.07999992 -1.28 0.011519655
 0.07999992 -1.2 0.014899475
 0.07999992 -1.12 0.019257031
 0.07999992 -1.04 0.024870127
 0.07999992 -0.96000004 0.032094438
 0.07999992 -0.88 0.04138571
 0.07999992 -0.79999995 0.053329952
 0.07999992 -0.72 0.068685405
 0.07999992 -0.64 0.08844504
 0.07999992 -0.55999994 0.1139354
 0.07999992 -0.48000002 0.14698747
 0.07999992 -0.39999998 0.19026098
 0.07999992 -0.32000005 0.24792728
 0.07999992 -0.24000001 0.32730186
 0.07999992 -0.15999997 0.44341874
 0.07999992 -0.08000004 0.6343916
 0.07999992 0. 1.
 0.07999992 0.07999992 0.63439226
 0.07999992 0.16000009 0.44341847
 0.07999992 0.24000001 0.32730186
 0.07999992 0.31999993 0.24792743
 0.07999992 0.4000001 0.19026087
 0.07999992 0.48000002 0.14698747
 0.07999992 0.55999994 0.1139354
 0.07999992 0.6400001 0.08844504
 0.07999992 0.72 0.068685405
 0.07999992 0.79999995 0.053329952
 0.07999992 0.8800001 0.04138571
 0.07999992 0.96000004 0.032094438
 0.07999992 1.04 0.024870127
 0.07999992 1.1199999 0.019257031
 0.07999992 1.2 0.014899475
 0.07999992 1.28 0.011519655
 0.07999992 1.3599999 0.008900506
 0.07999992 1.44 0.006872546
 0.07999992 1.52 0.005303596
 0.07999992 1.5999999 0.0040906616
 0.07999992 1.6800001 0.003153593
 0.07999992 1.76 0.0024301081
 0.07999992 1.8399999 0.0018718451
 0.07999992 1.9200001 0.0014412964
 0.07999992 2. 0.001109405
 0.16000009 -2. 0.0011628693
 0.16000009 -1.92 0.0015133017
 0.16000009 -1.84 0.0019688925
 0.16000009 -1.76 0.0025610183
 0.16000009 -1.6800001 0.0033303278
 0.16000009 -1.6 0.004329464
 0.16000009 -1.52 0.0056265565
 0.16000009 -1.44 0.007309713
 0.16000009 -1.36 0.009492782
 0.16000009 -1.28 0.012322819
 0.16000009 -1.2 0.015989576
 0.16000009 -1.12 0.020737888
 0.16000009 -1.04 0.026883584
 0.16000009 -0.96000004 0.034834348
 0.16000009 -0.88 0.045117207
 0.16000009 -0.79999995 0.058415968
 0.16000009 -0.72 0.075623475
 0.16000009 -0.64 0.097918265
 0.16000009 -0.55999994 0.1268844
 0.16000009 -0.48000002 0.1647123
 0.16000009 -0.39999998 0.21456291
 0.16000009 -0.32000005 0.28127825
 0.16000009 -0.24000001 0.372863
 0.16000009 -0.15999997 0.5036268
 0.16000009 -0.08000004 0.699757
 0.16000009 0. 1.
 0.16000009 0.07999992 0.699757
 0.16000009 0.16000009 0.50362647
 0.16000009 0.24000001 0.372863
 0.16000009 0.31999993 0.28127825
 0.16000009 0.4000001 0.2145628
 0.16000009 0.48000002 0.1647123
 0.16000009 0.55999994 0.1268844
 0.16000009 0.6400001 0.09791822
 0.16000009 0.72 0.075623475
 0.16000009 0.79999995 0.058415968
 0.16000009 0.8800001 0.045117173
 0.16000009 0.96000004 0.034834348
 0.16000009 1.04 0.026883584
 0.16000009 1.1199999 0.020737894
 0.16000009 1.2 0.015989576
 0.16000009 1.28 0.012322819
 0.16000009 1.3599999 0.009492787
 0.16000009 1.44 0.007309713
 0.16000009 1.52 0.0056265565
 0.16000009 1.5999999 0.0043294677
 0.16000009 1.6800001 0.0033303278
 0.16000009 1.76 0.0025610183
 0.16000009 1.8399999 0.0019688935
 0.16000009 1.9200001 0.0015133003
 0.16000009 2. 0.0011628693
 0.24000001 -2. 0.0012071113
 0.24000001 -1.92 0.0015729885
 0.24000001 -1.84 0.0020494927
 0.24000001 -1.76 0.0026699598
 0.24000001 -1.6800001 0.003477719
 0.24000001 -1.6 0.004529079
 0.24000001 -1.52 0.0058971713
 0.24000001 -1.44 0.007676954
 0.24000001 -1.36 0.009991678
 0.24000001 -1.28 0.013001255
 0.24000001 -1.2 0.016913114
 0.24000001 -1.12 0.021996232
 0.24000001 -1.04 0.028599557
 0.24000001 -0.96000004 0.03717596
 0.24000001 -0.88 0.048314124
 0.24000001 -0.79999995 0.06278121
 0.24000001 -0.72 0.08158179
 0.24000001 -0.64 0.10604205
 0.24000001 -0.55999994 0.13793539
 0.24000001 -0.48000002 0.17968033
 0.24000001 -0.39999998 0.23467067
 0.24000001 -0.32000005 0.3078465
 0.24000001 -0.24000001 0.40668395
 0.24000001 -0.15999997 0.5427458
 0.24000001 -0.08000004 0.7332451
 0.24000001 0. 1.
 0.24000001 0.07999992 0.7332451
 0.24000001 0.16000009 0.54274553
 0.24000001 0.24000001 0.40668395
 0.24000001 0.31999993 0.30784658
 0.24000001 0.4000001 0.23467058
 0.24000001 0.48000002 0.17968033
 0.24000001 0.55999994 0.13793539
 0.24000001 0.6400001 0.10604203
 0.24000001 0.72 0.08158179
 0.24000001 0.79999995 0.06278121
 0.24000001 0.8800001 0.048314124
 0.24000001 0.96000004 0.03717596
 0.24000001 1.04 0.028599557
 0.24000001 1.1199999 0.021996232
 0.24000001 1.2 0.016913114
 0.24000001 1.28 0.013001255
 0.24000001 1.3599999 0.009991683
 0.24000001 1.44 0.007676954
 0.24000001 1.52 0.0058971713
 0.24000001 1.5999999 0.0045290813
 0.24000001 1.6800001 0.003477719
 0.24000001 1.76 0.0026699598
 0.24000001 1.8399999 0.0020494938
 0.24000001 1.9200001 0.0015729885
 0.24000001 2. 0.0012071113
 0.31999993 -2. 0.0012407476
 0.31999993 -1.92 0.001618432
 0.31999993 -1.84 0.0021109472
 0.31999993 -1.76 0.002753152
 0.31999993 -1.6800001 0.0035904583
 0.31999993 -1.6 0.0046820277
 0.31999993 -1.52 0.006104908
 0.31999993 -1.44 0.007959424
 0.31999993 -1.36 0.010376201
 0.31999993 -1.28 0.013525285
 0.31999993 -1.2 0.017627995
 0.31999993 -1.12 0.022972412
 0.31999993 -1.04 0.02993355
 0.31999993 -0.96000004 0.038999792
 0.31999993 -0.88 0.050807733
 0.31999993 -0.79999995 0.06618831
 0.31999993 -0.72 0.086229235
 0.31999993 -0.64 0.11236072
 0.31999993 -0.55999994 0.14647624
 0.31999993 -0.48000002 0.19110934
 0.31999993 -0.39999998 0.24969994
 0.31999993 -0.32000005 0.32699955
 0.31999993 -0.24000001 0.4296708
 0.31999993 -0.15999997 0.5670581
 0.31999993 -0.08000004 0.7518432
 0.31999993 0. 1.
 0.31999993 0.07999992 0.7518432
 0.31999993 0.16000009 0.5670577
 0.31999993 0.24000001 0.4296708
 0.31999993 0.31999993 0.32699955
 0.31999993 0.4000001 0.24969979
 0.31999993 0.48000002 0.19110934
 0.31999993 0.55999994 0.14647624
 0.31999993 0.6400001 0.11236067
 0.31999993 0.72 0.086229235
 0.31999993 0.79999995 0.06618831
 0.31999993 0.8800001 0.05080771
 0.31999993 0.96000004 0.038999792
 0.31999993 1.04 0.02993355
 0.31999993 1.1199999 0.022972418
 0.31999993 1.2 0.017627995
 0.31999993 1.28 0.013525285
 0.31999993 1.3599999 0.010376206
 0.31999993 1.44 0.007959424
 0.31999993 1.52 0.006104908
 0.31999993 1.5999999 0.004682032
 0.31999993 1.6800001 0.0035904583
 0.31999993 1.76 0.002753152
 0.31999993 1.8399999 0.0021109472
 0.31999993 1.9200001 0.0016184305
 0.31999993 2. 0.0012407476
 0.4000001 -2. 0.0012626962
 0.4000001 -1.92 0.0016481115
 0.4000001 -1.84 0.0021511258
 0.4000001 -1.76 0.002807603
 0.4000001 -1.6800001 0.0036643355
 0.4000001 -1.6 0.004782377
 0.4000001 -1.52 0.006241379
 0.4000001 -1.44 0.0081452355
 0.4000001 -1.36 0.0106295
 0.4000001 -1.28 0.013870981
 0.4000001 -1.2 0.018100299
 0.4000001 -1.12 0.023618279
 0.4000001 -1.04 0.03081736
 0.4000001 -0.96000004 0.04020951
 0.4000001 -0.88 0.05246287
 0.4000001 -0.79999995 0.06844997
 0.4000001 -0.72 0.089310884
 0.4000001 -0.64 0.116538264
 0.4000001 -0.55999994 0.15209001
 0.4000001 -0.48000002 0.19854377
 0.4000001 -0.39999998 0.25930887
 0.4000001 -0.32000005 0.33891726
 0.4000001 -0.24000001 0.44341692
 0.4000001 -0.15999997 0.5808601
 0.4000001 -0.08000004 0.76184
 0.4000001 0. 1.
 0.4000001 0.07999992 0.76184
 0.4000001 0.16000009 0.5808601
 0.4000001 0.24000001 0.44341692
 0.4000001 0.31999993 0.3389175
 0.4000001 0.4000001 0.25930867
 0.4000001 0.48000002 0.19854377
 0.4000001 0.55999994 0.15209001
 0.4000001 0.6400001 0.11653824
 0.4000001 0.72 0.089310884
 0.4000001 0.79999995 0.06844997
 0.4000001 0.8800001 0.05246287
 0.4000001 0.96000004 0.04020951
 0.4000001 1.04 0.03081736
 0.4000001 1.1199999 0.023618296
 0.4000001 1.2 0.018100299
 0.4000001 1.28 0.013870981
 0.4000001 1.3599999 0.0106295105
 0.4000001 1.44 0.0081452355
 0.4000001 1.52 0.006241379
 0.4000001 1.5999999 0.004782379
 0.4000001 1.6800001 0.0036643355
 0.4000001 1.76 0.002807603
 0.4000001 1.8399999 0.0021511267
 0.4000001 1.9200001 0.0016481115
 0.4000001 2. 0.0012626962
 0.48000002 -2. 0.0012722362
 0.48000002 -1.92 0.001661018
 0.48000002 -1.84 0.0021686072
 0.48000002 -1.76 0.0028313063
 0.48000002 -1.6800001 0.003696516
 0.48000002 -1.6 0.004826118
 0.48000002 -1.52 0.0063009034
 0.48000002 -1.44 0.008226353
 0.48000002 -1.36 0.010740161
 0.48000002 -1.28 0.014022139
 0.48000002 -1.2 0.01830698
 0.48000002 -1.12 0.023901133
 0.48000002 -1.04 0.031204676
 0.48000002 -0.96000004 0.040739957
 0.48000002 -0.88 0.05318889
 0.48000002 -0.79999995 0.06944185
 0.48000002 -0.72 0.090661325
 0.48000002 -0.64 0.118365265
 0.48000002 -0.55999994 0.15453592
 0.48000002 -0.48000002 0.20176208
 0.48000002 -0.39999998 0.2634257
 0.48000002 -0.32000005 0.34394538
 0.48000002 -0.24000001 0.4490952
 0.48000002 -0.15999997 0.5864188
 0.48000002 -0.08000004 0.76576835
 0.48000002 0. 1.
 0.48000002 0.07999992 0.7657693
 0.48000002 0.16000009 0.5864188
 0.48000002 0.24000001 0.4490952
 0.48000002 0.31999993 0.34394556
 0.48000002 0.4000001 0.26342562
 0.48000002 0.48000002 0.20176208
 0.48000002 0.55999994 0.15453592
 0.48000002 0.6400001 0.11836518
 0.48000002 0.72 0.090661325
 0.48000002 0.79999995 0.06944185
 0.48000002 0.8800001 0.053188864
 0.48000002 0.96000004 0.040739957
 0.48000002 1.04 0.031204676
 0.48000002 1.1199999 0.023901133
 0.48000002 1.2 0.01830698
 0.48000002 1.28 0.014022139
 0.48000002 1.3599999 0.010740161
 0.48000002 1.44 0.008226353
 0.48000002 1.52 0.0063009034
 0.48000002 1.5999999 0.00482612
 0.48000002 1.6800001 0.003696516
 0.48000002 1.76 0.0028313063
 0.48000002 1.8399999 0.0021686084
 0.48000002 1.9200001 0.0016610172
 0.48000002 2. 0.0012722362
 0.55999994 -2. 0.0012690462
 0.55999994 -1.92 0.0016567039
 0.55999994 -1.84 0.0021627622
 0.55999994 -1.76 0.0028233817
 0.55999994 -1.6800001 0.0036857533
 0.55999994 -1.6 0.004811488
 0.55999994 -1.52 0.0062809912
 0.55999994 -1.44 0.008199214
 0.55999994 -1.36 0.010703136
 0.55999994 -1.28 0.0139715485
 0.55999994 -1.2 0.0182378
 0.55999994 -1.12 0.023806442
 0.55999994 -1.04 0.031075004
 0.55999994 -0.96000004 0.040562343
 0.55999994 -0.88 0.052945763
 0.55999994 -0.79999995 0.069109686
 0.55999994 -0.72 0.0902092
 0.55999994 -0.64 0.11775384
 0.55999994 -0.55999994 0.15371804
 0.55999994 -0.48000002 0.20068733
 0.55999994 -0.39999998 0.26205388
 0.55999994 -0.32000005 0.34227502
 0.55999994 -0.24000001 0.44721654
 0.55999994 -0.15999997 0.58458894
 0.55999994 -0.08000004 0.76448077
 0.55999994 0. 1.
 0.55999994 0.07999992 0.76448077
 0.55999994 0.16000009 0.5845886
 0.55999994 0.24000001 0.44721654
 0.55999994 0.31999993 0.34227517
 0.55999994 0.4000001 0.2620538
 0.55999994 0.48000002 0.20068733
 0.55999994 0.55999994 0.15371804
 0.55999994 0.6400001 0.11775379
 0.55999994 0.72 0.0902092
 0.55999994 0.79999995 0.069109686
 0.55999994 0.8800001 0.05294575
 0.55999994 0.96000004 0.040562343
 0.55999994 1.04 0.031075004
 0.55999994 1.1199999 0.023806453
 0.55999994 1.2 0.0182378
 0.55999994 1.28 0.0139715485
 0.55999994 1.3599999 0.010703136
 0.55999994 1.44 0.008199214
 0.55999994 1.52 0.0062809912
 0.55999994 1.5999999 0.0048114923
 0.55999994 1.6800001 0.0036857533
 0.55999994 1.76 0.0028233817
 0.55999994 1.8399999 0.0021627634
 0.55999994 1.9200001 0.0016567031
 0.55999994 2. 0.0012690462
 0.6400001 -2. 0.0012532367
 0.6400001 -1.92 0.001635317
 0.6400001 -1.84 0.0021338013
 0.6400001 -1.76 0.0027841206
 0.6400001 -1.6800001 0.0036324698
 0.6400001 -1.6 0.0047390796
 0.6400001 -1.52 0.0061824755
 0.6400001 -1.44 0.00806501
 0.6400001 -1.36 0.010520105
 0.6400001 -1.28 0.013721641
 0.6400001 -1.2 0.017896188
 0.6400001 -1.12 0.023339083
 0.6400001 -1.04 0.030435186
 0.6400001 -0.96000004 0.039686315
 0.6400001 -0.88 0.051746894
 0.6400001 -0.79999995 0.06747164
 0.6400001 -0.72 0.08797833
 0.6400001 -0.64 0.11473315
 0.6400001 -0.55999994 0.14966781
 0.6400001 -0.48000002 0.19534397
 0.6400001 -0.39999998 0.2551899
 0.6400001 -0.32000005 0.3338399
 0.6400001 -0.24000001 0.4376109
 0.6400001 -0.15999997 0.57509214
 0.6400001 -0.08000004 0.75770545
 0.6400001 0. 1.
 0.6400001 0.07999992 0.75770634
 0.6400001 0.16000009 0.57509214
 0.6400001 0.24000001 0.4376109
 0.6400001 0.31999993 0.33384
 0.6400001 0.4000001 0.25518975
 0.6400001 0.48000002 0.19534397
 0.6400001 0.55999994 0.14966781
 0.6400001 0.6400001 0.11473309
 0.6400001 0.72 0.08797833
 0.6400001 0.79999995 0.06747164
 0.6400001 0.8800001 0.051746882
 0.6400001 0.96000004 0.039686315
 0.6400001 1.04 0.030435186
 0.6400001 1.1199999 0.023339095
 0.6400001 1.2 0.017896188
 0.6400001 1.28 0.013721641
 0.6400001 1.3599999 0.01052011
 0.6400001 1.44 0.00806501
 0.6400001 1.52 0.0061824755
 0.6400001 1.5999999 0.0047390796
 0.6400001 1.6800001 0.0036324698
 0.6400001 1.76 0.0027841206
 0.6400001 1.8399999 0.0021338034
 0.6400001 1.9200001 0.001635317
 0.6400001 2. 0.0012532367
 0.72 -2. 0.0012253309
 0.72 -1.92 0.0015975971
 0.72 -1.84 0.0020827614
 0.72 -1.76 0.002714984
 0.72 -1.6800001 0.0035387145
 0.72 -1.6 0.0046117986
 0.72 -1.52 0.006009481
 0.72 -1.44 0.007829611
 0.72 -1.36 0.0101994015
 0.72 -1.28 0.013284221
 0.72 -1.2 0.01729897
 0.72 -1.12 0.022522919
 0.72 -1.04 0.02931903
 0.72 -0.96000004 0.03815929
 0.72 -0.88 0.049658235
 0.72 -0.79999995 0.0646176
 0.72 -0.72 0.08408731
 0.72 -0.64 0.109451026
 0.72 -0.55999994 0.14255016
 0.72 -0.48000002 0.1858724
 0.72 -0.39999998 0.2428509
 0.72 -0.32000005 0.31834838
 0.72 -0.24000001 0.41942877
 0.72 -0.15999997 0.5564284
 0.72 -0.08000004 0.74388087
 0.72 0. 1.
 0.72 0.07999992 0.7438817
 0.72 0.16000009 0.5564284
 0.72 0.24000001 0.41942877
 0.72 0.31999993 0.31834847
 0.72 0.4000001 0.24285075
 0.72 0.48000002 0.1858724
 0.72 0.55999994 0.14255016
 0.72 0.6400001 0.10945097
 0.72 0.72 0.08408731
 0.72 0.79999995 0.0646176
 0.72 0.8800001 0.049658235
 0.72 0.96000004 0.03815929
 0.72 1.04 0.02931903
 0.72 1.1199999 0.02252293
 0.72 1.2 0.01729897
 0.72 1.28 0.013284221
 0.72 1.3599999 0.010199407
 0.72 1.44 0.007829611
 0.72 1.52 0.006009481
 0.72 1.5999999 0.0046118028
 0.72 1.6800001 0.0035387145
 0.72 1.76 0.002714984
 0.72 1.8399999 0.0020827614
 0.72 1.9200001 0.0015975963
 0.72 2. 0.0012253309
 0.79999995 -2. 0.0011862358
 0.79999995 -1.92 0.0015448136
 0.79999995 -1.84 0.002011429
 0.79999995 -1.76 0.002618489
 0.79999995 -1.6800001 0.0034080446
 0.79999995 -1.6 0.0044346666
 0.79999995 -1.52 0.005769104
 0.79999995 -1.44 0.007503059
 0.79999995 -1.36 0.009755294
 0.79999995 -1.28 0.012679593
 0.79999995 -1.2 0.016474945
 0.79999995 -1.12 0.021398813
 0.79999995 -1.04 0.02778435
 0.79999995 -0.96000004 0.03606284
 0.79999995 -0.88 0.04679368
 0.79999995 -0.79999995 0.0607045
 0.79999995 -0.72 0.078747325
 0.79999995 -0.64 0.10217989
 0.79999995 -0.55999994 0.13268998
 0.79999995 -0.48000002 0.17259823
 0.79999995 -0.39999998 0.2252123
 0.79999995 -0.32000005 0.29547864
 0.79999995 -0.24000001 0.39122388
 0.79999995 -0.15999997 0.5254021
 0.79999995 -0.08000004 0.719028
 0.79999995 0. 1.
 0.79999995 0.07999992 0.719028
 0.79999995 0.16000009 0.52540183
 0.79999995 0.24000001 0.39122388
 0.79999995 0.31999993 0.29547867
 0.79999995 0.4000001 0.22521219
 0.79999995 0.48000002 0.17259823
 0.79999995 0.55999994 0.13268998
 0.79999995 0.6400001 0.10217985
 0.79999995 0.72 0.078747325
 0.79999995 0.79999995 0.0607045
 0.79999995 0.8800001 0.04679366
 0.79999995 0.96000004 0.03606284
 0.79999995 1.04 0.02778435
 0.79999995 1.1199999 0.021398827
 0.79999995 1.2 0.016474945
 0.79999995 1.28 0.012679593
 0.79999995 1.3599999 0.0097552985
 0.79999995 1.44 0.007503059
 0.79999995 1.52 0.005769104
 0.79999995 1.5999999 0.004434671
 0.79999995 1.6800001 0.0034080446
 0.79999995 1.76 0.002618489
 0.79999995 1.8399999 0.00201143
 0.79999995 1.9200001 0.0015448121
 0.79999995 2. 0.0011862358
 0.8800001 -2. 0.0011371947
 0.8800001 -1.92 0.0014787051
 0.8800001 -1.84 0.001922238
 0.8800001 -1.76 0.0024980484
 0.8800001 -1.6800001 0.0032452606
 0.8800001 -1.6 0.004214448
 0.8800001 -1.52 0.005470899
 0.8800001 -1.44 0.0070988536
 0.8800001 -1.36 0.009206886
 0.8800001 -1.28 0.011934798
 0.8800001 -1.2 0.015462484
 0.8800001 -1.12 0.020021223
 0.8800001 -1.04 0.025908312
 0.8800001 -0.96000004 0.033506054
 0.8800001 -0.88 0.043306764
 0.8800001 -0.79999995 0.05594677
 0.8800001 -0.72 0.072253875
 0.8800001 -0.64 0.09331783
 0.8800001 -0.55999994 0.12060158
 0.8800001 -0.48000002 0.1561315
 0.8800001 -0.39999998 0.20285283
 0.8800001 -0.32000005 0.2653558
 0.8800001 -0.24000001 0.35151568
 0.8800001 -0.15999997 0.47654614
 0.8800001 -0.08000004 0.67295027
 0.8800001 0. 1.
 0.8800001 0.07999992 0.67295086
 0.8800001 0.16000009 0.47654593
 0.8800001 0.24000001 0.35151568
 0.8800001 0.31999993 0.2653559
 0.8800001 0.4000001 0.20285274
 0.8800001 0.48000002 0.1561315
 0.8800001 0.55999994 0.12060158
 0.8800001 0.6400001 0.09331776
 0.8800001 0.72 0.072253875
 0.8800001 0.79999995 0.05594677
 0.8800001 0.8800001 0.043306757
 0.8800001 0.96000004 0.033506054
 0.8800001 1.04 0.025908312
 0.8800001 1.1199999 0.020021223
 0.8800001 1.2 0.015462484
 0.8800001 1.28 0.011934798
 0.8800001 1.3599999 0.009206886
 0.8800001 1.44 0.0070988536
 0.8800001 1.52 0.005470899
 0.8800001 1.5999999 0.004214448
 0.8800001 1.6800001 0.0032452606
 0.8800001 1.76 0.0024980484
 0.8800001 1.8399999 0.001922239
 0.8800001 1.9200001 0.0014787051
 0.8800001 2. 0.0011371947
 0.96000004 -2. 0.0010797072
 0.96000004 -1.92 0.0014013638
 0.96000004 -1.84 0.0018181117
 0.96000004 -1.76 0.0023577563
 0.96000004 -1.6800001 0.0030560966
 0.96000004 -1.6 0.003959187
 0.96000004 -1.52 0.0051261783
 0.96000004 -1.44 0.0066329385
 0.96000004 -1.36 0.008576656
 0.96000004 -1.28 0.011081614
 0.96000004 -1.2 0.01430651
 0.96000004 -1.12 0.018453714
 0.96000004 -1.04 0.023780972
 0.96000004 -0.96000004 0.030616412
 0.96000004 -0.88 0.039378084
 0.96000004 -0.79999995 0.05059976
 0.96000004 -0.72 0.0649671
 0.96000004 -0.64 0.08337058
 0.96000004 -0.55999994 0.10698863
 0.96000004 -0.48000002 0.13743153
 0.96000004 -0.39999998 0.1770135
 0.96000004 -0.32000005 0.22932926
 0.96000004 -0.24000001 0.30066046
 0.96000004 -0.15999997 0.4041863
 0.96000004 -0.08000004 0.5777886
 0.96000004 0. 1.
 0.96000004 0.07999992 0.57778895
 0.96000004 0.16000009 0.40418613
 0.96000004 0.24000001 0.30066046
 0.96000004 0.31999993 0.22932929
 0.96000004 0.4000001 0.1770135
 0.96000004 0.48000002 0.13743153
 0.96000004 0.55999994 0.10698863
 0.96000004 0.6400001 0.08337052
 0.96000004 0.72 0.0649671
 0.96000004 0.79999995 0.05059976
 0.96000004 0.8800001 0.039378066
 0.96000004 0.96000004 0.030616412
 0.96000004 1.04 0.023780972
 0.96000004 1.1199999 0.018453721
 0.96000004 1.2 0.01430651
 0.96000004 1.28 0.011081614
 0.96000004 1.3599999 0.00857666
 0.96000004 1.44 0.0066329385
 0.96000004 1.52 0.0051261783
 0.96000004 1.5999999 0.0039591887
 0.96000004 1.6800001 0.0030560966
 0.96000004 1.76 0.0023577563
 0.96000004 1.8399999 0.0018181126
 0.96000004 1.9200001 0.0014013638
 0.96000004 2. 0.0010797072
 1.04 -2. 0.0010154534
 1.04 -1.92 0.0013151242
 1.04 -1.84 0.0017022965
 1.04 -1.76 0.0022021309
 1.04 -1.6800001 0.002846857
 1.04 -1.6 0.003677697
 1.04 -1.52 0.0047472604
 1.04 -1.44 0.0061225775
 1.04 -1.36 0.007888838
 1.04 -1.28 0.010154079
 1.04 -1.2 0.013054941
 1.04 -1.12 0.016763836
 1.04 -1.04 0.021497712
 1.04 -0.96000004 0.027529018
 1.04 -0.88 0.03519933
 1.04 -0.79999995 0.04493682
 1.04 -0.72 0.057279203
 1.04 -0.64 0.07290586
 1.04 -0.55999994 0.09268496
 1.04 -0.48000002 0.117749296
 1.04 -0.39999998 0.14962737
 1.04 -0.32000005 0.19048972
 1.04 -0.24000001 0.24364622
 1.04 -0.15999997 0.31459257
 1.04 -0.08000004 0.41230696
 1.04 0. 0.5066834
 1.04 0.07999992 0.41230714
 1.04 0.16000009 0.31459245
 1.04 0.24000001 0.24364622
 1.04 0.31999993 0.19048977
 1.04 0.4000001 0.14962737
 1.04 0.48000002 0.117749296
 1.04 0.55999994 0.09268496
 1.04 0.6400001 0.07290583
 1.04 0.72 0.057279203
 1.04 0.79999995 0.04493682
 1.04 0.8800001 0.035199314
 1.04 0.96000004 0.027529018
 1.04 1.04 0.021497712
 1.04 1.1199999 0.016763836
 1.04 1.2 0.013054941
 1.04 1.28 0.010154079
 1.04 1.3599999 0.007888838
 1.04 1.44 0.0061225775
 1.04 1.52 0.0047472604
 1.04 1.5999999 0.0036776986
 1.04 1.6800001 0.002846857
 1.04 1.76 0.0022021309
 1.04 1.8399999 0.0017022974
 1.04 1.9200001 0.0013151236
 1.04 2. 0.0010154534
 1.1199999 -2. 0.00094620336
 1.1199999 -1.92 0.0012224311
 1.1199999 -1.84 0.0015781753
 1.1199999 -1.76 0.0020358653
 1.1199999 -1.6800001 0.0026240463
 1.1199999 -1.6 0.0033790052
 1.1199999 -1.52 0.004346705
 1.1199999 -1.44 0.005585236
 1.1199999 -1.36 0.0071677626
 1.1199999 -1.28 0.009186135
 1.1199999 -1.2 0.011755203
 1.1199999 -1.12 0.015017986
 1.1199999 -1.04 0.01915175
 1.1199999 -0.96000004 0.024375081
 1.1199999 -0.88 0.030956304
 1.1199999 -0.79999995 0.039222796
 1.1199999 -0.72 0.049572058
 1.1199999 -0.64 0.062483914
 1.1199999 -0.55999994 0.07853433
 1.1199999 -0.48000002 0.09840785
 1.1199999 -0.39999998 0.12290147
 1.1199999 -0.32000005 0.15288451
 1.1199999 -0.24000001 0.18908054
 1.1199999 -0.15999997 0.23109841
 1.1199999 -0.08000004 0.27338433
 1.1199999 0. 0.29463455
 1.1199999 0.07999992 0.27338445
 1.1199999 0.16000009 0.23109832
 1.1199999 0.24000001 0.18908054
 1.1199999 0.31999993 0.1528846
 1.1199999 0.4000001 0.12290144
 1.1199999 0.48000002 0.09840785
 1.1199999 0.55999994 0.07853433
 1.1199999 0.6400001 0.0624839
 1.1199999 0.72 0.049572058
 1.1199999 0.79999995 0.039222796
 1.1199999 0.8800001 0.030956289
 1.1199999 0.96000004 0.024375081
 1.1199999 1.04 0.01915175
 1.1199999 1.1199999 0.015018
 1.1199999 1.2 0.011755203
 1.1199999 1.28 0.009186135
 1.1199999 1.3599999 0.0071677626
 1.1199999 1.44 0.005585236
 1.1199999 1.52 0.004346705
 1.1199999 1.5999999 0.0033790069
 1.1199999 1.6800001 0.0026240463
 1.1199999 1.76 0.0020358653
 1.1199999 1.8399999 0.0015781762
 1.1199999 1.9200001 0.0012224311
 1.1199999 2. 0.00094620336
 1.2 -2. 0.0008737325
 1.2 -1.92 0.0011257235
 1.2 -1.84 0.0014491035
 1.2 -1.76 0.0018635653
 1.2 -1.6800001 0.0023940154
 1.2 -1.6 0.0030718609
 1.2 -1.52 0.003936567
 1.2 -1.44 0.005037544
 1.2 -1.36 0.0064363857
 1.2 -1.28 0.008209503
 1.2 -1.2 0.010451172
 1.2 -1.12 0.013276926
 1.2 -1.04 0.016827352
 1.2 -0.96000004 0.021271985
 1.2 -0.88 0.026813151
 1.2 -0.79999995 0.033689167
 1.2 -0.72 0.042175688
 1.2 -0.64 0.05258391
 1.2 -0.55999994 0.06525084
 1.2 -0.48000002 0.08051315
 1.2 -0.39999998 0.098644845
 1.2 -0.32000005 0.11970773
 1.2 -0.24000001 0.14319745
 1.2 -0.15999997 0.16723727
 1.2 -0.08000004 0.18716867
 1.2 0. 0.19534397
 1.2 0.07999992 0.18716867
 1.2 0.16000009 0.16723725
 1.2 0.24000001 0.14319745
 1.2 0.31999993 0.11970779
 1.2 0.4000001 0.0986448
 1.2 0.48000002 0.08051315
 1.2 0.55999994 0.06525084
 1.2 0.6400001 0.05258391
 1.2 0.72 0.042175688
 1.2 0.79999995 0.033689167
 1.2 0.8800001 0.026813151
 1.2 0.96000004 0.021271985
 1.2 1.04 0.016827352
 1.2 1.1199999 0.013276926
 1.2 1.2 0.010451172
 1.2 1.28 0.008209503
 1.2 1.3599999 0.0064363857
 1.2 1.44 0.005037544
 1.2 1.52 0.003936567
 1.2 1.5999999 0.0030718623
 1.2 1.6800001 0.0023940154
 1.2 1.76 0.0018635653
 1.2 1.8399999 0.0014491042
 1.2 1.9200001 0.0011257235
 1.2 2. 0.0008737325
 1.28 -2. 0.00079974264
 1.28 -1.92 0.0010273258
 1.28 -1.84 0.001318249
 1.28 -1.76 0.0016895622
 1.28 -1.6800001 0.0021626642
 1.28 -1.6 0.0027643123
 1.28 -1.52 0.0035278238
 1.28 -1.44 0.004494472
 1.28 -1.36 0.005715113
 1.28 -1.28 0.0072519877
 1.28 -1.2 0.0091807
 1.28 -1.12 0.011592224
 1.28 -1.04 0.0145948455
 1.28 -0.96000004 0.01831565
 1.28 -0.88 0.02290113
 1.28 -0.79999995 0.028516013
 1.28 -0.72 0.035338975
 1.28 -0.64 0.04355256
 1.28 -0.55999994 0.053322908
 1.28 -0.48000002 0.06476102
 1.28 -0.39999998 0.07784988
 1.28 -0.32000005 0.09231103
 1.28 -0.24000001 0.10737529
 1.28 -0.15999997 0.12145822
 1.28 -0.08000004 0.13196558
 1.28 0. 0.13593884
 1.28 0.07999992 0.13196558
 1.28 0.16000009 0.12145822
 1.28 0.24000001 0.10737529
 1.28 0.31999993 0.09231103
 1.28 0.4000001 0.07784982
 1.28 0.48000002 0.06476102
 1.28 0.55999994 0.053322908
 1.28 0.6400001 0.043552537
 1.28 0.72 0.035338975
 1.28 0.79999995 0.028516013
 1.28 0.8800001 0.022901108
 1.28 0.96000004 0.01831565
 1.28 1.04 0.0145948455
 1.28 1.1199999 0.011592224
 1.28 1.2 0.0091807
 1.28 1.28 0.0072519877
 1.28 1.3599999 0.005715113
 1.28 1.44 0.004494472
 1.28 1.52 0.0035278238
 1.28 1.5999999 0.0027643137
 1.28 1.6800001 0.0021626642
 1.28 1.76 0.0016895622
 1.28 1.8399999 0.001318249
 1.28 1.9200001 0.0010273258
 1.28 2. 0.00079974264
 1.3599999 -2. 0.00072580215
 1.3599999 -1.92 0.0009293559
 1.3599999 -1.84 0.0011884749
 1.3599999 -1.76 0.0015177187
 1.3599999 -1.6800001 0.0019352029
 1.3599999 -1.6 0.0024633806
 1.3599999 -1.52 0.0031299202
 1.3599999 -1.44 0.0039687054
 1.3599999 -1.36 0.0050209514
 1.3599999 -1.28 0.0063363267
 1.3599999 -1.2 0.007974133
 1.3599999 -1.12 0.010004246
 1.3599999 -1.04 0.012507716
 1.3599999 -0.96000004 0.01557667
 1.3599999 -0.88 0.0193129
 1.3599999 -0.79999995 0.023824345
 1.3599999 -0.72 0.02921809
 1.3599999 -0.64 0.03558785
 1.3599999 -0.55999994 0.042992357
 1.3599999 -0.48000002 0.0514201
 1.3599999 -0.39999998 0.060733177
 1.3599999 -0.32000005 0.070584506
 1.3599999 -0.24000001 0.08031386
 1.3599999 -0.15999997 0.08886853
 1.3599999 -0.08000004 0.09487951
 1.3599999 0. 0.097064435
 1.3599999 0.07999992 0.09487951
 1.3599999 0.16000009 0.088868506
 1.3599999 0.24000001 0.08031386
 1.3599999 0.31999993 0.07058452
 1.3599999 0.4000001 0.060733162
 1.3599999 0.48000002 0.0514201
 1.3599999 0.55999994 0.042992357
 1.3599999 0.6400001 0.035587836
 1.3599999 0.72 0.02921809
 1.3599999 0.79999995 0.023824345
 1.3599999 0.8800001 0.019312887
 1.3599999 0.96000004 0.01557667
 1.3599999 1.04 0.012507716
 1.3599999 1.1199999 0.01000425
 1.3599999 1.2 0.007974133
 1.3599999 1.28 0.0063363267
 1.3599999 1.3599999 0.0050209514
 1.3599999 1.44 0.0039687054
 1.3599999 1.52 0.0031299202
 1.3599999 1.5999999 0.002463383
 1.3599999 1.6800001 0.0019352029
 1.3599999 1.76 0.0015177187
 1.3599999 1.8399999 0.0011884761
 1.3599999 1.9200001 0.0009293559
 1.3599999 2. 0.00072580215
 1.44 -2. 0.0006532914
 1.44 -1.92 0.00083366135
 1.44 -1.84 0.0010622493
 1.44 -1.76 0.0013513211
 1.44 -1.6800001 0.0017160045
 1.44 -1.6 0.002174862
 1.44 -1.52 0.002750517
 1.44 -1.44 0.0034703275
 1.44 -1.36 0.004367096
 1.44 -1.28 0.005479718
 1.44 -1.2 0.0068537025
 1.44 -1.12 0.008541455
 1.44 -1.04 0.010601994
 1.44 -0.96000004 0.0130999135
 1.44 -0.88 0.016103039
 1.44 -0.79999995 0.019677991
 1.44 -0.72 0.023882894
 1.44 -0.64 0.028755601
 1.44 -0.55999994 0.034295812
 1.44 -0.48000002 0.04043906
 1.44 -0.39999998 0.047021616
 1.44 -0.32000005 0.053738996
 1.44 -0.24000001 0.06011087
 1.44 -0.15999997 0.065484315
 1.44 -0.08000004 0.06912425
 1.44 0. 0.07041845
 1.44 0.07999992 0.06912425
 1.44 0.16000009 0.065484315
 1.44 0.24000001 0.06011087
 1.44 0.31999993 0.053738996
 1.44 0.4000001 0.047021616
 1.44 0.48000002 0.04043906
 1.44 0.55999994 0.034295812
 1.44 0.6400001 0.028755601
 1.44 0.72 0.023882894
 1.44 0.79999995 0.019677991
 1.44 0.8800001 0.016103022
 1.44 0.96000004 0.0130999135
 1.44 1.04 0.010601994
 1.44 1.1199999 0.008541455
 1.44 1.2 0.0068537025
 1.44 1.28 0.005479718
 1.44 1.3599999 0.004367096
 1.44 1.44 0.0034703275
 1.44 1.52 0.002750517
 1.44 1.5999999 0.0021748631
 1.44 1.6800001 0.0017160045
 1.44 1.76 0.0013513211
 1.44 1.8399999 0.0010622499
 1.44 1.9200001 0.00083366054
 1.44 2. 0.0006532914
 1.52 -2. 0.00058337726
 1.52 -1.92 0.0007417779
 1.52 -1.84 0.00094159
 1.52 -1.76 0.0011930156
 1.52 -1.6800001 0.0015085194
 1.52 -1.6 0.0019032317
 1.52 -1.52 0.00239538
 1.52 -1.44 0.0030067111
 1.52 -1.36 0.0037628883
 1.52 -1.28 0.004693808
 1.52 -1.2 0.005833708
 1.52 -1.12 0.007220984
 1.52 -1.04 0.008897472
 1.52 -0.96000004 0.01090699
 1.52 -0.88 0.013292712
 1.52 -0.79999995 0.016092913
 1.52 -0.72 0.019334493
 1.52 -0.64 0.023023598
 1.52 -0.55999994 0.027132567
 1.52 -0.48000002 0.031583313
 1.52 -0.39999998 0.036228165
 1.52 -0.32000005 0.0408325
 1.52 -0.24000001 0.045069065
 1.52 -0.15999997 0.04853885
 1.52 -0.08000004 0.05083387
 1.52 0. 0.051638845
 1.52 0.07999992 0.05083387
 1.52 0.16000009 0.04853885
 1.52 0.24000001 0.045069065
 1.52 0.31999993 0.04083252
 1.52 0.4000001 0.036228165
 1.52 0.48000002 0.031583313
 1.52 0.55999994 0.027132567
 1.52 0.6400001 0.023023576
 1.52 0.72 0.019334493
 1.52 0.79999995 0.016092913
 1.52 0.8800001 0.013292706
 1.52 0.96000004 0.01090699
 1.52 1.04 0.008897472
 1.52 1.1199999 0.007220984
 1.52 1.2 0.005833708
 1.52 1.28 0.004693808
 1.52 1.3599999 0.0037628883
 1.52 1.44 0.0030067111
 1.52 1.52 0.00239538
 1.52 1.5999999 0.0019032336
 1.52 1.6800001 0.0015085194
 1.52 1.76 0.0011930156
 1.52 1.8399999 0.00094159093
 1.52 1.9200001 0.0007417779
 1.52 2. 0.00058337726
 1.5999999 -2. 0.00051698805
 1.5999999 -1.92 0.00065491174
 1.5999999 -1.84 0.0008280514
 1.5999999 -1.76 0.0010447893
 1.5999999 -1.6800001 0.0013152679
 1.5999999 -1.6 0.0016516588
 1.5999999 -1.52 0.0020684393
 1.5999999 -1.44 0.0025826374
 1.5999999 -1.36 0.00321402
 1.5999999 -1.28 0.0039851656
 1.5999999 -1.2 0.0049213446
 1.5999999 -1.12 0.0060500586
 1.5999999 -1.04 0.007400206
 1.5999999 -0.96000004 0.009000473
 1.5999999 -0.88 0.01087697
 1.5999999 -0.79999995 0.0130495075
 1.5999999 -0.72 0.015526578
 1.5999999 -0.64 0.018298427
 1.5999999 -0.55999994 0.021328513
 1.5999999 -0.48000002 0.024543747
 1.5999999 -0.39999998 0.027825305
 1.5999999 -0.32000005 0.031003118
 1.5999999 -0.24000001 0.03385993
 1.5999999 -0.15999997 0.036150716
 1.5999999 -0.08000004 0.03764122
 1.5999999 0. 0.038159296
 1.5999999 0.07999992 0.037641235
 1.5999999 0.16000009 0.036150716
 1.5999999 0.24000001 0.03385993
 1.5999999 0.31999993 0.031003118
 1.5999999 0.4000001 0.027825305
 1.5999999 0.48000002 0.024543747
 1.5999999 0.55999994 0.021328513
 1.5999999 0.6400001 0.018298427
 1.5999999 0.72 0.015526578
 1.5999999 0.79999995 0.0130495075
 1.5999999 0.8800001 0.01087696
 1.5999999 0.96000004 0.009000473
 1.5999999 1.04 0.007400206
 1.5999999 1.1199999 0.0060500614
 1.5999999 1.2 0.0049213446
 1.5999999 1.28 0.0039851656
 1.5999999 1.3599999 0.0032140217
 1.5999999 1.44 0.0025826374
 1.5999999 1.52 0.0020684393
 1.5999999 1.5999999 0.0016516588
 1.5999999 1.6800001 0.0013152679
 1.5999999 1.76 0.0010447893
 1.5999999 1.8399999 0.0008280514
 1.5999999 1.9200001 0.00065491174
 1.5999999 2. 0.00051698805
 1.6800001 -2. 0.00045481976
 1.6800001 -1.92 0.00057393993
 1.6800001 -1.84 0.0007227278
 1.6800001 -1.76 0.00090799277
 1.6800001 -1.6800001 0.0011378896
 1.6800001 -1.6 0.001422086
 1.6800001 -1.52 0.0017719324
 1.6800001 -1.44 0.0022005732
 1.6800001 -1.36 0.0027230093
 1.6800001 -1.28 0.0033560125
 1.6800001 -1.2 0.004117884
 1.6800001 -1.12 0.005027928
 1.6800001 -1.04 0.0061055454
 1.6800001 -0.96000004 0.007368839
 1.6800001 -0.88 0.008832539
 1.6800001 -0.79999995 0.010505162
 1.6800001 -0.72 0.012385238
 1.6800001 -0.64 0.014456657
 1.6800001 -0.55999994 0.016683398
 1.6800001 -0.48000002 0.019004263
 1.6800001 -0.39999998 0.021329071
 1.6800001 -0.32000005 0.023538256
 1.6800001 -0.24000001 0.025488762
 1.6800001 -0.15999997 0.027028348
 1.6800001 -0.08000004 0.02801826
 1.6800001 0. 0.028360143
 1.6800001 0.07999992 0.028018273
 1.6800001 0.16000009 0.027028348
 1.6800001 0.24000001 0.025488762
 1.6800001 0.31999993 0.023538256
 1.6800001 0.4000001 0.021329071
 1.6800001 0.48000002 0.019004263
 1.6800001 0.55999994 0.016683398
 1.6800001 0.6400001 0.014456657
 1.6800001 0.72 0.012385238
 1.6800001 0.79999995 0.010505162
 1.6800001 0.8800001 0.008832539
 1.6800001 0.96000004 0.007368839
 1.6800001 1.04 0.0061055454
 1.6800001 1.1199999 0.0050279303
 1.6800001 1.2 0.004117884
 1.6800001 1.28 0.0033560125
 1.6800001 1.3599999 0.0027230107
 1.6800001 1.44 0.0022005732
 1.6800001 1.52 0.0017719324
 1.6800001 1.5999999 0.0014220866
 1.6800001 1.6800001 0.0011378896
 1.6800001 1.76 0.00090799277
 1.6800001 1.8399999 0.0007227278
 1.6800001 1.9200001 0.00057393993
 1.6800001 2. 0.00045481976
 1.76 -2. 0.00039734432
 1.76 -1.92 0.00049943227
 1.76 -1.84 0.00062629423
 1.76 -1.76 0.0007834037
 1.76 -1.6800001 0.000977241
 1.76 -1.6 0.0012153948
 1.76 -1.52 0.0015066561
 1.76 -1.44 0.0018610406
 1.76 -1.36 0.0022897664
 1.76 -1.28 0.0028051033
 1.76 -1.2 0.0034200766
 1.76 -1.12 0.0041479357
 1.76 -1.04 0.0050013573
 1.76 -0.96000004 0.0059912405
 1.76 -0.88 0.0071250987
 1.76 -0.79999995 0.008404927
 1.76 -0.72 0.009824589
 1.76 -0.64 0.0113668125
 1.76 -0.55999994 0.013000139
 1.76 -0.48000002 0.014676301
 1.76 -0.39999998 0.016329052
 1.76 -0.32000005 0.017875584
 1.76 -0.24000001 0.019221678
 1.76 -0.15999997 0.020271396
 1.76 -0.08000004 0.020940365
 1.76 0. 0.02117032
 1.76 0.07999992 0.020940365
 1.76 0.16000009 0.020271396
 1.76 0.24000001 0.019221678
 1.76 0.31999993 0.017875584
 1.76 0.4000001 0.016329052
 1.76 0.48000002 0.014676301
 1.76 0.55999994 0.013000139
 1.76 0.6400001 0.0113668125
 1.76 0.72 0.009824589
 1.76 0.79999995 0.008404927
 1.76 0.8800001 0.0071250955
 1.76 0.96000004 0.0059912405
 1.76 1.04 0.0050013573
 1.76 1.1199999 0.004147938
 1.76 1.2 0.0034200766
 1.76 1.28 0.0028051033
 1.76 1.3599999 0.0022897664
 1.76 1.44 0.0018610406
 1.76 1.52 0.0015066561
 1.76 1.5999999 0.0012153966
 1.76 1.6800001 0.000977241
 1.76 1.76 0.0007834037
 1.76 1.8399999 0.00062629423
 1.76 1.9200001 0.00049943227
 1.76 2. 0.00039734432
 1.8399999 -2. 0.0003448293
 1.8399999 -1.92 0.00043168274
 1.8399999 -1.84 0.00053905335
 1.8399999 -1.76 0.0006712944
 1.8399999 -1.6800001 0.00083350233
 1.8399999 -1.6 0.0010315708
 1.8399999 -1.52 0.0012722247
 1.8399999 -1.44 0.0015630047
 1.8399999 -1.36 0.0019121901
 1.8399999 -1.28 0.0023286238
 1.8399999 -1.2 0.0028214168
 1.8399999 -1.12 0.0033994715
 1.8399999 -1.04 0.0040707984
 1.8399999 -0.96000004 0.0048415773
 1.8399999 -0.88 0.0057149413
 1.8399999 -0.79999995 0.0066894544
 1.8399999 -0.72 0.0077573573
 1.8399999 -0.64 0.008902765
 1.8399999 -0.55999994 0.010099893
 1.8399999 -0.48000002 0.011312013
 1.8399999 -0.39999998 0.012491385
 1.8399999 -0.32000005 0.013581019
 1.8399999 -0.24000001 0.01451859
 1.8399999 -0.15999997 0.015242794
 1.8399999 -0.08000004 0.015701167
 1.8399999 0. 0.015858155
 1.8399999 0.07999992 0.015701167
 1.8399999 0.16000009 0.015242794
 1.8399999 0.24000001 0.01451859
 1.8399999 0.31999993 0.013581019
 1.8399999 0.4000001 0.012491385
 1.8399999 0.48000002 0.011312013
 1.8399999 0.55999994 0.010099893
 1.8399999 0.6400001 0.008902765
 1.8399999 0.72 0.0077573573
 1.8399999 0.79999995 0.0066894544
 1.8399999 0.8800001 0.0057149413
 1.8399999 0.96000004 0.0048415773
 1.8399999 1.04 0.0040707984
 1.8399999 1.1199999 0.0033994715
 1.8399999 1.2 0.0028214168
 1.8399999 1.28 0.0023286238
 1.8399999 1.3599999 0.0019121901
 1.8399999 1.44 0.0015630047
 1.8399999 1.52 0.0012722247
 1.8399999 1.5999999 0.0010315719
 1.8399999 1.6800001 0.00083350233
 1.8399999 1.76 0.0006712944
 1.8399999 1.8399999 0.00053905335
 1.8399999 1.9200001 0.0004316823
 1.8399999 2. 0.0003448293
 1.9200001 -2. 0.00029736623
 1.9200001 -1.92 0.00037074977
 1.9200001 -1.84 0.00046099344
 1.9200001 -1.76 0.0005715277
 1.9200001 -1.6800001 0.0007063192
 1.9200001 -1.6 0.00086989795
 1.9200001 -1.52 0.0010673546
 1.9200001 -1.44 0.0013043007
 1.9200001 -1.36 0.0015867678
 1.9200001 -1.28 0.0019210414
 1.9200001 -1.2 0.002313383
 1.9200001 -1.12 0.002769632
 1.9200001 -1.04 0.0032946656
 1.9200001 -0.96000004 0.003891673
 1.9200001 -0.88 0.00456127
 1.9200001 -0.79999995 0.0053004636
 1.9200001 -0.72 0.006101529
 1.9200001 -0.64 0.0069508986
 1.9200001 -0.55999994 0.007828308
 1.9200001 -0.48000002 0.0087063825
 1.9200001 -0.39999998 0.009551099
 1.9200001 -0.32000005 0.010323296
 1.9200001 -0.24000001 0.010981511
 1.9200001 -0.15999997 0.0114860535
 1.9200001 -0.08000004 0.0118036475
 1.9200001 0. 0.011912119
 1.9200001 0.07999992 0.0118036475
 1.9200001 0.16000009 0.0114860535
 1.9200001 0.24000001 0.010981511
 1.9200001 0.31999993 0.010323296
 1.9200001 0.4000001 0.009551099
 1.9200001 0.48000002 0.0087063825
 1.9200001 0.55999994 0.007828308
 1.9200001 0.6400001 0.0069508986
 1.9200001 0.72 0.006101529
 1.9200001 0.79999995 0.0053004636
 1.9200001 0.8800001 0.00456127
 1.9200001 0.96000004 0.003891673
 1.9200001 1.04 0.0032946656
 1.9200001 1.1199999 0.0027696348
 1.9200001 1.2 0.002313383
 1.9200001 1.28 0.0019210414
 1.9200001 1.3599999 0.0015867685
 1.9200001 1.44 0.0013043007
 1.9200001 1.52 0.0010673546
 1.9200001 1.5999999 0.00086989795
 1.9200001 1.6800001 0.0007063192
 1.9200001 1.76 0.0005715277
 1.9200001 1.8399999 0.00046099344
 1.9200001 1.9200001 0.00037074977
 1.9200001 2. 0.00029736623
 2. -2. 0.00025489862
 2. -1.92 0.0003164994
 2. -1.84 0.00039185543
 2. -1.76 0.00048364387
 2. -1.6800001 0.0005949259
 2. -1.6 0.0007291496
 2. -1.52 0.0008901279
 2. -1.44 0.0010819914
 2. -1.36 0.0013090841
 2. -1.28 0.001575809
 2. -1.2 0.0018863948
 2. -1.12 0.0022445738
 2. -1.04 0.002653159
 2. -0.96000004 0.0031135208
 2. -0.88 0.003624955
 2. -0.79999995 0.0041839923
 2. -0.72 0.0047836835
 2. -0.64 0.0054129963
 2. -0.55999994 0.006056371
 2. -0.48000002 0.006693708
 2. -0.39999998 0.007300896
 2. -0.32000005 0.007851004
 2. -0.24000001 0.008316261
 2. -0.15999997 0.008670653
 2. -0.08000004 0.008892751
 2. 0. 0.008968428
 2. 0.07999992 0.008892751
 2. 0.16000009 0.008670649
 2. 0.24000001 0.008316261
 2. 0.31999993 0.007851004
 2. 0.4000001 0.007300896
 2. 0.48000002 0.006693708
 2. 0.55999994 0.006056371
 2. 0.6400001 0.0054129935
 2. 0.72 0.0047836835
 2. 0.79999995 0.0041839923
 2. 0.8800001 0.003624955
 2. 0.96000004 0.0031135208
 2. 1.04 0.002653159
 2. 1.1199999 0.0022445738
 2. 1.2 0.0018863948
 2. 1.28 0.001575809
 2. 1.3599999 0.0013090841
 2. 1.44 0.0010819914
 2. 1.52 0.0008901279
 2. 1.5999999 0.0007291496
 2. 1.6800001 0.0005949259
 2. 1.76 0.00048364387
 2. 1.8399999 0.00039185543
 2. 1.9200001 0.0003164994
 2. 2. 0.00025489862
