 300.2 3.6960385 4.1374693 6.819986 4.3821445 3.866905
 300.4 4.1981263 2.3405108 7.063741 2.2340457 3.4286003
 300.6 3.163837 4.0659866 6.06428 3.1853192 5.2482476
 300.80002 2.9278986 3.564406 5.8802752 2.3610518 2.188586
 301. 2.8301346 4.695382 5.8159804 4.4033637 4.413698
 301.2 2.7776027 3.6097252 7.361472 1.1617343 2.8934772
 301.4 2.6924474 4.178611 6.4600663 2.4101572 2.4641142
 301.6 5.896008 2.2196586 8.054455 8.350934 2.288842
 301.80002 3.8938003 6.0546756 7.81876 1.981743 3.3679063
 302. 3.160218 2.7353055 4.473006 1.7414558 1.8921279
 302.2 2.271864 4.1919703 5.7706375 1.9379723 4.6383677
 302.4 2.660907 3.3295054 5.589222 2.4448383 1.7692804
 302.6 2.3718524 3.01741 3.9507687 1.6289383 2.3034782
 302.80002 5.0119057 3.2540622 7.591632 7.752259 5.1708527
 303. 2.297053 3.1513276 5.729614 1.6196316 2.6862466
 303.2 3.366576 3.4884555 6.37374 5.0771985 4.7866096
 303.4 2.2938435 5.149027 6.0983367 3.0900884 5.288732
 303.6 1.9368217 2.913896 5.526707 2.2433956 2.3371577
 303.80002 3.2108676 2.4835913 4.0248637 4.2672462 1.1768384
 304. 2.375298 2.8961728 4.6358547 2.4396114 3.7723851
 304.2 3.3330865 1.96938 4.9489145 3.3315217 1.6734624
 304.4 2.5962644 4.041455 4.739692 2.5083604 4.8318024
 304.6 2.5474815 2.624125 4.1071467 3.1709557 1.9865783
 304.80002 3.1923013 3.079409 4.770536 4.4577475 2.6645756
 305. 4.31591 1.6042875 4.666244 6.20708 1.5839412
 305.2 3.4839783 3.6418185 7.9137297 3.2896159 4.0818877
 305.4 2.5348372 3.60113 6.275766 1.365375 1.9245454
 305.6 3.801302 3.1908097 5.287586 3.7803924 3.0687416
 305.80002 1.7147543 3.4213843 4.0063353 1.3338195 3.79556
 306. 2.8978167 3.1552415 4.9407563 2.4336267 2.7065442
 306.2 2.296582 4.0595407 3.849919 1.2114341 5.0693693
 306.4 3.7679145 4.564793 6.47286 2.8852572 4.3372154
 306.6 2.0670934 1.6333975 2.719878 3.2748141 2.5708835
 306.80002 3.532579 3.9363084 7.5854707 6.115978 4.6506042
 307. 2.6092064 3.197874 4.2957883 1.7209202 2.8679776
 307.2 4.038039 3.9225724 6.016917 5.6707897 3.4832747
 307.4 3.8050714 2.398492 5.9350686 4.8938 2.503703
 307.6 3.2544162 4.2049336 8.13813 4.2308235 4.08776
 307.80002 2.5538793 4.012839 6.8609633 3.7736056 3.521109
 308. 2.5875502 2.835137 4.5444365 2.0242233 2.3246067
 308.2 1.8449997 2.4266963 3.3019466 3.1598942 3.0537252
 308.4 2.614594 3.5572236 5.7814507 3.023111 4.952174
 308.6 2.6577318 1.8539692 3.626224 3.5320446 2.4615483
 308.80002 3.8229187 3.4752998 10.456603 4.5393643 3.9124827
 309. 2.909444 1.7051251 3.6479182 1.9985884 1.8085737
 309.2 1.7627522 3.2111225 4.434524 1.2748672 4.160101
 309.4 2.5496173 2.4994056 3.4221058 2.0371375 3.8675847
 309.6 1.9291214 3.6609242 4.244714 1.5397989 4.136211
 309.80002 2.8220878 1.9342018 3.689896 4.2125635 2.11204
 310. 1.8813862 3.5953126 3.8373 1.2934828 3.8008058
 310.2 4.136082 3.5391297 6.464803 6.318294 4.5501046
 310.4 3.1051497 7.022499 7.4552946 2.5196955 4.614103
 310.6 3.6408489 2.4750745 4.9611607 3.1817515 2.3017766
 310.80002 4.933693 2.691857 7.30776 6.262588 1.9025047
 311. 1.3665048 4.543035 6.416065 1.758038 5.1740947
 311.2 3.359795 3.261032 5.087081 2.215025 2.2131402
 311.4 2.3631709 5.353333 6.218027 1.2588387 5.787593
 311.6 4.8745527 1.6138989 6.301766 4.5452147 1.8409089
 311.80002 2.94591 3.2678585 4.181591 2.2427497 4.1198
 312. 4.9698462 2.1300025 6.8086367 4.8200974 2.5411222
 312.2 2.7052987 2.592425 3.8238606 2.992738 2.2048442
 312.4 4.1767592 3.7230713 6.2681804 5.6122904 5.539913
 312.6 3.800441 3.609352 5.0643706 4.932944 3.630119
 312.80002 2.4234164 4.555175 4.517783 2.2610638 4.7516975
 313. 3.5704637 3.5551217 5.301921 3.8346279 5.1313276
 313.2 2.738194 3.2426045 5.314536 2.6493542 3.3595273
 313.4 4.0686274 1.9406707 4.893012 2.0120068 1.8206338
 313.6 2.640221 4.3117075 6.177632 3.5257554 4.2867694
 313.80002 2.1733394 3.2502084 4.2987127 3.0364895 3.026822
 314. 2.3466382 4.0425167 4.1877112 1.9258085 2.7338161
 314.2 3.2578614 2.074285 3.300592 4.547849 1.5154195
 314.4 1.7084074 2.3799393 2.917139 0.8279283 2.4076324
 314.6 2.703107 1.7851197 3.3840194 3.8185093 1.3749852
 314.80002 2.3028831 3.3871262 4.1090107 1.9065892 3.3965793
 315. 2.6691823 1.7358563 4.65232 1.9802463 1.0140213
 315.2 3.1277013 3.053346 3.4660904 3.1330242 3.3435645
 315.4 2.0391462 2.3624527 3.4370255 1.1984943 1.8276393
 315.6 2.6589534 1.9150581 3.8283958 3.3633618 2.149835
 315.80002 2.1240427 2.9666357 4.085729 1.6961756 1.5736345
 316. 2.7888958 2.8554032 4.985805 3.383962 2.791963
 316.2 2.450317 3.2848587 4.2330484 2.472 3.6057854
 316.4 2.9478388 2.8969388 4.466794 2.8139915 3.2866817
 316.6 2.3973389 3.337595 4.3845243 2.4438856 3.437217
 316.80002 3.2777832 1.3107717 3.3400676 1.7232919 0.7691655
 317. 2.260766 3.2234998 3.7888718 2.735788 3.5978553
 317.2 2.325006 2.0399086 2.8360744 2.082266 2.465115
 317.4 2.5404649 2.620404 3.6381652 2.8816612 3.3888252
 317.6 2.4983926 4.516321 3.8671746 2.3065243 6.0256686
 317.80002 2.9308476 3.0165234 5.1474557 3.761908 5.008742
 318. 2.2818658 3.059563 3.9474595 0.54196286 3.017598
 318.2 2.7503343 2.4540007 3.4999282 3.4264672 1.3903439
 318.4 3.1332183 2.607526 3.231237 3.980093 2.6865644
 318.6 2.1874769 3.1746428 4.3762875 1.6656533 3.5659974
 318.80002 1.7446007 3.762528 4.8678 0.74629325 2.747446
 319. 3.756895 2.933965 6.222701 4.0538483 3.3943193
 319.2 2.8856907 3.7530227 4.9266977 4.35702 4.943127
 319.4 3.2712073 4.2152166 4.407152 1.9150349 4.087124
 319.6 3.3493762 3.638768 6.273863 1.999571 4.312393
 319.80002 2.8978863 3.0284865 4.8679748 3.6951811 1.7372956
 320. 4.373532 2.812447 5.6933746 4.5789537 2.2606902
 320.2 2.8101718 3.3507113 4.8603067 3.106903 2.218376
 320.4 2.6857874 2.453113 4.1446543 3.6302888 2.158226
 320.6 3.3485942 2.2643375 3.834877 4.5210333 2.198617
 320.80002 4.610932 3.0498853 7.0517898 5.2777877 4.213706
 321. 2.7287917 2.4466848 4.6877966 2.2832534 1.9204324
 321.2 3.700807 2.0705476 4.749086 3.337104 2.6258967
 321.4 1.7617614 2.0467525 3.1258655 1.7310075 1.9069877
 321.6 2.6604285 1.5476673 3.871783 3.1636484 0.96515954
 321.80002 2.4787374 4.175289 5.409375 3.3100445 2.7822516
 322. 4.3494234 4.336099 5.8381987 6.010144 5.013842
 322.2 3.0992565 3.4621296 4.634727 3.9839447 5.5317593
 322.4 2.9652195 2.457081 4.43704 2.5497677 2.5650864
 322.6 4.2883277 4.389964 7.525365 4.2736526 3.802882
 322.80002 4.248024 2.109847 5.2753778 4.673187 2.812305
 323. 2.3021932 4.1050935 5.8553867 1.4593939 4.383904
 323.2 4.118834 2.156823 4.6032343 2.8156257 2.050189
 323.4 2.2175705 4.9048185 6.889768 2.4700909 7.6580296
 323.6 2.6186533 3.0914257 4.2403193 1.718181 2.9056103
 323.80002 3.3135993 2.6636925 6.686572 2.0381331 2.6255043
 324. 2.229105 3.9735394 5.2147408 2.7177522 3.3840544
 324.2 3.0539517 3.1632454 6.009238 2.40537 2.7999482
 324.4 1.9705889 4.343671 5.1872296 1.2875232 4.871859
 324.6 3.2387815 3.1853423 5.142771 4.169202 3.8342156
 324.80002 2.1825986 5.8919153 7.6839457 2.3074536 7.256279
 325. 3.7953727 3.537986 5.1660933 2.859476 2.435947
 325.2 2.965304 3.0637033 4.2656827 2.9377403 2.9879062
 325.4 2.3441079 3.5380282 5.6604795 3.3254564 3.2257438
 325.6 2.7568069 3.6620784 4.5617294 2.0188708 4.3577566
 325.80002 6.254834 2.3511436 7.16066 4.9441004 3.456892
 326. 2.6369483 3.5425994 4.8444448 2.4871793 5.1092916
 326.2 2.6025033 3.1641421 5.725648 1.787324 2.5651536
 326.4 3.657037 2.40091 6.024283 3.1267364 2.4081419
 326.6 2.6041875 5.285809 5.879649 2.375775 5.6283073
 326.80002 4.557128 1.6755955 6.6584916 3.4716637 2.1287255
 327. 2.459182 4.5177097 5.8958993 2.8565817 3.2127395
 327.2 3.0372782 2.982661 6.250953 3.8353157 3.5046303
 327.4 3.1991348 3.7428327 6.3291006 3.9192395 4.885492
 327.6 2.9547367 3.9932244 4.588641 2.3179104 2.350581
 327.80002 2.9169784 3.2156262 5.5156875 1.4707848 3.2071612
 328. 2.9374967 2.6373134 5.0443125 2.8945646 2.6619725
 328.2 2.3264847 3.0543327 4.7216926 2.802765 2.2877374
 328.4 2.9303856 3.542848 5.0557394 4.336014 5.412803
 328.6 5.395344 2.535686 9.515431 3.3625433 0.8904592
 328.80002 2.9684803 2.4901624 4.573241 4.439055 1.9266807
 329. 2.7238932 2.389075 6.2344074 3.4516175 1.8277771
 329.2 3.5440102 3.209612 5.7369013 4.9616547 4.015219
 329.4 2.2999358 2.267757 4.4977694 1.7265426 3.024314
 329.6 2.7684746 3.603814 5.294832 1.1012886 2.9246209
 329.80002 2.6330743 3.9296272 5.4134865 2.7159903 5.382968
 330. 3.510548 3.0058265 3.9798265 4.2827415 2.1880279
 330.2 3.6196647 2.8884044 5.9227314 4.1463633 1.9175836
 330.4 1.7291838 4.5443654 5.595453 2.401997 7.14092
 330.6 5.0778723 2.9280689 8.483007 8.277301 3.7786114
 330.80002 3.5209408 2.9515681 6.7988267 2.6783094 3.0045414
 331. 3.1621468 2.3328714 4.5469112 2.7672756 1.5892341
 331.2 3.2659461 3.4209843 6.2681804 3.7601135 4.6753283
 331.4 4.9869227 3.9478002 5.4122996 5.2974224 3.8101473
 331.6 2.6825774 2.5276005 5.9504623 3.2215896 1.6906861
 331.80002 3.2556813 4.1596313 6.762655 3.4229467 6.4511905
 332. 4.70271 1.9058708 5.6143045 1.7260069 1.5985408
 332.2 2.7788498 3.5845246 10.025975 1.9400384 3.3491275
 332.4 3.5703902 2.5165315 4.9229765 3.7930238 2.0079265
 332.6 1.8994334 3.7315185 4.252898 0.865369 3.6210837
 332.80002 3.561257 2.0775495 4.586708 2.618722 1.1286412
 333. 4.079877 2.0605192 6.162112 4.8580937 2.044899
 333.2 1.7693484 4.18567 4.490022 2.631722 4.70422
 333.4 5.1217813 2.5237083 7.421518 3.2733278 3.4494638
 333.6 2.8846202 3.8067327 5.123336 2.7889585 2.9907765
 333.80002 3.4606776 2.4099526 4.63147 2.215205 2.1808188
 334. 2.9692688 4.319608 5.9035425 2.588298 5.692956
 334.2 3.0885592 3.761723 4.5187416 3.8866837 4.741739
 334.4 3.9940326 3.9820075 6.833436 2.7795053 3.4072406
 334.6 3.0533323 5.670893 7.7606187 2.9893692 4.8243294
 334.80002 2.17803 3.3230267 3.9439492 1.0813605 2.660481
 335. 3.2881713 4.192855 6.127918 4.781543 3.140782
 335.2 2.2750201 4.2207365 5.6391726 1.9758745 4.0642734
 335.4 4.6201754 2.953731 6.148542 4.0148954 3.6696255
 335.6 3.105526 2.9808116 4.7662663 3.5154335 3.6025834
 335.80002 4.2391787 3.3851655 6.2024765 4.503076 3.2444165
 336. 3.638007 3.4287922 5.549923 4.7176423 4.3179765
 336.2 3.0903249 4.170472 6.588361 2.7028403 4.720402
 336.4 4.2860756 2.754354 5.3297625 2.740573 2.4255512
 336.6 3.220354 5.9315944 6.845792 3.7574904 7.2920604
 336.80002 2.8542094 3.4972062 7.1356034 3.2360075 2.5135868
 337. 2.3711534 3.944339 4.561114 3.1134725 2.6912389
 337.2 4.737223 2.411075 10.162699 7.772754 3.078157
 337.4 2.7890716 2.8116138 7.081481 2.6948113 2.4424915
 337.6 5.679667 6.140659 15.218616 8.265621 5.190433
 337.80002 2.3010635 3.8728395 6.442359 1.5045956 2.3194468
 338. 3.2980695 2.4886634 5.0878534 2.2524178 2.0562158
 338.2 1.787586 3.6564286 4.2737637 1.5142654 3.2753158
 338.4 3.3265164 3.4210212 5.261315 2.3794057 4.95118
 338.6 2.2055345 1.9191765 3.4538796 1.8304478 2.2523828
 338.80002 2.5713825 4.197253 5.012086 2.7049308 6.124308
 339. 2.951993 2.733612 5.152959 1.5027618 2.5180855
 339.2 2.5220306 4.244857 7.2109613 2.2207875 5.802162
 339.4 3.5414906 2.6244988 4.808702 3.202113 1.7364949
 339.6 2.534205 3.8868 8.065004 2.3902564 4.462479
 339.80002 2.996809 2.0671165 4.516767 2.5510874 0.5104255
 340. 3.340715 4.313566 5.372451 3.3202035 4.2431326
 340.2 3.247581 3.0315926 5.6678233 3.0891528 4.506074
 340.4 4.607236 1.9380515 5.2895923 6.4911776 1.691356
 340.6 3.6493752 2.9218404 4.144851 4.080667 3.6923342
 340.80002 2.5641778 1.4976507 3.1292977 2.5822446 1.4363701
 341. 2.1253848 3.5328288 5.7259774 1.5051115 5.363976
 341.2 3.573003 1.7637503 5.046436 6.117625 1.0707467
 341.4 4.250501 3.1833065 6.2483535 5.7400603 3.6291668
 341.6 4.320079 2.184033 6.683257 2.1386986 2.9670994
 341.80002 1.7614498 5.995727 6.1649013 2.6988766 5.1919475
 342. 3.988689 3.153022 6.196535 6.31367 1.8265517
 342.2 2.623903 3.2072837 4.567589 3.8298533 3.338242
 342.4 3.6124268 1.9900391 4.876558 5.046243 3.0996275
 342.6 2.8589797 3.1293576 5.726411 2.831081 2.3822155
 342.80002 3.2612395 5.0861244 10.84023 4.215518 2.5749502
 343. 3.7038143 2.6519334 5.2372484 3.2729218 3.3988125
 343.2 3.035715 2.451416 4.8741584 3.2014048 0.877811
 343.4 2.7441285 4.2112494 4.5852666 2.460095 5.475131
 343.6 9.317841 1.9819667 10.0063505 15.730148 1.9406302
 343.80002 3.1575038 2.8218853 6.332513 1.7191993 2.8242054
 344. 5.243966 5.4445553 10.423758 6.3205624 4.369722
 344.2 4.5336013 3.2411244 6.5213404 4.838144 3.4137018
 344.4 3.031565 3.7673175 6.359889 3.350464 2.8599863
 344.6 3.3942304 2.7140365 5.2082872 2.1044483 3.0123265
 344.80002 2.7987335 5.140733 9.158572 2.9877717 8.40059
 345. 4.593341 2.6632433 7.0023217 4.6074543 1.5206487
 345.2 3.8229432 5.635642 6.4017096 2.5034688 5.338544
 345.4 3.3463497 2.4853783 4.584034 4.6145377 1.9234389
 345.6 5.1325355 4.420218 6.1146903 5.2338486 5.310595
 345.80002 3.962524 3.7532082 5.395158 3.929414 4.0889225
 346. 3.6986396 2.8273132 4.9523525 3.5253053 3.2205732
 346.2 5.4689045 2.974132 8.055433 7.0185432 2.853844
 346.4 2.7040188 5.3633547 6.3716936 2.982307 8.620457
 346.6 3.436084 3.3767402 5.7189584 3.2281737 4.4578986
 346.80002 3.9662566 5.6670456 6.107984 4.742914 3.0224335
 347. 3.6937308 2.125824 5.043868 2.9145646 1.5527072
 347.2 3.7095997 4.559876 9.081556 4.4601135 4.559718
 347.4 3.0193257 4.179488 6.486614 3.2549262 3.1645882
 347.6 2.1940506 7.9686403 8.342753 0.8698034 9.872106
 347.80002 23.626245 2.3335016 24.728058 32.79621 1.4145743
 348. 2.6422791 3.7984662 5.7466936 2.232372 3.1470606
 348.2 3.9472759 2.7443058 7.5607634 3.4783194 0.8502546
 348.4 3.3018155 2.435581 6.2191887 4.3034325 2.3443244
 348.6 3.8030224 3.0991082 5.5546074 6.0591245 4.017837
 348.80002 3.5407906 2.2242484 5.1174207 4.7273493 2.5811672
 349. 2.7674532 9.6971655 13.996271 1.3067027 6.934496
 349.2 3.6390026 2.5005987 3.7321434 2.8412664 3.0132084
 349.4 2.5879555 2.4359155 4.289195 1.90474 2.5805392
 349.6 3.3456962 4.078479 7.135461 1.8663008 6.5874577
 349.80002 4.30832 2.6014564 8.133483 2.225359 1.3193101
 350. 3.1429687 3.4206154 5.70347 2.6493928 3.140238
 350.2 2.4545112 3.1054845 5.0167313 1.2403433 2.7122648
 350.4 4.6387568 2.8535314 5.8055086 5.514907 1.2996374
 350.6 3.2675285 2.739306 5.416977 2.7018268 1.1310583
 350.80002 2.9571052 4.985503 6.0384617 2.5351207 4.405718
 351. 2.6653094 1.8034885 4.2086706 3.8563383 1.0583682
 351.2 2.9314456 3.0339413 5.2926245 4.0580964 3.221959
 351.4 1.7394645 2.9174862 4.64547 1.583428 4.630514
 351.6 3.0164359 5.3690405 9.869406 3.4345489 8.011006
 351.80002 2.7962508 3.1707351 4.5619745 1.9371346 2.2415986
 352. 2.6913242 5.012821 8.857901 2.8761737 4.9290853
 352.2 2.7227669 3.5246212 3.522707 3.0657315 2.0968046
 352.4 2.7992725 6.405696 4.175283 2.1966734 7.8827286
 352.6 6.403801 1.5673382 8.82017 10.051452 1.5258387
 352.80002 2.613155 3.4619434 4.36249 1.4742004 4.8650675
 353. 3.537347 3.1209426 6.01018 4.910738 1.545643
 353.2 3.2586193 2.3439498 5.627508 2.502836 2.1301963
 353.4 3.516396 2.38304 5.0216017 3.4203947 1.2692257
 353.6 4.3291817 2.4070399 5.2545023 5.8250127 1.5009383
 353.80002 2.3173735 4.8948693 6.986552 1.2320062 4.657151
 354. 2.1425726 5.1313224 6.574327 1.4689299 1.7048763
 354.2 2.5361352 5.8030787 6.9505157 2.1569164 4.8802776
 354.4 1.8622547 5.5233994 5.9744997 1.2048259 2.9453382
 354.6 5.9389806 2.3758407 10.925899 4.6664767 3.0221605
 354.80002 2.6405053 3.4242702 5.02065 2.4833283 3.593741
 355. 2.1479752 4.1882677 7.067813 1.6055163 4.643791
 355.2 4.11943 2.0081599 6.2617054 4.2060943 1.5513349
 355.4 2.2669015 4.0403013 4.238023 1.0260476 5.7399173
 355.6 3.109789 2.877405 6.023032 4.2269454 3.538226
 355.80002 2.834989 2.6976876 4.536828 2.1537285 3.3396313
 356. 3.8932636 4.2094135 6.8240767 5.442552 4.4256086
 356.2 2.9470406 3.772266 4.4791183 3.5379183 3.881625
 356.4 4.633277 3.2046406 7.070497 5.183731 3.0528688
 356.6 2.6118236 2.360718 4.3408794 2.2433667 2.4821475
 356.80002 6.2440042 6.5171103 8.161617 5.1835966 10.422716
 357. 2.992931 4.002137 5.10205 3.6633067 3.0932748
 357.2 5.0151224 2.66824 6.847046 5.609747 2.6369479
 357.4 2.518878 4.0602736 3.725898 0.8840136 3.175286
 357.6 5.5770483 2.9038815 10.228743 1.805725 3.7675552
 357.80002 2.8219647 5.722563 7.7157426 2.200468 2.7741358
 358. 2.9940343 3.0544844 4.160182 2.0231867 2.1013772
 358.2 3.3134537 2.245994 5.205554 3.6275783 1.0551783
 358.4 2.1722977 5.1024647 4.205346 2.6175132 6.7243466
 358.6 5.0491953 2.620338 5.7352285 4.970279 2.4333625
 358.80002 3.3174732 2.319552 6.604758 3.4967964 2.1146016
 359. 2.116839 6.276813 9.74958 1.7068309 8.342218
 359.2 4.637603 3.3728995 5.5169563 5.6349907 2.446153
 359.4 4.66478 4.059063 6.6422377 5.1006474 2.8870988
 359.6 2.8440585 4.235056 7.0166955 1.9500184 4.2497454
 359.80002 5.095808 3.088348 6.469598 5.3947105 2.7363412
 360. 1.5521998 4.5376406 4.7051287 0.88056546 2.3014395
 360.2 5.030646 1.8551384 5.769508 7.1077423 0.86215746
 360.4 2.6888967 4.5808725 5.4849024 3.8302007 5.8926735
 360.6 3.2622643 2.0486116 4.421879 4.674909 2.4705274
 360.80002 1.4108187 4.460611 5.471223 0.9697034 5.35019
 361. 3.4592884 1.6713728 5.0314775 3.8614557 0.9151933
 361.2 2.5252407 3.6599128 4.1292357 0.9769113 4.556826
 361.4 3.6474395 4.881431 7.783567 5.272416 4.967991
 361.6 2.81713 3.7872963 6.9261675 1.4350733 5.6256304
 361.80002 1.96993 3.9419715 5.283384 1.4580737 5.4653816
 362. 2.0741584 3.8595479 4.544973 3.3926413 3.8706331
 362.2 2.0132287 1.9842869 3.0391016 2.317202 1.8056666
 362.4 2.8649268 4.2118425 5.961295 2.537342 5.9325643
 362.6 3.0092537 1.5442474 4.1481485 3.3158553 1.5293149
 362.80002 2.8426824 4.4008837 5.1711526 4.3585043 4.9877543
 363. 3.8525739 2.1599877 5.5777864 3.670694 1.218701
 363.2 2.1487236 4.3502693 5.576326 2.117843 5.548292
 363.4 3.515508 1.0154488 3.5741158 3.658432 1.1058085
 363.6 2.5219767 4.128371 3.987304 1.0621474 5.8083706
 363.80002 3.3202128 2.721218 4.4484763 3.4859138 2.5392346
 364. 5.626007 6.1715336 7.0957603 7.0750785 5.8422227
 364.2 4.636883 2.0101001 5.569523 3.6212227 1.6096133
 364.4 3.0164437 6.319253 7.783725 2.0901134 9.197852
 364.6 5.8321085 2.1039877 6.031242 4.2923 1.9234332
 364.80002 3.4662464 4.9774046 6.9797983 2.9318633 7.5459924
 365. 3.5816085 2.0508249 5.0752172 4.348847 0.914062
 365.2 2.6517377 5.044909 6.108637 2.2794578 5.6268907
 365.4 3.5704887 2.1298625 4.331521 3.6878297 1.830582
 365.6 3.9131923 3.7903123 7.014224 3.100306 4.527448
 365.80002 7.829347 3.073655 8.744154 5.6048484 2.4135141
 366. 5.038448 4.669697 8.485566 5.881999 4.967825
 366.2 3.3096898 5.9918847 7.3885603 3.9621918 8.887047
 366.4 4.769425 5.9444594 10.801312 5.567797 4.067609
 366.6 4.2730627 3.5307713 6.0411434 5.024616 3.1486778
 366.80002 1.3169806 6.891993 6.530268 0.5011775 7.8082395
 367. 4.7197943 1.8752178 5.2284756 4.647676 0.57135713
 367.2 1.9550657 2.955954 3.6480496 1.7946094 2.8289132
 367.4 4.6143675 2.3856215 9.012566 3.787502 2.269383
 367.6 1.8489605 3.0355756 3.4810207 0.991231 3.07331
 367.80002 4.0062947 2.1718967 5.933369 3.0045946 2.0223422
 368. 1.9288368 3.7744622 7.6885734 1.570082 3.3974779
 368.2 4.5777855 1.5831344 5.4482045 5.8161254 1.2347993
 368.4 2.5291688 4.898835 11.375204 2.083262 5.855368
 368.6 3.6947956 3.329028 5.249555 4.3459473 2.0902894
 368.80002 3.9486992 3.528333 5.992931 2.8761868 1.9324394
 369. 4.6134706 4.6980395 6.7182264 5.3418555 6.823225
 369.2 3.5229797 3.6619391 5.934228 4.498547 3.0725248
 369.4 2.1424868 3.394444 6.2539554 1.6764154 2.6042252
 369.6 3.1235607 4.439113 5.99019 2.9787574 4.805013
 369.80002 3.3410523 2.164412 3.924029 1.2303609 2.1140006
 370. 3.1547534 4.2800727 6.5854707 4.8547883 5.6076746
 370.2 2.411157 2.6235354 4.0543966 1.6215379 1.6905093
 370.4 3.6677337 6.413222 6.4584374 2.1476686 9.217446
 370.6 2.8634944 2.195974 3.6087177 3.144721 1.9938648
 370.80002 2.1233401 7.2553444 9.957395 1.8427117 7.7654133
 371. 3.4655986 3.6300054 6.0535483 1.8209679 3.7905564
 371.2 2.3347232 2.7644808 3.7892475 1.19157 1.9166783
 371.4 2.9785247 4.3580627 6.4492545 3.5374873 5.9228578
 371.6 2.492413 4.386165 4.94126 2.786723 5.142607
 371.80002 4.095261 1.9779221 4.991776 4.2584257 2.3172061
 372. 2.1990352 3.5674262 4.288505 2.4474118 4.9937835
 372.2 4.571397 2.2878137 5.052106 6.696179 2.6420362
 372.4 2.9157577 4.177125 5.5019736 2.0504563 3.5803144
 372.6 3.2614212 2.7872136 3.754209 1.9684776 2.355678
 372.80002 2.3480346 3.93086 4.369874 2.3791552 4.4715247
 373. 3.91465 2.4565856 5.474421 4.620838 2.6240795
 373.2 2.99739 7.716297 14.177752 2.704664 10.964905
 373.4 3.2346618 3.9192634 5.906685 4.292283 4.0724907
 373.6 3.03066 7.360433 8.442522 2.641279 9.411561
 373.80002 10.619406 3.64667 12.985318 15.438553 4.605655
 374. 1.9235909 3.7754562 5.6986165 1.4441361 4.938232
 374.2 4.829608 2.701134 5.0076776 2.6330528 2.7766702
 374.4 2.560038 4.5871315 5.769286 2.0385783 4.9172525
 374.6 3.629689 3.9086404 5.22835 4.965972 2.3145497
 374.80002 4.1052647 2.9443004 6.619029 4.2925353 4.075368
 375. 2.0717285 4.2965527 5.4048586 2.0180311 5.1723576
 375.2 3.9718132 3.3032036 6.392858 3.2611759 3.9766214
 375.4 3.2329128 6.5231094 6.432392 3.3418357 8.350929
 375.6 4.619553 3.959803 7.3995295 4.6870255 2.3430502
 375.80002 4.714832 3.4700184 6.607863 4.9130435 3.4396212
 376. 4.540619 3.0917938 6.5357146 4.404877 3.3466566
 376.2 3.9701436 3.5901692 8.366948 5.356746 2.7813814
 376.4 2.6597934 3.2345498 5.682624 1.7288004 2.1474433
 376.6 3.6988988 3.0209281 5.739241 3.4987965 2.676013
 376.80002 2.8743303 2.5394034 4.3255424 1.7649173 1.1446532
 377. 3.0903835 2.271565 3.5673547 2.3098352 1.9694173
 377.2 6.0213404 2.161677 3.6851 6.997323 2.7239606
 377.4 2.0446715 3.5655074 6.2127023 2.3512087 1.2445145
 377.6 2.5053952 2.4520853 3.5629992 1.6011034 3.130827
 377.80002 2.0906293 4.5801935 5.9838386 1.6535352 4.0708504
 378. 3.0300984 1.699981 3.8070636 3.1580987 2.0371037
 378.2 3.6311328 2.2445354 5.8054852 3.263257 2.6132185
 378.4 2.7964168 3.0403569 4.352562 1.2682047 2.1817749
 378.6 3.9081798 2.3841934 4.823854 2.9574664 1.4137796
 378.80002 1.9470409 2.6706696 3.2373664 1.8744966 3.107733
 379. 4.547053 2.58404 6.1043797 5.7274323 2.6104553
 379.2 2.8212807 3.0620275 4.600135 2.9669838 2.6706202
 379.4 4.077482 2.8257122 7.003717 4.7034187 2.0666556
 379.6 2.7653794 3.8246493 4.665814 2.222756 2.7008867
 379.80002 3.421373 3.0776258 6.4306602 4.9099116 4.877213
 380. 3.8631516 4.632376 8.581854 3.1289535 5.128206
 380.2 4.7400928 4.464858 6.9164276 3.397096 3.728041
 380.4 3.7980473 1.4283661 4.2438188 1.4088767 0.4176709
 380.6 6.678439 2.4236913 7.889805 4.812476 1.9688498
 380.80002 2.9294639 2.4691164 4.4802294 1.4898748 1.7157313
 381. 2.623882 3.6355712 4.566825 3.1620939 2.5791142
 381.2 2.9937458 3.4725537 5.0796 1.196026 2.2360346
 381.4 3.1704147 3.7059624 6.2793303 4.4987273 4.685005
 381.6 2.582285 3.462675 5.0666785 2.0552063 2.6155052
 381.80002 5.1223764 2.7803967 7.986249 6.3820744 3.1943254
 382. 2.863865 2.7905316 7.4402885 1.4831467 1.9576802
 382.2 2.5875752 3.8574173 6.045756 3.163254 3.142445
 382.4 2.2465281 3.120191 5.0036216 2.3262148 3.2502584
 382.6 2.773199 5.6149797 8.807 3.9219105 3.6590192
 382.80002 3.2720027 2.9334774 5.232986 1.281974 2.9697456
 383. 1.6686122 4.921586 8.16163 2.357243 6.091966
 383.2 4.158956 1.7187088 4.5587397 3.1497328 2.0108788
 383.4 1.8880256 5.5697417 5.778793 1.0892777 8.263372
 383.6 3.8271613 1.5088031 4.4851995 3.623932 1.6383226
 383.80002 2.5706935 3.9592242 4.9409165 2.0674021 5.323698
 384. 2.7968802 1.6040996 3.8686328 3.4280102 1.4225957
 384.2 2.3216264 5.6609774 6.986014 2.6476042 8.433234
 384.4 4.7209134 2.6456776 4.8058424 4.4902215 2.3736064
 384.6 2.5635948 2.972829 4.3034115 2.8578572 2.6349347
 384.80002 4.7334766 2.3433456 9.866003 3.3680527 0.93700856
 385. 4.81853 3.102829 6.81509 3.444361 2.6957445
 385.2 4.6996403 4.4625216 5.973748 2.8829007 4.466721
 385.4 2.971693 2.1145806 5.4290695 3.867296 0.88808995
 385.6 2.6401062 6.477684 7.7474885 2.2423174 8.47345
 385.80002 3.8149223 2.5866826 5.7129626 3.910067 1.0339382
 386. 3.8034267 2.772441 6.5424347 4.780612 2.6500099
 386.2 2.4887342 3.7709465 4.704753 1.7018452 4.945223
 386.4 3.0866919 2.157658 3.807326 3.3393323 1.5600151
 386.6 2.777701 4.3865266 5.073629 4.173381 5.844161
 386.80002 4.101899 2.4032414 5.31381 3.3339362 1.5762854
 387. 2.5736942 3.5762603 5.5981283 1.774851 4.6923027
 387.2 3.9454484 2.358214 4.916498 5.0684857 3.204755
 387.4 3.6126907 3.6616752 5.8871393 3.642586 3.1631868
 387.6 3.0150313 3.2850025 5.8302813 1.619097 3.038265
 387.80002 2.8589158 4.391712 5.418572 1.9723995 1.8353844
 388. 3.427695 4.9477954 7.334056 4.506026 5.4362354
 388.2 2.7008166 3.5243332 4.9461017 2.2351663 4.1447406
 388.4 5.258551 3.0207946 6.0457053 7.6460533 2.0893152
 388.6 2.6022525 3.7812493 4.386244 2.2521229 6.318798
 388.80002 4.7573595 4.0231586 7.380666 3.3786438 4.0941696
 389. 2.5835176 4.291618 5.856889 2.3506198 2.35889
 389.2 5.25119 3.6529298 5.698134 1.5005797 4.8158646
 389.4 2.7448468 3.7138362 6.4336586 2.104799 2.5767689
 389.6 3.874578 6.4620085 8.677801 4.7759657 8.7544985
 389.80002 3.5116882 4.4839363 4.093658 2.6640086 2.7357469
 390. 3.9177341 5.227377 8.126062 6.572189 8.044438
 390.2 3.2510395 3.83153 4.651163 2.9661121 2.3704984
 390.4 2.9937475 4.1721277 6.007464 3.990411 3.513177
 390.6 4.1312284 5.449973 8.470974 4.631445 5.1801586
 390.80002 3.32009 3.9059837 3.9487388 4.3723826 3.5791612
 391. 3.009937 3.907444 4.5879045 1.6275684 3.8924596
 391.2 3.8214295 1.7944418 5.524133 4.527086 0.930743
 391.4 2.7340777 4.4396877 5.051282 3.833986 5.1131616
 391.6 2.3864207 5.7404404 6.431156 1.3906666 4.3720956
 391.80002 4.4933944 2.0334213 6.237542 6.0632367 1.9812564
 392. 1.4703426 6.321592 6.499303 0.98549974 5.222025
 392.2 4.354911 3.5999908 5.662238 5.16509 4.2141786
 392.4 1.8667524 4.887727 5.823574 1.8530197 4.661082
 392.6 4.389708 2.0547054 6.0993195 2.7155774 1.9801661
 392.80002 2.8468633 4.410726 5.1587305 2.4951203 5.755412
 393. 4.2108445 3.1264749 6.631135 5.850226 3.455143
 393.2 3.7620633 4.8358393 4.747313 1.2758647 7.481749
 393.4 6.0190077 2.8598838 7.2407317 8.437569 1.6025031
 393.6 3.5951233 3.6444728 7.0308127 3.7385309 3.8353722
 393.80002 3.1236722 3.9059234 6.7192984 2.1834164 5.024307
 394. 7.687979 4.1097145 12.329215 3.6704283 4.6865416
 394.2 3.256614 4.402748 12.13065 3.04507 6.1098156
 394.4 6.1092043 3.3992894 26.309774 8.657831 4.4395432
 394.6 2.9478374 4.668086 14.832324 3.0172074 5.3222833
 394.80002 2.530082 3.3438163 5.5034957 2.681497 4.518861
 395. 3.161281 3.7098408 7.140467 2.4827108 3.9687908
 395.2 3.6471076 3.1100984 4.949419 3.51313 3.351825
 395.4 3.944057 2.585568 6.7955184 3.4581034 2.5377064
 395.6 2.9610112 2.3276188 4.479632 3.0302303 2.048556
 395.80002 1.7450111 5.7401605 7.4372306 2.2050526 5.764214
 396. 2.636036 2.2163117 4.235603 2.101041 1.0266058
 396.2 1.7412891 8.01949 4.31721 1.7605765 12.269855
 396.4 2.634191 4.3487763 6.9159865 2.638785 3.0508754
 396.6 2.6798928 3.954184 4.5589957 1.6273613 3.4330153
 396.80002 4.44122 3.0633636 7.1123686 4.749179 3.1236138
 397. 2.653085 3.275399 4.88663 2.3804474 2.3535275
 397.2 3.836123 2.0608897 5.461565 2.7753813 2.5185864
 397.4 2.2082365 5.594674 6.8020234 1.7627679 8.401362
 397.6 3.4715896 2.4523818 6.733863 2.4692826 2.3858228
 397.80002 2.1299624 8.486773 9.696634 3.1014872 8.244369
 398. 3.02844 1.530243 4.937064 2.2484791 0.6196975
 398.2 2.0875278 5.1961083 6.5232453 1.5225779 8.572517
 398.4 2.1062233 3.0684628 5.311075 2.0741806 1.0288838
 398.6 2.9140015 3.224778 6.1374125 3.9305024 4.342732
 398.80002 1.9602232 3.8750339 5.3508654 1.5230802 5.116013
 399. 4.948177 2.0573902 4.720226 7.8498855 1.2588706
 399.2 2.2875218 5.227198 8.635032 2.790586 4.9677258
 399.4 3.8340364 2.3543696 4.4891386 3.7283576 2.786541
 399.6 3.3205514 6.2091503 6.8600936 4.193648 10.200595
 399.80002 3.7367172 2.1033745 4.651318 3.320174 1.9498335
 400. 2.6016605 4.1878233 6.4013467 2.3325968 5.1326466
 400.2 3.8487144 1.9084781 4.674426 5.042259 1.1746645
 400.4 2.3866093 5.704114 5.5952377 3.4550378 3.6081553
 400.6 4.624242 2.030705 6.4473433 3.8444536 1.7520732
 400.80002 1.6254183 4.371544 4.936797 1.4540553 4.4881864
 401. 3.5291336 2.9124656 5.302145 4.442138 2.0363727
 401.2 1.7937295 3.7044513 4.609122 1.6589847 2.483784
 401.4 5.635332 2.8729515 7.080291 6.6828704 3.2484162
 401.6 3.2365575 2.4490037 8.32802 0.94212025 1.0194176
 401.80002 5.7885604 2.3721042 11.595564 4.1952276 2.592423
 402. 5.851607 3.0825338 10.2894335 6.425846 1.7081813
 402.2 2.49811 2.6398604 3.7431455 1.7379433 1.6059687
 402.4 2.9156063 3.249681 5.5024023 2.5888479 2.482038
 402.6 2.2605014 3.4221802 4.3829737 1.5835587 4.124308
 402.80002 2.768425 2.939896 8.127563 1.8836516 2.6374776
 403. 2.3611119 3.3547122 5.9295573 3.0273268 2.0603838
 403.2 23.41911 2.865378 24.077763 37.796688 3.6339352
 403.4 1.9345624 4.219188 4.9920053 1.1294355 3.5300355
 403.6 3.2329795 1.8918422 5.256049 4.674979 1.0856082
 403.80002 1.7966216 5.433121 5.9961214 0.87904644 6.340923
 404. 3.6826923 2.5065384 6.0019937 3.5691981 1.5718784
 404.2 3.1055393 2.763352 5.826602 2.0394704 3.2646406
 404.4 2.5191145 3.1221375 5.2095156 2.7776017 2.4759588
 404.6 4.038477 3.2350044 6.088707 4.034058 5.1232953
 404.80002 3.5330677 4.077633 8.266234 2.8555307 1.506156
 405. 2.8087306 2.883334 4.2210197 3.0981433 3.2563226
 405.2 3.9325607 2.4303544 5.826234 4.0702505 2.4081666
 405.4 2.3923545 5.9990616 5.1813097 1.1044481 3.921096
 405.6 5.032957 3.111435 7.3608184 7.3578715 3.2750516
 405.80002 3.5499947 3.9022164 5.4213953 3.2716095 3.494989
 406. 2.9142485 2.6467361 4.020827 4.1020913 2.5430627
 406.2 2.4336245 4.246388 5.59046 2.6130493 5.965956
 406.4 2.9843705 3.4910762 4.810844 2.8962224 5.6446323
 406.6 3.8535862 2.676371 7.4298716 4.8264647 4.0872
 406.80002 2.3173208 3.5676773 8.391513 1.0117089 2.1086304
 407. 3.7522748 4.5254416 6.117635 4.537266 3.634869
 407.2 5.3448505 7.628888 13.473483 3.0418823 7.4496746
 407.4 3.8235886 1.9782393 5.2646227 2.2392504 2.4859807
 407.6 2.1806865 6.066719 7.1209154 2.388411 4.292667
 407.80002 3.3708503 2.1613731 4.4520288 1.7231411 1.5068828
 408. 2.2419727 2.515183 3.9504738 2.0668356 2.9761915
 408.2 2.1765192 3.3957024 3.4433274 2.9302602 5.606232
 408.4 3.929273 4.1346984 6.505908 4.3549514 6.950216
 408.6 4.710471 2.2526736 5.300782 3.2910068 2.4327395
 408.80002 3.1837292 4.2031693 9.814011 1.8805176 4.497467
 409. 4.587354 3.0299673 5.9303374 1.8246689 2.4180791
 409.2 3.3270824 7.9263306 8.458522 2.7895117 10.910442
 409.4 2.5161178 3.208817 4.7335625 2.1366618 3.0857322
 409.6 4.6321807 2.660812 5.10101 4.1936717 1.7869997
 409.80002 3.345139 2.185401 5.15368 3.4487262 1.9902452
 410. 2.6392498 3.777064 5.1183844 2.3697727 3.3200405
 410.2 3.6458564 3.176652 4.6166544 4.061104 3.012741
 410.4 2.130444 4.020929 5.6921525 0.8703613 4.3368216
 410.6 4.7683096 1.786495 5.864446 4.5829306 0.92216504
 410.80002 2.1578984 9.608975 11.614351 1.8049263 15.527769
 411. 2.7698224 1.673125 4.1052556 3.4869652 1.2802347
 411.2 2.9993396 7.066591 8.621352 2.182288 2.730637
 411.4 2.9117584 3.094628 4.6894803 2.1943088 2.7562687
 411.6 2.3355422 4.3452244 6.14776 1.5634372 4.5900283
 411.80002 2.8006845 2.5246878 5.3036356 1.9732609 1.8003556
 412. 2.4204428 2.870032 4.928268 1.2007316 1.9371676
 412.2 3.0110734 4.0388436 7.0793724 2.6330607 6.244713
 412.4 2.5333397 3.0911212 4.8687 3.0812876 1.9760984
 412.6 2.4929976 3.4355495 4.2290444 3.0044634 4.5263305
 412.80002 3.6885967 4.015979 6.386603 2.7391036 5.2023335
 413. 3.3005307 3.5500424 5.045454 3.7549684 3.097646
 413.2 2.9682431 2.63526 4.4758463 1.711703 3.4613702
 413.4 3.3039746 2.5345783 5.5391912 2.8398952 1.2521544
 413.6 2.252225 6.519118 7.3220596 2.1320398 9.355468
 413.80002 2.8488352 3.3423843 4.338008 1.8293788 2.5407224
 414. 4.585042 3.7448945 6.416485 3.3738968 3.396353
 414.2 4.2523146 4.751564 6.6561456 3.1628878 4.1195316
 414.4 2.9116004 5.16184 5.6471868 3.2733057 3.4483764
 414.6 3.0497463 2.315197 5.5108232 3.323427 1.6998937
 414.80002 4.6699066 3.2889695 7.328705 4.566383 2.6190095
 415. 3.0417 2.8575866 5.5270243 4.8283195 2.9380505
 415.2 4.4636025 4.63127 8.503718 5.910919 6.492854
 415.4 3.609682 4.5516157 6.528287 3.90993 4.647494
 415.6 4.11072 3.935299 6.6219225 5.0528855 5.1255527
 415.80002 3.4565418 3.2228146 5.379074 2.9623287 3.84364
 416. 3.0891118 3.4020264 5.6943207 3.4600608 3.8965955
 416.2 2.1537397 2.1131954 3.082861 2.4683917 1.9163275
 416.4 2.2616532 5.5632463 6.0054197 3.0290484 4.4625654
 416.6 2.9640727 2.5807528 4.0921984 2.440917 1.316384
 416.80002 3.19591 3.27664 5.6580224 2.1480453 3.5040545
 417. 5.1748896 2.6531806 7.5292945 3.5806487 4.1313014
 417.2 2.2990918 3.7080142 7.56145 2.63214 3.2291484
 417.4 2.1927924 2.6932683 3.502196 1.2432669 1.2547281
 417.6 3.247046 2.4839013 6.4772735 3.4411032 2.488238
 417.80002 1.8335006 4.052877 5.1660514 0.7952142 3.4318602
 418. 3.0116189 2.313548 4.18007 2.7833004 2.9621253
 418.2 1.619433 3.0294368 4.3538294 2.5965705 3.02244
 418.4 2.8514583 3.3706276 5.2151003 4.1822214 1.8728498
 418.6 1.8383849 3.204185 3.4992306 1.8976035 2.0463004
 418.80002 4.068036 2.6074643 6.085682 6.2495403 3.045887
 419. 2.6561282 3.4320889 5.406245 2.4870152 4.175953
 419.2 3.2176728 2.5535896 4.368723 4.1717215 0.9055827
 419.4 2.56955 3.05775 4.8152933 3.8273454 2.570613
 419.6 3.2179406 2.2996922 3.905676 4.978112 2.5392165
 419.80002 3.3225784 3.3075593 10.9593725 3.2260036 2.0364676
 420. 2.2735777 2.2819908 3.772454 2.195157 1.3280249
 420.2 3.4888794 3.2939568 7.5180387 3.7979887 3.5344863
 420.4 2.9754906 3.565736 5.594843 1.803959 2.1175425
 420.6 3.525472 2.9081936 5.8946037 3.0820487 3.5348427
 420.80002 3.5414262 3.0627484 5.38931 2.1634045 5.009708
 421. 2.1829288 4.439534 5.4249067 1.537613 4.8497868
 421.2 3.2256203 1.9084787 3.623753 4.294511 1.4494857
 421.4 2.0220973 4.7509155 5.777473 1.7118272 4.698315
 421.6 4.923741 2.3639235 6.306771 7.204934 1.3631082
 421.80002 3.944146 2.590409 4.414547 2.8883734 3.5352728
 422. 4.6405363 3.2215018 5.805344 4.2673798 4.1250534
 422.2 4.070251 3.0468936 5.7290087 3.565471 3.4840972
 422.4 5.443512 2.4460015 6.247553 5.4632015 3.1514442
 422.6 3.6804242 4.1683626 5.80711 3.5897398 3.7329974
 422.80002 4.1305113 3.2283244 6.7477255 1.6774446 1.4047949
 423. 3.530648 3.8790615 5.1701884 4.20025 3.6236928
 423.2 2.5934615 2.334171 4.051658 1.807328 1.2374339
 423.4 3.0895448 3.4174976 3.982758 1.5992256 3.9283001
 423.6 1.9908043 2.8174462 3.904595 1.3081102 2.269877
 423.80002 3.5762513 3.0443988 6.5555177 5.289735 3.1160097
 424. 1.9053732 2.8109815 4.084846 1.0214347 3.8685176
 424.2 2.5871024 2.918795 4.449848 1.8312788 4.30366
 424.4 2.4259152 3.552739 4.5976944 1.9103348 2.7327878
 424.6 2.465671 3.148206 6.3757577 2.3417773 3.5330684
 424.80002 2.0337322 4.58171 4.2859654 2.2855632 6.051662
 425. 3.0066109 1.5579584 2.8888044 3.3612964 1.3925668
 425.2 3.905579 3.2536826 6.9104795 5.562565 4.410665
 425.4 3.1060612 1.7665312 6.2072678 4.1688 2.2529447
 425.6 2.2208622 3.7493901 6.3985195 3.5915341 4.0566545
 425.80002 3.1040869 3.9784431 5.495706 3.3575025 3.711764
 426. 2.1831763 3.8689911 5.9560404 2.3741016 3.0583754
 426.2 3.5159087 3.720864 5.704121 3.7710762 4.218195
 426.4 4.3415704 3.1081047 6.770662 4.020128 2.4994802
 426.6 3.1116836 4.5571523 6.3623686 2.3923104 4.3061624
 426.80002 2.9007518 2.8148627 5.7121215 1.9352397 1.9850159
 427. 2.736141 6.108226 9.873738 2.3989117 6.9534945
 427.2 3.2565408 2.4183908 4.730529 2.3904798 2.0221183
 427.4 3.599704 4.0992 9.67593 1.591719 6.206797
 427.6 4.286353 2.1743946 5.9121094 2.8729286 0.9508778
 427.80002 3.6783347 5.4857507 8.7579365 3.4586172 5.705205
 428. 3.2290268 3.9014182 5.996171 1.1073632 2.2756026
 428.2 3.5783648 4.361656 6.9133577 2.7309842 6.10078
 428.4 4.276311 2.5639813 6.4797134 4.547507 1.6144135
 428.6 3.478127 5.7181063 9.841959 3.5250123 5.1685076
 428.80002 4.484433 2.3148801 6.5185194 3.0875444 1.4121857
 429. 2.0874944 6.1862874 23.835114 2.2199404 9.890408
 429.2 4.0880513 2.6485324 22.851063 2.9420052 2.3771284
 429.4 2.3051217 3.8199906 5.608059 1.7389475 3.62828
 429.6 5.003608 3.2409282 7.071439 3.2348518 3.1376011
 429.80002 3.510034 2.437456 5.619687 3.131562 2.581874
 430. 3.201852 3.2737644 7.273558 2.4792492 2.7728412
 430.2 2.8177085 3.5980675 4.3650017 2.6407216 1.977938
 430.4 1.7913631 4.125976 4.7982183 1.2543465 4.4381423
 430.6 5.023761 1.6301044 5.1082697 7.0296235 1.4245741
 430.80002 1.9466187 3.8534832 4.886821 1.4096259 4.4574842
 431. 3.7561612 2.939669 6.0713315 3.9681456 3.5271158
 431.2 2.3532517 4.5324907 5.679245 1.4707239 4.5949697
 431.4 3.460256 2.9007938 5.5999994 2.3606277 2.632026
 431.6 2.6593986 3.363343 4.2967687 2.613276 1.9800531
 431.80002 4.3020883 2.5711668 4.7296424 6.343126 1.9158863
 432. 2.1203747 2.3360658 2.7949505 1.2430487 2.3773303
 432.2 3.7355514 1.9788845 4.6498556 4.043088 1.9666016
 432.4 1.6746727 5.593229 7.107318 0.7894666 8.092763
 432.6 4.40948 2.3481586 6.0068793 5.0451035 2.0061896
 432.80002 2.6395183 2.7599728 4.800618 2.0375402 3.2404041
 433. 3.8174953 2.588411 5.19798 4.383673 3.195436
 433.2 1.6893619 4.4011164 5.6955132 1.6057757 4.7046995
 433.4 5.0874124 3.1383736 6.925556 7.352581 2.6232898
 433.6 2.529319 3.1045804 5.804124 1.6080017 3.3255727
 433.80002 3.978273 3.1963077 6.080382 4.8577843 4.050279
 434. 4.095088 2.9623997 6.4152055 3.9845521 2.8859243
 434.2 2.8032174 3.2055564 5.8475847 2.7372825 3.1671753
 434.4 1.6685413 4.2110624 4.895769 1.0981838 5.285657
 434.6 3.6236851 2.5932896 4.0725555 4.2405653 2.5831473
 434.80002 2.4738781 3.954947 5.277101 2.752396 3.6102698
 435. 3.8794582 1.9891329 6.017858 2.849109 1.9579589
 435.2 3.442849 4.1605744 5.875758 4.438 6.6289363
 435.4 2.714278 2.231831 3.5535283 1.8947442 1.5329683
 435.6 4.889535 3.09913 7.6226754 5.289181 4.5268674
 435.80002 2.748558 3.8851857 6.692256 3.4224749 4.3721256
 436. 4.014962 5.69645 9.413668 3.2362573 7.965778
 436.2 2.9163175 2.4486213 4.420315 2.33685 2.3813949
 436.4 5.021391 3.8832278 5.869251 6.5797024 4.4408016
 436.6 2.406345 3.185989 5.351593 1.3640925 2.124242
 436.80002 3.9674911 3.8971457 7.481093 4.4034157 3.583697
 437. 2.928237 3.1077237 4.906461 3.2258334 3.5271137
 437.2 7.3238144 2.0718307 6.4219375 11.4744 1.380701
 437.4 1.8684753 2.884295 3.9293132 0.8593932 3.4862795
 437.6 5.097289 2.7639587 5.443305 5.1562614 1.783129
 437.80002 1.683679 3.0279686 4.003411 1.4995759 2.6537418
 438. 5.097234 2.1412005 6.0619664 1.1427846 3.277382
 438.2 2.5493767 3.455494 8.113572 3.4375875 3.697685
 438.4 3.9369054 2.6541896 5.6116667 1.9381925 2.1551974
 438.6 5.8649063 2.556155 6.860508 3.8255975 2.6445873
 438.80002 3.1732945 7.153308 8.281995 3.384513 5.7309375
 439. 2.7398858 3.3926716 4.505953 3.3161914 3.6252909
 439.2 4.364533 2.6128821 7.050441 3.8741848 1.4265596
 439.4 2.3736818 3.9851456 4.629039 1.8668789 4.805773
 439.6 2.9512677 4.0277057 7.814537 2.8689091 5.467237
 439.80002 3.3178744 2.6413212 4.969287 2.459567 1.0125154
 440. 3.3661284 3.5274224 5.3499374 2.8113542 2.1980374
