 2.3000002
 2.6000004
 1.9000015
 2.4000015
 1.6999989
 2.5
 7.300001
 6.1000004
 2.9000015
 2.7999992
 6.800001
 7.8999996
 8.200001
 6.199999
 5.799999
 6.200001
 2.3999996
 7.5
 7.300001
 2.2000008
 1.7999992
 7.200001
 7.8999996
 6.3999996
 3.7000008
 8.300001
 5.800001
 8.500002
 2.1000023
 6.500002
 9.1
 8.9
 3.
 2.499998
 3.2000008
 2.5
 3.
 7.1000004
 3.0999985
 2.
 6.200001
 7.6000004
 11.4
 8.5
 2.1000023
 3.0999985
 8.4
 1.7999992
 8.499998
 6.9000015
 3.5999985
 3.
 7.5999985
 7.
 4.300003
 1.6000023
 2.4000015
 2.2999992
 8.799999
 1.5
 2.7999992
 2.0999985
 8.299999
 2.
 2.3999977
 5.
 13.599998
 1.7999992
 6.799999
 8.200001
 9.599998
 10.
 7.9000015
 7.300003
 9.200001
 2.5999985
 2.2000008
 3.1000023
 2.2000008
 10.200001
 9.900002
 9.600002
 9.599998
 8.299999
 7.
 6.299999
 10.
 6.9000015
 8.
 2.
 8.900002
 8.100002
 5.
 7.299999
 9.5
 2.
 12.700001
 8.
 2.3999977
 10.799999
 7.800003
 7.299999
 9.099998
 7.
 6.0999985
 2.3999977
 5.
 6.799999
 2.7000008
 6.6000023
 10.799999
 5.700001
 2.5999985
 8.299999
 8.600002
 6.700001
 7.299999
 2.2999992
 3.
 7.8999977
 9.
 7.
 2.2000008
 6.9000015
 2.2999992
 6.4000015
 2.4000015
 6.5
 7.700001
 8.
 9.799999
 2.5999985
 1.9000015
 7.5999985
 7.200001
 6.299999
 8.199997
 3.9000015
 2.
 6.6000023
 2.199997
 11.299999
 9.300003
 7.200001
 2.
 2.5999985
 6.200001
 7.799999
 9.200001
 11.700001
 2.2000008
 3.7999992
 2.0999985
 7.5
 8.399998
 9.900005
 7.000004
 7.000004
 9.599998
 10.599998
 6.1000023
 7.700001
 7.0999985
 6.4000053
 7.1000023
 2.7999954
 7.6000023
 6.
 1.699997
 7.0999985
 7.800003
 2.0999985
 8.700001
 2.699997
 2.300003
 2.5999985
 2.5
 2.800003
 2.
 7.199997
 6.600006
 1.9000015
 3.0999985
 3.4000015
 7.0999985
 8.800003
 3.199997
 7.0999985
 3.4000015
 2.7000046
 2.5
 4.
 7.699997
 2.4000015
 2.4000015
 3.
 6.0999985
 1.699997
 7.699997
 7.
 7.199997
 6.699997
 8.400002
 11.599998
 4.100006
 2.699997
 2.300003
 5.
 8.
 6.5
 1.9000015
 5.199997
 7.899994
 2.5
 7.
 6.
 7.699997
 7.5999985
 2.300003
 2.2999954
 7.7999954
 2.699997
 6.5
 3.800003
 6.4000015
 3.
 3.2999954
 2.4000015
 8.200005
 3.5999985
 6.0999985
 9.5
 10.5
 8.900002
 2.2000046
 7.7999954
 8.200005
 7.699997
 1.9000015
 7.0999985
 7.199997
 7.199997
 7.5
 9.
 8.099998
 7.5
 7.5
 2.7999954
 8.199997
 2.300003
 8.199997
 2.199997
 1.7000046
 8.099998
 7.699997
 3.5
 4.800003
 8.699997
 7.699997
 2.0999985
 11.
 9.300003
 7.4000015
 6.699997
 6.5999985
 2.399994
 3.600006
 7.2000046
 9.399994
 5.800003
 7.800003
 10.099998
 2.699997
 8.700005
 7.
 7.300003
 2.800003
 7.199997
 10.199997
 6.800003
 2.4000015
 6.100006
 10.899994
 2.9000015
 1.6000061
 6.9000015
 6.7999954
 8.099998
 7.699997
 8.800003
 3.
 6.7999954
 7.
 7.5
 8.800003
 1.9000015
 11.099998
 7.4000015
 6.
 3.
 2.2999954
 2.2999954
 8.599998
 5.800003
 6.5999985
 9.199997
 7.7000046
 2.9000015
 2.
 2.5999985
 8.599998
 8.699997
 2.0999985
 7.699997
 10.599998
 2.5
 2.300003
 8.600006
 2.4000015
 10.400002
 2.5
 6.2999954
 10.5
 4.800003
 2.0999985
 10.
 2.4000015
 2.100006
 3.199997
 7.5999985
 2.0999985
 4.699997
 7.800003
 9.5
 8.700005
 8.299995
 6.5
 2.
 6.300003
 6.4000015
 8.699997
 9.299995
 9.
 7.600006
 2.800003
 3.2999954
 7.
 1.5999985
 2.300003
 6.5
 3.199997
 6.7999954
 7.5
 7.300003
 6.100006
 7.0999985
 1.9000015
 7.800003
 9.399994
 2.199997
 2.
 1.9000015
 4.5
 6.5
 9.299995
 7.199997
 8.599998
 6.5
 4.800003
 2.5
 6.
 3.
 10.400002
 1.9000015
 3.
 2.5999985
 2.2999954
 2.199997
 2.2999954
 3.399994
 9.600006
 4.5999985
 8.900002
 5.9000015
 2.399994
 7.800003
 1.4000015
 3.699997
 5.5999985
 9.099998
 7.5999985
 2.800003
 2.300003
 7.699997
 8.900002
 7.5
 7.300003
 6.4000015
 9.
 10.199997
 9.999992
 2.5
 1.6000061
 1.6000061
 6.0999985
 7.199997
 5.5999985
 7.100006
 3.
 9.400002
 1.7999878
 7.2000046
 10.000008
 7.4000015
 6.399994
 7.0000076
 3.199997
 10.500008
 1.7999878
 9.900002
 8.600006
 7.5999985
 2.7999878
 10.200005
 8.599998
 3.199997
 7.399994
 8.999992
 7.100006
 7.899994
 9.800003
 10.999992
 7.300003
 7.5
 5.899994
 6.899994
 7.799988
 2.399994
 6.800003
 7.100006
 2.5999908
 4.400009
 9.199997
 9.300003
 7.600006
 2.5
 7.599991
 8.699997
 9.799988
 2.300003
 7.899994
 7.600006
 7.899994
 5.800003
 7.5
 6.900009
 2.600006
 6.800003
 3.100006
 1.699997
 3.399994
 2.399994
 10.600006
 9.700012
 5.300003
 2.
 6.399994
 2.399994
 3.2000122
 2.5
 3.2999878
 7.099991
 6.
 2.800003
 2.0999908
 7.199997
 2.5999908
 3.100006
 1.699997
 8.700012
 7.200012
 7.599991
 11.199997
 7.400009
 6.100006
 6.699997
 8.100006
 3.100006
 9.399994
 7.100006
 2.
 2.800003
 2.199997
 7.400009
 7.899994
 9.400009
 2.300003
 6.
 2.199997
 5.900009
 7.200012
 6.
 8.399994
 6.299988
 2.699997
 6.
 7.300003
 3.600006
 1.9000092
 11.5
 2.300003
 8.5
 3.699997
 2.
 7.800003
 8.
 6.100006
 2.5
 7.100006
 11.599991
 3.100006
 2.600006
 9.900009
 6.
 1.8999939
 2.2000122
 2.5
 3.
 8.399994
 7.799988
 2.
 7.899994
 2.7999878
 3.
 3.600006
 3.100006
 9.100006
 8.100006
 5.899994
 8.
 4.100006
 3.199997
 3.100006
 9.899994
 2.399994
 7.600006
 6.800003
 7.
 6.900009
 7.600006
 8.199997
 7.900009
 2.5
 7.199997
 8.5
 8.
 7.599991
 2.4000092
 8.299988
 7.800003
 8.100006
 7.699997
 7.599991
 3.9000092
 8.800003
 2.600006
 1.699997
 9.100006
 3.
 7.
 9.5
 1.5999908
 5.399994
 1.9000092
 8.
 10.5
 3.
 1.8999939
 7.800003
 7.899994
 9.199997
 7.800003
 6.399994
 2.0999908
 6.799988
 6.700012
 9.100006
 7.899994
 8.600006
 3.
 5.800003
 2.800003
 3.199997
 7.
 8.399994
 7.699997
 8.
 7.199997
 8.
 6.5
 10.300003
 9.199997
 8.900009
 8.399994
 2.800003
 2.5
 2.100006
 2.2000122
 2.300003
 6.800003
 8.099991
 2.4000092
 1.800003
 2.
 7.299988
 8.399994
 6.5
 10.600006
 9.900009
 2.600006
 8.199997
 8.5
 6.899994
 10.099991
 7.800003
 2.899994
 2.5999908
 6.099991
 8.199997
 8.199997
 2.5
 1.800003
 8.
 2.4000092
 2.399994
 2.
 1.6000061
 3.5999908
 8.400009
 8.199997
 1.800003
 8.300003
 6.199997
 6.099991
 3.300003
 6.300003
 6.
 2.4000092
 2.
 5.799988
 7.199997
 2.
 6.400009
 7.400009
 7.5
 8.100006
 2.800003
 2.699997
 2.
 2.199997
 8.099991
 11.800003
 8.399994
 8.399994
 7.199997
 5.300003
 2.7000122
 7.
 8.699997
 11.200012
 4.899994
 7.900009
 7.399994
 7.599991
 7.699997
 7.600006
 2.9000092
 2.100006
 3.7000122
 2.4000092
 3.
 7.300003
 3.5
 1.699997
 2.100006
 2.5999908
 8.899994
 7.600006
 6.099991
 7.300003
 8.299988
 2.399994
 6.300003
 6.399994
 8.199997
 5.199997
 8.300003
 13.
 1.5999908
 9.899994
 2.199997
 2.899994
 4.099991
 2.300003
 7.399994
 2.800003
 2.100006
 6.899994
 9.100006
 7.800003
 3.600006
 1.699997
 7.600006
 8.
 7.199997
 2.899994
 10.400009
 7.100006
 5.899994
 2.199997
 7.599991
 14.300003
 6.
 1.699997
 9.
 2.5
 8.5
 10.299988
 8.300003
 8.199997
 2.
 8.599991
 2.9000092
 8.399994
 6.800003
 8.099991
 2.699997
 7.599991
 7.699997
 7.599991
 6.700012
 7.699997
 9.300003
 2.0999908
 8.199997
 1.699997
 8.300003
 7.699997
 1.8999939
 1.300003
 3.0999908
 2.399994
 7.299988
 9.100006
 2.199997
 9.300003
 2.300003
 8.100006
 3.0999908
 3.7000122
 9.
 7.5
 7.5
 6.899994
 2.2999878
 3.300003
 9.800003
 1.9000092
 7.599991
 8.699997
 8.699997
 11.599991
 3.5
 8.600006
 3.
 2.199997
 6.300003
 8.5
 2.5
 9.399994
 2.0999908
 6.099991
 8.699997
 6.599991
 7.300003
 2.5
 7.
 9.199997
 6.300003
 8.699997
 6.299988
 6.5
 5.800003
 8.800003
 7.600006
 9.200012
 9.
 11.399994
 2.699997
 2.5
 2.7000122
 7.5
 6.100006
 6.300003
 7.899994
 6.799988
 2.0999908
 2.300003
 7.900009
 7.399994
 4.899994
 8.099991
 2.800003
 8.
 6.099991
 2.5
 7.300003
 7.400009
 2.0999908
 7.
 2.300003
 3.
 2.9000092
 4.300003
 7.100006
 3.0999908
 3.300003
 3.300003
 1.4000092
 6.5
 7.700012
 4.699997
 2.699997
 1.8999939
 2.899994
 6.400009
 2.2999878
 7.300003
 2.5
 6.5
 1.800003
 1.5
 9.800003
 9.100006
 7.
 2.899994
 4.300003
 11.5
 11.600006
 3.100006
 2.0999908
 6.199997
 10.600006
 9.899994
 10.100006
 8.100006
 9.599991
 6.199997
 8.5
 1.8999939
 2.600006
 3.300003
 2.100006
 8.
 6.300003
 8.399994
 1.5999908
 3.300003
 5.300003
 2.0999908
 1.800003
 9.
 7.400009
 1.699997
 1.8999939
 8.699997
 7.200012
 6.399994
 7.599991
 2.5000153
 1.7000122
 7.3000183
 6.900009
 2.800003
 1.7000122
 7.299988
 7.099991
 2.899994
 6.399994
 8.400009
 2.7000122
 8.200012
 7.699997
 2.8000183
 6.700012
 3.9999847
 9.5
 8.399994
 8.200012
 3.399994
 5.900009
 8.200012
 1.8999939
 8.300018
 6.699997
 8.
 10.000015
 6.600006
 4.299988
 5.5
 12.299988
 6.700012
 1.8999939
 9.100006
 6.6999817
 7.100006
 8.700012
 8.699982
 2.2000122
 6.700012
 7.
 6.399994
 11.800003
 1.7000122
 9.199982
 1.8999939
 7.8000183
 2.100006
 1.6000061
 11.
 7.
 9.699982
 1.6999817
 6.5999756
 11.300018
 6.5999756
 6.1999817
 5.
 5.899994
 5.899994
 7.0999756
 7.200012
 7.5
 8.399994
 8.100006
 2.3000183
 7.9000244
 8.399994
 6.5999756
 1.8999939
 6.100006
 8.199982
 7.9000244
 8.799988
 8.100006
 7.6999817
 5.399994
 7.100006
 8.100006
 7.3000183
 2.2000122
 2.2999878
 2.
 9.5
 6.
 3.
 9.
 1.5
 2.600006
 2.600006
 3.6999817
 2.5999756
 3.1999817
 6.100006
 1.8000183
 7.100006
 8.799988
 4.6999817
 2.7999878
 8.400024
 6.5
 2.5
 3.4000244
 2.9000244
 4.600006
 2.7000122
 2.100006
 2.2000122
 3.5
 2.2999878
 7.6999817
 3.899994
 7.299988
 2.5
 3.7999878
 8.
 7.4000244
 7.4000244
 1.2999878
 2.399994
 8.399994
 7.3000183
 3.100006
 2.7000122
 6.799988
 3.7000122
 4.0999756
 3.100006
 6.600006
 9.100006
 3.399994
 2.5
 8.100006
 6.8000183
 6.4000244
 7.5
 3.2000122
 2.600006
 2.899994
 10.799988
 3.100006
 9.799988
 2.5
 9.600006
 8.200012
 10.099976
 9.899994
 1.7999878
 8.799988
 8.399994
 11.899994
 7.399994
 2.9000244
 7.100006
 6.5
 9.599976
 7.799988
 1.6000061
 9.399994
 8.
 7.200012
 7.100006
 8.
 7.0999756
 12.5
 7.899994
 7.200012
 7.4000244
