 








































































































































































0.79999995 0. 4.5915E-41
 0.9 0. 4.5915E-41
 1. 0. 4.5915E-41
 1.1 0. 4.5915E-41
 1.1999999 0. 4.5915E-41
 1.3 0. 4.5915E-41
 1.4 0. 4.5915E-41
 1.5 0. 4.5915E-41
 1.5999999 0. 4.5915E-41
 1.6999999 0. 4.5915E-41
 1.8 0. 4.5915E-41
 1.9 0. 4.5915E-41
 2. 0. 4.5915E-41
 2.1 0. 4.5915E-41
 2.2 0. 4.5915E-41
 2.3 0. 4.5915E-41
 2.3999999 0. 4.5915E-41
 2.5 0. 4.5915E-41
 2.6 0. 4.5915E-41
 2.7 0. 4.5915E-41
 2.8 0. 4.5915E-41
 2.8999999 0. 4.5915E-41
 3. 0. 4.5915E-41
 3.1 0. 4.5915E-41
 3.1999998 0. 4.5915E-41
 3.3 0. 4.5915E-41
 3.3999999 0. 4.5915E-41
 3.5 0. 4.5915E-41
 3.6 0. 4.5915E-41
 3.6999998 0. 4.5915E-41
 3.8 0. 4.5915E-41
 3.8999999 0. 4.5915E-41
 4. 0. 4.5915E-41
 4.1 0. 4.5915E-41
 4.2 0. 4.5915E-41
 4.2999997 0. 4.5915E-41
 4.4 0. 4.5915E-41
 4.5 0. 4.5915E-41
 4.6 0. 4.5915E-41
 4.7 0. 4.5915E-41
 4.7999997 0. 4.5915E-41
 4.9 0. 4.5915E-41
 5. 0. 4.5915E-41
 5.1 0. 4.5915E-41
 5.2 0. 4.5915E-41
 5.2999997 0. 4.5915E-41
 5.4 0. 4.5915E-41
 5.5 0. 4.5915E-41
 5.6 0. 4.5915E-41
 5.7 0. 4.5915E-41
 5.7999997 0. 4.5915E-41
 5.9 0. 4.5915E-41
 6. 0. 4.5915E-41
 6.1 0. 4.5915E-41
 6.2 0. 4.5915E-41
 6.2999997 0. 4.5915E-41
 6.3999996 0. 4.5915E-41
 6.5 0. 4.5915E-41
 6.6 0. 4.5915E-41
 6.7 0. 4.5915E-41
 6.7999997 0. 4.5915E-41
 6.8999996 0. 4.5915E-41
 7. 0. 4.5915E-41
 7.1 0. 4.5915E-41
 7.2 0. 4.5915E-41
 7.2999997 0. 4.5915E-41
 7.3999996 0. 4.5915E-41
 7.5 0. 4.5915E-41
 7.6 0. 4.5915E-41
 7.7 0. 4.5915E-41
 7.7999997 0. 4.5915E-41
 7.8999996 0. 4.5915E-41
 8. 0. 4.5915E-41
 8.099999 0. 4.5915E-41
 8.2 0. 4.5915E-41
 8.3 0. 4.5915E-41
 8.4 0. 4.5915E-41
 8.5 0. 4.5915E-41
 8.599999 0. 4.5915E-41
 8.7 0. 4.5915E-41
 8.8 0. 4.5915E-41
 8.9 0. 4.5915E-41
 9. 0. 4.5915E-41
 9.099999 0. 4.5915E-41
 9.2 0. 4.5915E-41
 9.3 0. 4.5915E-41
 9.4 0. 4.5915E-41
 9.5 0. 4.5915E-41
 9.599999 0. 4.5915E-41
 9.7 0. 4.5915E-41
 9.8 0. 4.5915E-41
 9.9 0. 4.5915E-41
 10. 0. 4.5915E-41
 10.099999 0. 4.5915E-41
 10.2 0. 4.5915E-41
 10.3 0. 4.5915E-41
 10.4 0. 4.5915E-41
 10.5 0. 4.5915E-41
 10.599999 0. 4.5915E-41
 10.7 0. 4.5915E-41
 10.8 0. 4.5915E-41
 10.9 0. 4.5915E-41
 11. 0. 4.5915E-41
 11.099999 0. 4.5915E-41
 11.2 0. 4.5915E-41
 11.3 0. 4.5915E-41
 11.4 0. 4.5915E-41
 11.5 0. 4.5915E-41
 11.599999 0. 4.5915E-41
 11.7 0. 4.5915E-41
 11.8 0. 4.5915E-41
 11.9 0. 4.5915E-41
 12. 0. 4.5915E-41
 12.099999 0. 4.5915E-41
 12.2 0. 4.5915E-41
 12.3 0. 4.5915E-41
 12.4 0. 4.5915E-41
 12.5 0. 4.5915E-41
 12.599999 0. 4.5915E-41
 12.7 0. 4.5915E-41
 12.799999 0. 4.5915E-41
 12.9 0. 4.5915E-41
 13. 0. 4.5915E-41
 13.099999 0. 4.5915E-41
 13.2 0. 4.5915E-41
 13.299999 0. 4.5915E-41
 13.4 0. 4.5915E-41
 13.5 0. 4.5915E-41
 13.599999 0. 4.5915E-41
 13.7 0. 4.5915E-41
 13.799999 0. 4.5915E-41
 13.9 0. 4.5915E-41
 14. 0. 4.5915E-41
 14.099999 0. 4.5915E-41
 14.2 0. 4.5915E-41
 14.299999 0. 4.5915E-41
 14.4 0. 4.5915E-41
 14.5 0. 4.5915E-41
 14.599999 0. 4.5915E-41
 14.7 0. 4.5915E-41
 14.799999 0. 4.5915E-41
 14.9 0. 4.5915E-41
 15. 0. 4.5915E-41
 15.099999 0. 4.5915E-41
 15.2 0. 4.5915E-41
 15.299999 0. 4.5915E-41
 15.4 0. 4.5915E-41
 15.5 0. 4.5915E-41
 15.599999 0. 4.5915E-41
 15.7 0. 4.5915E-41
 15.799999 0. 4.5915E-41
 15.9 0. 4.5915E-41
 16. 0. 4.5915E-41
 16.1 0. 4.5915E-41
 16.199999 0. 4.5915E-41
 16.3 0. 4.5915E-41
 16.4 0. 4.5915E-41
 16.5 0. 4.5915E-41
 16.6 0. 4.5915E-41
 16.699999 0. 4.5915E-41
 16.8 0. 4.5915E-41
 16.9 0. 4.5915E-41
 17. 0. 4.5915E-41
 17.1 0. 4.5915E-41
 17.199999 0. 4.5915E-41
 17.3 0. 4.5915E-41
 17.4 0. 4.5915E-41
 17.5 0. 4.5915E-41
 17.6 0. 4.5915E-41
 17.699999 0. 4.5915E-41
 17.8 0. 4.5915E-41
 17.9 0. 4.5915E-41
 18. 0. 4.5915E-41
 18.1 0. 4.5915E-41
 18.199999 0. 4.5915E-41
 18.3 0. 4.5915E-41
 18.4 0. 4.5915E-41
 18.5 0. 4.5915E-41
 18.6 0. 4.5915E-41
 18.699999 0. 4.5915E-41
 18.8 0. 4.5915E-41
 18.9 0. 4.5915E-41
 19. 0. 4.5915E-41
 19.1 0. 4.5915E-41
 19.199999 0. 4.5915E-41
 19.3 0. 4.5915E-41
 19.4 0. 4.5915E-41
 19.5 0. 4.5915E-41
 19.6 0. 4.5915E-41
 19.699999 0. 4.5915E-41
 19.8 0. 4.5915E-41
 19.9 0. 4.5915E-41
 20. 0. 4.5915E-41
 20.1 0. 4.5915E-41
 20.199999 0. 4.5915E-41
 20.3 0. 4.5915E-41
 20.4 0. 4.5915E-41
 20.5 0. 4.5915E-41
 20.6 0. 4.5915E-41
 20.699999 0. 4.5915E-41
 20.8 0. 4.5915E-41
 20.9 0. 4.5915E-41
 21. 0. 4.5915E-41
 21.1 0. 4.5915E-41
 21.199999 0. 4.5915E-41
 21.3 0. 4.5915E-41
 21.4 0. 4.5915E-41
 21.5 0. 4.5915E-41
 21.6 0. 4.5915E-41
 21.699999 0. 4.5915E-41
 21.8 0. 4.5915E-41
 21.9 0. 4.5915E-41
 22. 0. 4.5915E-41
 22.1 0. 4.5915E-41
 22.199999 0. 4.5915E-41
 22.3 0. 4.5915E-41
 22.4 0. 4.5915E-41
 22.5 0. 4.5915E-41
 22.6 0. 4.5915E-41
 22.699999 0. 4.5915E-41
 22.8 0. 4.5915E-41
 22.9 0. 4.5915E-41
 23. 0. 4.5915E-41
 23.1 0. 4.5915E-41
 23.199999 0. 4.5915E-41
 23.3 0. 4.5915E-41
 23.4 0. 4.5915E-41
 23.5 0. 4.5915E-41
 23.6 0. 4.5915E-41
 23.699999 0. 4.5915E-41
 23.8 0. 4.5915E-41
 23.9 0. 4.5915E-41
 24. 0. 4.5915E-41
 24.1 0. 4.5915E-41
 24.199999 0. 4.5915E-41
 24.3 0. 4.5915E-41
 24.4 0. 4.5915E-41
 24.5 0. 4.5915E-41
 24.6 0. 4.5915E-41
 24.699999 0. 4.5915E-41
 24.8 0. 4.5915E-41
 24.9 0. 4.5915E-41
 25. 0. 4.5915E-41


