 0.5 0.57528645 0.329551
 1. 0.83113337 0.62019557
 1.5 1.0282953 0.7587037
 2. 1.0254024 0.8450959
 2.5 1.0165406 0.8820298
 3. 1.0923553 0.8630631
 3.5 1.0662093 0.87501997
 4. 1.1257524 0.88809633
 4.5 1.0757189 0.8891015
 5. 1.0343521 0.90431714
 5.5 0.99287516 0.892872
 6. 0.9891985 0.89561194
 6.5 1.0078969 0.90670717
 7. 0.9950435 0.89597875
 7.5 1.0391461 0.9039286
 8. 1.0341288 0.90380067
 8.5 1.0760636 0.9215893
 9. 1.03553 0.90963686
 9.5 1.0266008 0.91409284
 10. 1.0332853 0.90457183
 10.5 1.0751787 0.9198378
 11. 1.070254 0.9159525
 11.5 1.0739597 0.90021306
 12. 1.114983 0.9295853
 12.5 1.0216417 0.92151934
 13. 1.0075573 0.9167429
 13.5 0.97408897 0.90927327
 14. 1.0233299 0.90228224
 14.5 0.9886921 0.8803843
 15. 1.0145471 0.8829913
 0.5 0.47504058 0.3495367
 1. 0.82735187 0.64639807
 1.5 0.93689185 0.7923881
 2. 1.0279073 0.8634784
 2.5 1.0478785 0.8823785
 3. 1.0070009 0.88674605
 3.5 1.0121185 0.8939545
 4. 1.0110642 0.9009537
 4.5 0.98810196 0.9001594
 5. 1.0024781 0.9066259
 5.5 0.97329885 0.889972
 6. 0.97872084 0.8842468
 6.5 1.0173576 0.88877916
 7. 0.9892995 0.8722508
 7.5 0.99721396 0.87914157
 8. 0.99134606 0.8909315
 8.5 0.98822707 0.8812485
 9. 1.0039719 0.84490323
 9.5 1.047686 0.8537378
 10. 1.0698931 0.88257235
 10.5 1.0161389 0.8748395
 11. 0.9867803 0.8565502
 11.5 0.9617207 0.86858356
 12. 0.9946933 0.87440634
 12.5 0.99471605 0.876585
 13. 0.9855634 0.8886402
 13.5 0.9912014 0.88694715
 14. 0.9998707 0.88776267
 14.5 0.98420215 0.8766296
 15. 0.96847856 0.8708159
 0.5 0.513902 0.33170506
 1. 0.931335 0.6275204
 1.5 1.0550729 0.7595568
 2. 1.0755787 0.867122
 2.5 1.1278491 0.8691438
 3. 1.0758241 0.85513055
 3.5 1.0804336 0.87072664
 4. 1.0226154 0.88727385
 4.5 1.0264912 0.8500086
 5. 1.0023837 0.88195574
 5.5 1.0056034 0.86647123
 6. 1.0409718 0.87232536
 6.5 1.0246861 0.8673027
 7. 1.0151904 0.8704358
 7.5 1.0195638 0.87376356
 8. 0.9894858 0.84980315
 8.5 1.0096052 0.8588061
 9. 0.9792651 0.8538562
 9.5 0.9899067 0.8574302
 10. 0.95747733 0.85337615
 10.5 0.96152097 0.8353377
 11. 1.0535468 0.83258814
 11.5 1.0596131 0.83299047
 12. 0.9744624 0.81449556
 12.5 0.9595178 0.8194022
 13. 0.9390729 0.82186234
 13.5 0.94798493 0.80327225
 14. 0.96481264 0.83560854
 14.5 0.98253626 0.82918996
 15. 0.97126645 0.81868994
 0.5 0.5174811 0.3439008
 1. 0.8303968 0.622752
 1.5 0.9946658 0.7864329
 2. 1.0896916 0.8301682
 2.5 1.0917466 0.8645029
 3. 1.063978 0.870742
 3.5 1.0748667 0.8769255
 4. 1.1036824 0.8968728
 4.5 1.075315 0.8766164
 5. 1.0386436 0.8629293
 5.5 1.0206292 0.8575048
 6. 1.0149202 0.8695701
 6.5 1.032166 0.8472203
 7. 0.99740016 0.8445675
 7.5 1.0046343 0.84175056
 8. 1.003143 0.8404625
 8.5 1.0284234 0.8316016
 9. 1.0340091 0.83995557
 9.5 0.9780245 0.8399253
 10. 0.95178556 0.8472355
 10.5 0.9487961 0.84235024
 11. 0.94895345 0.831416
 11.5 0.95344853 0.8172564
 12. 0.9781707 0.8167507
 12.5 0.96543765 0.8204751
 13. 0.9662143 0.8174334
 13.5 0.95001507 0.8099055
 14. 1.0023458 0.82002735
 14.5 0.9665194 0.82432824
 15. 0.98492026 0.8377666
 0.5 0.5868183 0.29471022
 1. 0.96570426 0.5601787
 1.5 1.0780175 0.72775626
 2. 1.0709757 0.76623267
 2.5 1.0507989 0.76589316
 3. 1.0807197 0.75885195
 3.5 1.0762675 0.7688202
 4. 1.0665698 0.7606356
 4.5 1.1611795 0.7641584
 5. 1.094025 0.7583272
 5.5 1.0252281 0.75015813
 6. 1.0627902 0.7538676
 6.5 1.0404936 0.7704793
 7. 1.0412384 0.7510806
 7.5 1.0651859 0.75719905
 8. 1.0339906 0.7424999
 8.5 1.0154212 0.7470802
 9. 1.0286869 0.75033206
 9.5 0.9890475 0.7581642
 10. 1.0270993 0.7604857
 10.5 1.0278296 0.7503135
 11. 0.9391041 0.7610641
 11.5 0.99570864 0.7441078
 12. 1.0036751 0.73586106
 12.5 1.0192592 0.73498005
 13. 1.1129715 0.7669242
 13.5 1.0008643 0.71725464
 14. 0.94403046 0.724914
 14.5 0.9349637 0.73013586
 15. 0.928473 0.7279933
 0.5 0.5738359 0.29587165
 1. 0.91228706 0.58113116
 1.5 1.06128 0.7177232
 2. 1.10207 0.7784621
 2.5 1.0528549 0.8253996
 3. 1.0483307 0.7929533
 3.5 1.0050628 0.7859013
 4. 1.0350937 0.78642
 4.5 1.0144887 0.7690774
 5. 1.0733173 0.79959905
 5.5 1.0500762 0.78977436
 6. 1.0121088 0.7680938
 6.5 0.9681509 0.73991305
 7. 0.96089566 0.74212533
 7.5 0.9787218 0.7465208
 8. 0.9133656 0.7496832
 8.5 0.93403596 0.77029055
 9. 0.93276453 0.77470255
 9.5 0.939095 0.7581679
 10. 0.965087 0.76678896
 10.5 0.9263169 0.7465747
 11. 0.9600638 0.755678
 11.5 1.037423 0.7524882
 12. 1.017573 0.77877015
 12.5 1.069241 0.7862709
 13. 1.0476023 0.8019503
 13.5 0.9581127 0.7660483
 14. 0.93818843 0.7487478
 14.5 0.9532468 0.7596557
 15. 0.9895463 0.7533501
 0.5 0.6139142 0.28850323
 1. 0.9578806 0.5525925
 1.5 1.1630942 0.684306
 2. 1.1236483 0.7578982
 2.5 1.1101917 0.7578675
 3. 1.1266388 0.7789898
 3.5 1.1404725 0.77204555
 4. 1.1782293 0.78257984
 4.5 1.0943646 0.78501683
 5. 1.105018 0.789867
 5.5 1.0889418 0.76475227
 6. 1.1118606 0.7545069
 6.5 1.0350609 0.7577602
 7. 1.0091418 0.72985125
 7.5 1.0050596 0.7166013
 8. 0.99553573 0.7249227
 8.5 0.9931673 0.71653855
 9. 1.0465806 0.6946377
 9.5 1.0251424 0.71979403
 10. 1.0288728 0.7206485
 10.5 0.997262 0.7005825
 11. 1.0251843 0.69438463
 11.5 0.97334814 0.701502
 12. 0.95665604 0.66547894
 12.5 0.9698247 0.67352307
 13. 0.9370722 0.6863865
 13.5 0.9610482 0.68723
 14. 0.95674866 0.7015065
 14.5 0.9419555 0.73947704
 15. 0.9392668 0.7230786
 0.5 0.5992148 0.2803688
 1. 0.93803334 0.51845926
 1.5 1.1446689 0.6637355
 2. 1.1229924 0.72470605
 2.5 1.1812117 0.7540128
 3. 1.1166984 0.76430976
 3.5 1.1557782 0.79340494
 4. 1.1007935 0.75764066
 4.5 1.0597421 0.75698894
 5. 1.0456046 0.7725074
 5.5 1.0099806 0.78057885
 6. 1.0535146 0.77284604
 6.5 1.0515661 0.7650636
 7. 1.0370901 0.75184697
 7.5 1.030077 0.74957085
 8. 0.9843034 0.72370857
 8.5 0.9747148 0.7108062
 9. 0.96298265 0.72216314
 9.5 1.0444047 0.72630084
 10. 1.0199068 0.716439
 10.5 1.0202062 0.71174717
 11. 1.0318664 0.7117007
 11.5 1.0490153 0.6934563
 12. 1.0216585 0.7012608
 12.5 0.9786235 0.6931166
 13. 0.92967105 0.69063383
 13.5 1.0034544 0.71718526
 14. 1.016154 0.73409367
 14.5 0.9853142 0.7603715
 15. 0.9808754 0.74966455
 0.5 0.65798056 0.2711723
 1. 1.0549078 0.54073983
 1.5 1.229937 0.63984656
 2. 1.1889594 0.6918095
 2.5 1.1422402 0.69165677
 3. 1.1088603 0.6847475
 3.5 1.181668 0.74305946
 4. 1.1267005 0.7376758
 4.5 1.1293814 0.72228646
 5. 1.0867436 0.71628165
 5.5 1.1204758 0.7139373
 6. 1.0799654 0.7408294
 6.5 0.9830032 0.7170578
 7. 1.0430924 0.71004504
 7.5 1.0299603 0.7021708
 8. 1.0371838 0.6902958
 8.5 1.0263546 0.68061435
 9. 1.0174034 0.69109297
 9.5 0.99275184 0.71838886
 10. 1.0215801 0.7368925
 10.5 1.047014 0.7298496
 11. 1.1232474 0.728546
 11.5 1.0655335 0.7129622
 12. 1.0657982 0.7084535
 12.5 1.0386678 0.7070349
 13. 0.98780835 0.69547117
 13.5 1.0390376 0.711976
 14. 1.0726234 0.71479917
 14.5 1.0453025 0.7180007
 15. 1.0512004 0.70684534
 0.5 0.62089646 0.2795224
 1. 1.0185188 0.54399765
 1.5 1.1462444 0.68449956
 2. 1.0874275 0.7301135
 2.5 1.2046854 0.7661327
 3. 1.2665331 0.7363678
 3.5 1.2085843 0.7371873
 4. 1.0972825 0.7190949
 4.5 1.1156354 0.70342386
 5. 1.0742248 0.708524
 5.5 1.0407342 0.6941363
 6. 1.0172819 0.6956699
 6.5 1.0214797 0.6993001
 7. 1.0721027 0.6953736
 7.5 1.0705397 0.69840634
 8. 1.0299122 0.6738038
 8.5 1.0107529 0.68165314
 9. 1.0177932 0.70248955
 9.5 1.0204521 0.7034998
 10. 1.0140063 0.70833325
 10.5 1.0947666 0.71796286
 11. 1.0737702 0.73318356
 11.5 1.0926124 0.7089784
 12. 0.9953477 0.68725127
 12.5 0.9927338 0.66207105
 13. 1.0444462 0.6699724
 13.5 1.059029 0.64766747
 14. 1.0491941 0.63437563
 14.5 0.99688303 0.6242612
 15. 1.0610889 0.6306729
 0.5 0.73134935 0.2462682
 1. 1.0940988 0.5004933
 1.5 1.235006 0.63094133
 2. 1.2781928 0.68988127
 2.5 1.3211057 0.7116643
 3. 1.3778728 0.71660155
 3.5 1.2537677 0.72439337
 4. 1.2465782 0.7112207
 4.5 1.2441734 0.7007106
 5. 1.2052575 0.714655
 5.5 1.1550428 0.72366023
 6. 1.0857643 0.6951361
 6.5 1.0962336 0.7064152
 7. 1.0547374 0.70613694
 7.5 1.0339879 0.70821774
 8. 1.0783362 0.7119066
 8.5 1.0259074 0.715063
 9. 0.98031974 0.7223812
 9.5 0.97870255 0.7242371
 10. 1.0225308 0.7260312
 10.5 1.0113578 0.7184377
 11. 0.9842003 0.7115664
 11.5 0.9691347 0.7121943
 12. 0.9965281 0.7119428
 12.5 0.9829767 0.6993108
 13. 0.95656943 0.6903633
 13.5 0.92942274 0.6898751
 14. 0.9069666 0.6953149
 14.5 0.9254561 0.6846083
 15. 0.95251393 0.6873324
 0.5 0.7215125 0.25208434
 1. 0.98424363 0.49256754
 1.5 1.1258422 0.6129965
 2. 1.1619416 0.6739567
 2.5 1.2266718 0.6884339
 3. 1.2455182 0.69944954
 3.5 1.2438163 0.7148552
 4. 1.2097753 0.7433041
 4.5 1.1417136 0.7252079
 5. 1.1747245 0.73706853
 5.5 1.1365482 0.73707116
 6. 1.1162151 0.73781514
 6.5 1.0807937 0.71920496
 7. 1.0580813 0.73138094
 7.5 1.0554585 0.7319229
 8. 1.0113151 0.7550332
 8.5 1.0110754 0.74702036
 9. 1.0745091 0.74673545
 9.5 1.0108138 0.73025066
 10. 0.9779055 0.7283342
 10.5 0.9764723 0.7147538
 11. 0.96158266 0.70618427
 11.5 0.9883486 0.6956431
 12. 0.96503353 0.68600625
 12.5 0.9705797 0.6794433
 13. 0.994271 0.67664653
 13.5 1.0401634 0.67623055
 14. 0.98592335 0.6550805
 14.5 0.9808353 0.6401864
 15. 0.9284775 0.62873775
