 3.8000002
 2.1000004
 5.999999
 5.8999996
 6.
 5.6000004
 4.5999985
 5.9000006
 4.
 6.500001
 3.2000008
 4.699999
 7.5999994
 4.9000015
 3.7000008
 7.6000004
 3.3999996
 5.299999
 6.8999996
 7.200001
 3.5
 8.299999
 4.299999
 6.6000004
 2.1000004
 2.6999989
 6.
 3.3000011
 3.1999989
 10.099999
 9.
 7.700001
 1.8999996
 6.6000004
 8.199999
 3.0999985
 5.700001
 7.200001
 9.700001
 10.200001
 7.300001
 6.6000004
 7.
 1.6999989
 9.800001
 8.299999
 3.6999989
 10.4
 5.299999
 4.3999996
 7.3999996
 10.699999
 4.200001
 3.5
 9.099998
 1.1999989
 12.299999
 7.3999996
 6.300001
 2.5999985
 7.6000004
 6.200001
 10.9
 8.1
 14.200001
 4.699999
 6.700001
 7.5
 6.700001
 3.3000011
 10.1
 1.7999992
 9.099998
 12.500002
 4.9000015
 10.500002
 11.100002
 6.6000004
 8.099998
 6.799999
 8.6
 8.1
 1.2999992
 9.700001
 7.800001
 3.1000023
 4.800001
 3.4000015
 8.800001
 8.700003
 11.000002
 12.
 8.999998
 8.199999
 10.4
 11.299999
 8.6
 2.5
 7.1000023
 11.499998
 6.5999985
 8.1
 8.600002
 7.800001
 8.4
 8.1
 9.300001
 9.300001
 7.800001
 10.200001
 8.700001
 7.699999
 13.699999
 8.1
 3.5
 1.9000015
 10.700003
 14.000002
 3.6000023
 6.8999996
 10.
 13.9
 3.2999992
 5.5999985
 13.1
 1.7000008
 8.700001
 7.
 13.799999
 8.900002
 2.2999992
 10.800001
 4.5
 7.1000004
 4.200001
 9.
 8.299999
 7.6000004
 6.200001
 3.699997
 3.1000023
 6.5
 13.299999
 1.2000008
 1.7999992
 8.200003
 15.4
 9.200001
 2.7999992
 10.
 10.4
 6.9000015
 3.
 7.799999
 8.100002
 7.1000023
 3.9000015
 1.7999992
 4.0999985
 7.200001
 6.700001
 12.699999
 10.100002
 17.6
 20.3
 8.400002
 10.599998
 5.299999
 10.600002
 6.3999977
 13.800001
 10.6
 8.099998
 7.5999985
 9.800003
 13.700001
 4.799999
 11.999998
 8.799999
 10.400002
 5.700001
 9.200001
 7.799999
 2.3999977
 7.
 7.299999
 10.800003
 12.6
 9.
 15.1
 11.5
 11.099998
 2.7999992
 15.5
 3.5
 5.6000023
 9.
 22.699999
 9.5
 4.5999985
 1.
 8.399998
 14.1
 3.2000008
 1.4000015
 8.5
 1.2000008
 2.
 10.899998
 2.7000008
 21.9
 10.200001
 13.799999
 13.099998
 16.6
 12.199997
 8.799999
 4.3999977
 18.900002
 5.0999985
 10.400002
 9.900002
 8.200001
 10.5
 1.5
 1.7999992
 4.
 17.000002
 12.700001
 10.199997
 8.299999
 11.600002
 11.599998
 9.5
 17.
 4.
 12.299999
 15.400002
 5.3999977
 11.099998
 10.800003
 11.400002
 2.2999992
 5.5999985
 14.100002
 16.3
 5.200001
 9.900002
 7.299999
 9.799999
 9.399998
 13.100002
 5.800003
 13.299999
 8.5
 16.7
 1.4000015
 10.900002
 8.5
 14.700001
 11.799999
 17.2
 7.8999977
 4.4000015
 8.700001
 12.299999
 5.5
 17.3
 2.5999985
 4.799999
 6.299999
 1.2999992
 9.399998
 13.200001
 13.899998
 11.600002
 18.900002
 11.100002
 7.3999977
 9.5
 19.5
 10.100002
 14.300003
 3.4000015
 12.400002
 16.600002
 12.
 13.199997
 12.599998
 13.5
 15.700001
 10.200001
 9.
 6.199997
 7.699997
 1.4000015
 9.900002
 11.700001
 7.5999985
 6.299999
 5.1000023
 7.
 1.7999992
 6.299999
 14.699997
 8.799999
 10.599998
 4.799999
 8.299999
 9.900002
 14.100002
 15.299999
 5.799999
 5.700001
 18.8
 3.2000008
 4.5999985
 19.
 10.
 5.700001
 17.800003
 3.800003
 5.700001
 30.2
 9.299999
 11.900002
 19.899998
 24.5
 13.699997
 10.099998
 3.7000008
 16.300003
 11.199997
 7.3999977
 7.200001
 7.1000023
 19.2
 6.5
 9.700001
 8.399998
 8.099998
 11.5
 8.200001
 9.200001
 6.199997
 9.700001
 12.700001
 9.900002
 11.700001
 18.
 3.7000008
 9.599998
 9.5
 21.699997
 9.400002
 12.299999
 8.099998
 5.2000046
 9.000004
 2.0000038
 12.800003
 6.799999
 17.3
 18.3
 18.800003
 8.299999
 10.099998
 8.400005
 23.100002
 5.
 11.
 8.999996
 10.999996
 10.200001
 9.5
 10.5
 5.5999985
 2.8999977
 12.100002
 1.9000015
 9.099998
 14.799999
 4.999996
 4.300003
 13.899998
 12.599998
 6.800003
 11.300003
 16.500004
 7.6000023
 12.899998
 4.8999977
 13.500004
 10.200001
 3.399994
 16.100002
 17.499996
 11.899998
 7.6000023
 13.500004
 7.6000023
 6.9000015
 3.
 8.100002
 15.799999
 10.700001
 12.
 26.399998
 2.5999985
 14.900002
 16.7
 5.5
 3.4000015
 12.800003
 7.800003
 10.299999
 5.300003
 8.100002
 20.800003
 8.100002
 6.199997
 5.5
 20.2
 14.600002
 2.0999985
 10.400005
 2.
 13.700005
 5.5
 16.3
 1.199997
 19.099998
 12.899998
 13.300003
 9.599998
 21.
 2.7999954
 6.7999954
 20.899998
 1.4000015
 5.0999985
 8.099998
 5.
 6.2999954
 11.099998
 9.600006
 14.300003
 8.900002
 1.5999985
 4.699997
 7.699997
 24.599998
 11.300003
 10.900002
 1.0999985
 1.7000046
 23.100002
 22.399998
 13.199997
 9.600006
 4.
 3.699997
 10.399994
 7.
 14.900005
 3.0999985
 7.
 21.499996
 7.7000046
 8.400002
 3.
 15.299999
 1.2999954
 9.299995
 15.000004
 6.5
 10.400002
 28.900002
 16.099998
 6.0999985
 3.2999954
 10.700005
 28.2
 1.5999985
 15.600002
 11.
 9.700005
 2.5999985
 9.
 13.5
 23.099998
 8.800003
 9.700005
 11.300003
 10.800003
 11.5
 11.199997
 10.099998
 11.800003
 8.
 4.5
 6.4000015
 10.
 2.7000046
 8.600006
 1.5
 9.799995
 8.900002
 34.6
 14.700005
 4.699997
 8.5
 7.5
 24.500004
 8.200005
 10.200005
 7.9000015
 4.800003
 10.900002
 8.200005
 20.400002
 2.5
 23.600002
 7.199997
 6.9000015
 9.599998
 17.999996
 6.
 9.
 7.800003
 13.599998
 2.5
 8.
 7.7999954
 6.0999985
 9.699997
 13.5
 3.7999954
 32.700005
 23.900005
 22.400002
 11.900002
 5.4000015
 6.199997
 15.300003
 9.800003
 5.2000046
 2.5999985
 7.100006
 21.800003
 14.5
 9.700005
 6.7999954
 14.199997
 2.7000046
 15.200005
 14.899994
 9.300003
 4.800003
 3.300003
 3.5999985
 13.199997
 2.5999985
 3.2000046
 7.9000015
 9.800003
 11.5
 6.800003
 5.4000015
 11.199997
 2.100006
 10.099998
 3.7000046
 17.300003
 11.
 13.100006
 7.800003
 4.5
 2.699997
 11.5
 5.9000015
 9.300003
 6.7999954
 31.600002
 5.5999985
 13.700005
 3.9000015
 9.900002
 17.
 2.4000015
 4.2000046
 12.900002
 4.9000015
 18.800003
 7.2999954
 8.5
 4.
 28.600002
 7.699997
 3.699997
 7.899994
 10.099998
 2.5
 11.400002
 8.799995
 11.
 17.400002
 7.2999954
 4.4000015
 5.0999985
 6.2999954
 10.199997
 7.300003
 2.7000046
 25.5
 6.199997
 8.699997
 9.799995
 4.4000015
 1.4000015
 3.0999985
 13.700005
 6.5999985
 14.099998
 26.299995
 7.600006
 11.700005
 3.9000015
 5.2999954
 11.599998
 3.5
 17.300003
 9.800003
 9.099998
 4.699997
 4.
 6.7000046
 7.699997
 4.0999985
 4.7000046
 13.5
 11.599998
 2.399994
 7.199997
 13.299995
 4.
 10.800003
 1.9000015
 15.700005
 6.300003
 5.0999985
 8.200005
 10.700005
 8.699997
 5.4000015
 4.0999985
 8.299995
 7.5999985
 14.700005
 4.699997
 13.099998
 9.599998
 29.200005
 7.5
 11.900002
 6.800003
 6.300003
 13.799995
 4.4000015
 8.399994
 12.599998
 6.5999985
 11.699997
 13.199997
 4.0999985
 3.199997
 6.600006
 5.800003
 17.800003
 5.5999985
 9.199997
 10.899994
 4.5999985
 2.800003
 13.299995
 11.299995
 3.5
 4.5
 3.9000015
 6.4000015
 3.300003
 7.5
 13.299995
 10.700005
 11.700005
 4.5
 10.199997
 2.7999954
 11.799995
 5.4000015
 8.099998
 7.9000015
 9.699997
 12.199997
 10.700005
 7.5999985
 17.5
 5.7999954
 4.800003
 7.7000046
 19.5
 3.9000015
 4.4000015
 5.
 6.2999954
 19.899994
 8.899994
 6.2000046
 14.599998
 10.5
 13.199997
 16.300003
 4.199997
 1.4000015
 7.2000046
 9.300003
 11.799995
 10.799995
 3.300003
 5.
 6.2000046
 4.300003
 10.5
 19.399994
 4.9000015
 6.4000015
 6.4000015
 7.2000046
 11.300003
 13.599998
 5.9000015
 7.2999954
 6.0999985
 10.299995
 2.5999985
 10.5
 3.5
 6.100006
 11.600006
 6.
 21.800003
 2.9000015
 10.
 12.5
 8.700005
 5.7000046
 6.2999954
 19.599998
 34.9
 5.7000046
 3.
 2.2000046
 4.0999985
 8.800003
 14.299995
 11.699997
 4.2000046
 7.0999985
 2.7999954
 10.800003
 7.9000015
 2.199997
 8.
 9.800003
 6.4000015
 7.
 8.800003
 5.4000015
 6.399994
 10.
 8.
 10.700005
 4.9000015
 1.800003
 7.0999985
 5.300003
 12.300003
 5.300003
 7.
 7.5
 8.100006
 2.100006
 5.2000046
 2.
 3.
 3.699997
 9.699997
 2.2999954
 10.399994
 4.9000015
 14.599998
 6.399994
 7.699997
 3.5
 2.2000046
 4.199997
 13.099998
 9.300003
 5.0999985
 6.0999985
 3.5
 8.599998
 2.5999985
 5.5999985
 2.5
 5.699997
 16.699997
 3.5
 10.299995
 10.299995
 7.5
 3.800003
 2.899994
 8.599998
 10.400002
 10.5
 2.9000015
 7.899994
 3.2999954
 5.0999985
 8.5
 4.5999985
 14.
 6.0999985
 2.2000046
 15.5
 3.199997
 5.9000015
 12.
 5.5
 2.0999985
 4.0999985
 9.599998
 7.
 3.
 5.300003
 9.
 8.
 3.5999985
 2.7999954
 9.100006
 14.400002
 6.
 10.299995
 8.200005
 6.800003
 7.
 6.0999985
 2.0999985
 10.899994
 6.699997
 5.7000046
 3.100006
 4.5
 5.
 25.400002
 4.5999985
 12.5
 9.799995
 4.2999954
 1.8999939
 2.2000046
 5.
 14.099998
 10.399994
 7.7000046
 8.099998
 3.9000015
 15.
 9.099998
 9.400002
 9.399994
 5.100006
 2.2000046
 0.9000015
 10.099998
 7.7999954
 13.800003
 15.800003
 1.300003
 11.900002
 6.199997
 13.800003
 7.2999954
 14.100006
 6.100006
 11.
 1.800003
 5.2999954
