 2.3000002
 2.7999992
 5.8
 3.1999998
 2.7000008
 4.3999996
 3.1000004
 3.5999985
 6.6000004
 3.2000008
 2.
 2.6000004
 1.8000011
 2.7000008
 3.5999985
 6.5
 6.000001
 5.200001
 5.0999985
 5.
 5.
 4.1000004
 5.299999
 5.300001
 6.700001
 7.0999994
 5.199999
 8.3
 3.2000008
 3.8000011
 3.
 6.200001
 4.299999
 1.2999992
 8.
 8.200001
 6.6000004
 9.7
 8.900001
 9.100001
 5.5
 9.499999
 9.4
 5.799999
 4.8999996
 6.8999996
 1.7000008
 10.099999
 9.7
 6.699999
 7.8999996
 4.200001
 8.800001
 9.900002
 8.1
 8.1
 8.6
 2.2999992
 10.4
 2.
 8.299999
 7.300001
 8.300001
 8.699999
 6.5
 8.4
 6.300001
 11.1
 12.4
 11.9
 12.799999
 10.300001
 7.9000015
 1.1999989
 9.699999
 8.199999
 11.6
 10.200001
 7.800001
 11.699999
 1.2999992
 12.200001
 11.799999
 3.8999996
 5.200001
 6.5
 13.800001
 13.199999
 5.299999
 5.9000015
 11.4
 10.699999
 15.4
 12.300001
 11.500002
 15.4
 8.599998
 5.8999996
 11.300001
 15.600002
 13.9
 5.
 13.4
 4.6000004
 8.700003
 13.600002
 11.4
 11.9
 13.299999
 15.1
 11.6
 17.7
 12.6
 10.700003
 3.800003
 18.300001
 15.100002
 18.300001
 11.499998
 14.799999
 16.000002
 17.1
 14.400002
 8.400002
 19.300001
 8.
 15.
 16.1
 18.6
 15.400002
 14.500002
 14.6
 20.100002
 16.7
 14.199999
 17.1
 9.500002
 17.900002
 5.8999977
 14.900002
 21.699999
 14.400002
 19.800001
 21.3
 16.100002
 7.4000015
 19.900002
 14.4
 15.9
 16.900002
 13.799999
 19.
 14.400002
 13.700001
 3.7000008
 12.800001
 16.499998
 25.1
 11.
 17.400002
 16.000002
 20.3
 15.000002
 24.
 19.200003
 14.900002
 28.600002
 15.5
 20.1
 22.400002
 12.200001
 3.7000008
 20.3
 14.700001
 25.8
 26.499998
 22.900002
 24.800001
 27.499998
 18.199999
 5.8999977
 30.499998
 24.4
 20.9
 17.199999
 18.400002
 11.5
 14.699997
 16.800003
 24.200003
 19.7
 27.5
 11.
 21.4
 24.000002
 24.1
 26.4
 2.4000015
 8.300003
 24.700003
 4.800003
 24.3
 16.599998
 20.8
 25.9
 19.199997
 25.9
 32.199997
 11.100002
 23.2
 23.8
 21.2
 27.5
 5.200001
 15.799999
 33.4
 25.400002
 29.300001
 25.099998
 20.599998
 15.600002
 34.1
 31.5
 32.7
 33.9
 14.700001
 35.800003
 18.5
 17.5
 26.7
 26.699997
 32.
 23.7
 32.2
 26.3
 11.300003
 27.400002
 24.099998
 27.3
 36.4
 24.600002
 29.599998
 26.399998
 31.900002
 17.3
 29.3
 24.600002
 6.
 38.1
 29.2
 30.100002
 30.899998
 31.399998
 20.
 36.7
 19.500004
 29.399998
 46.4
 27.400002
 24.3
 40.899998
 24.600002
 36.5
 25.5
 25.8
 29.3
 26.399998
 28.099998
 30.099998
 35.800003
 28.3
 31.300003
 8.
 21.199997
 18.800003
 37.9
 8.200001
 33.600002
 35.2
 26.000004
 29.500004
 37.6
 41.5
 29.999996
 21.999996
 24.100002
 43.7
 45.6
 43.899998
 22.8
 26.100002
 26.100002
 48.4
 40.
 15.099998
 32.800003
 41.600006
 23.200005
 6.0999985
 33.5
 6.5999985
 29.399998
 21.2
 33.2
 22.400002
 21.099998
 41.1
 20.599998
 39.300003
 6.2000046
 33.600002
 36.499996
 46.800003
 4.4000015
 19.499996
 38.6
 13.400002
 11.800003
 29.600002
 39.8
 35.100002
 39.100002
 4.300003
 51.800003
 15.200005
 45.
 19.400005
 51.5
 41.500004
 34.6
 41.8
 33.1
 25.399998
 29.000004
 39.300003
 26.100002
 38.1
 29.8
 35.699997
 55.
 37.7
 34.3
 33.9
 35.399998
 52.9
 41.4
 29.600002
 51.1
 46.399998
 31.100002
 46.2
 17.399998
 30.600002
 23.100002
 37.5
 31.
 32.2
 39.600002
 50.800003
 47.600002
 17.899998
 48.
 39.6
 53.500004
 38.800003
 42.6
 32.699997
 9.300003
 37.700005
 44.900005
 38.4
 17.199997
 15.900002
 7.2999954
 11.799995
 15.299995
 57.9
 48.4
 55.800003
 29.8
 34.199997
 23.100002
 37.1
 11.099998
 47.399998
 41.300003
 34.2
 46.
 52.
 44.2
 39.200005
 39.9
 48.
 19.899994
 24.3
 54.9
 30.200005
 56.200005
 33.399998
 56.700005
 20.200005
 44.500004
 55.300003
 40.4
 43.100002
 48.7
 21.699997
 16.400002
 37.4
 37.7
 45.100002
 28.3
 39.3
 63.9
 36.6
 43.899998
 56.799995
 43.800003
 56.200005
 42.
 24.600002
 49.900005
 44.2
 30.199997
 20.099998
 18.900002
 41.
 38.5
 42.600002
 46.300003
 15.300003
 41.899998
 19.
 28.3
 44.600002
 53.
 32.1
 52.400005
 47.900005
 18.099998
 50.100002
 18.799995
 43.3
 56.699997
 39.499996
 35.2
 39.8
 31.
 47.199997
 24.899994
 55.899998
 24.900002
 42.9
 21.800003
 44.5
 47.
 35.899998
 14.200005
 44.900005
 50.100002
 37.8
 19.700005
 41.9
 36.400005
 5.199997
 53.8
 18.299995
 35.6
 46.699997
 62.300003
 69.9
 49.399998
 26.300003
 32.300003
 67.3
 21.200005
 22.700005
 9.600006
 53.300003
 38.8
 49.100002
 14.199997
 41.400005
 41.700005
 22.099998
 59.200005
 56.5
 39.
 70.2
 52.1
 21.300003
 73.4
 61.100002
 42.2
 24.5
 43.9
 53.7
 43.8
 71.700005
 55.9
 37.1
 47.800003
 22.800003
 47.100002
 15.199997
 49.2
 68.5
 11.5
 23.400002
 13.199997
 57.4
 28.799995
 61.700005
 43.100002
 47.4
 38.6
 7.5
 45.7
 50.499996
 49.9
 17.599998
 30.300003
 44.699997
 50.200005
 10.900002
 49.4
 38.3
 53.500004
 62.7
 4.899994
 23.900002
 54.2
 58.9
 20.400002
 56.9
 15.900002
 51.8
 68.5
 40.999996
 50.999996
 55.600002
 50.000004
 35.200005
 47.
 32.6
 60.5
 35.4
 25.299995
 30.900002
 29.599998
 30.
 31.299995
 42.1
 37.9
 35.300003
 17.599998
 45.5
 40.
 38.800003
 66.600006
 47.300003
 56.3
 55.100002
 25.900002
 49.5
 48.400005
 58.500004
 27.599998
 44.
 44.399998
 48.300003
 43.8
 61.199997
 31.800003
 25.800003
 40.199997
 6.2999954
 57.399998
 19.700005
 50.000004
 10.699997
 47.8
 32.700005
 34.100006
 42.699997
 17.
 54.1
 54.500004
 20.200005
 21.900002
 29.5
 52.899998
 59.600002
 5.9000015
 32.700005
 32.700005
 72.
 15.900002
 58.500004
 53.9
 52.000004
 71.8
 66.5
 38.299995
 54.499996
 32.700005
 20.099998
 63.899998
 56.8
 40.600006
 5.5
 17.700005
 56.300003
 67.100006
 4.9000015
 13.599998
 65.7
 43.
 18.599998
 34.6
 42.5
 21.900002
 62.7
 29.799995
 37.199997
 36.5
 46.699997
 15.200005
 61.300003
 57.2
 12.300003
 33.1
 37.4
 68.
 17.099998
 51.899998
 22.900002
 77.100006
 82.
 33.6
 18.699997
 65.4
 10.900002
 40.6
 38.
 50.699997
 55.800003
 21.300003
 77.200005
 73.100006
 51.4
 26.599998
 31.
 29.700005
 54.500004
 80.100006
 36.800003
 32.
 53.799995
 62.800003
 48.9
 7.4000015
 68.
 47.6
 8.599998
 40.6
 59.600002
 16.
 84.5
 66.899994
 59.800003
 8.
