 3.2999992
 3.
 5.
 4.8999996
 4.3999996
 5.9000006
 2.2000008
 6.6000004
 6.3
 5.8999996
 4.5
 5.5
 5.799999
 2.7999992
 5.799999
 1.8999996
 6.299999
 1.3999996
 5.8999996
 4.1000004
 4.800001
 7.9000015
 8.1
 6.8999996
 8.5
 2.5
 2.5999985
 4.1000004
 7.1000004
 5.6000004
 6.200001
 8.
 6.200001
 3.8999996
 6.9000015
 8.299999
 2.7000008
 5.200001
 3.7999992
 7.8999996
 8.
 8.
 7.8999996
 7.800001
 2.5
 7.5
 10.799999
 3.7999992
 8.199999
 2.1999989
 10.599998
 1.7999992
 3.
 2.5
 4.200001
 3.8999996
 7.700001
 7.
 8.299999
 9.199999
 3.2999992
 10.300001
 7.299999
 4.
 9.800001
 3.7999992
 8.5
 1.5
 1.5
 3.5
 9.1
 9.900002
 5.
 9.300001
 7.8999996
 3.1000023
 2.2000008
 4.4000015
 11.699999
 9.699999
 7.700001
 6.5999985
 7.299999
 5.5
 3.7000008
 7.799999
 5.0999985
 13.500002
 6.700001
 5.4000015
 9.9
 6.299999
 8.300003
 8.200001
 8.799999
 8.200001
 9.599998
 9.400002
 6.5
 2.2999992
 2.3999977
 7.799999
 5.6000023
 9.200001
 7.
 4.799999
 8.799999
 2.7999992
 8.800003
 8.100002
 9.200001
 7.8999977
 8.899998
 13.700003
 8.299999
 7.
 6.9000015
 4.5999985
 7.700001
 10.
 8.799999
 6.299999
 2.8999977
 5.9000015
 6.200001
 16.8
 8.5
 13.
 7.299999
 7.299999
 4.700001
 7.5999985
 4.8999977
 5.
 4.200001
 4.700001
 1.6000023
 11.299999
 4.
 5.5
 5.5999985
 7.200001
 3.199997
 4.199997
 5.
 6.0999985
 6.5
 7.799999
 7.4000015
 4.5999985
 5.200001
 10.299999
 7.0999985
 5.300003
 6.9000015
 7.799999
 4.200001
 9.599998
 8.799999
 6.700001
 7.4000015
 5.4000015
 5.299999
 10.900002
 10.
 9.799999
 11.099998
 3.2999992
 9.
 8.5
 9.200001
 6.9000015
 9.099998
 4.200001
 10.399998
 3.3999977
 3.2999992
 6.0999985
 7.
 3.2999992
 12.299999
 9.5
 2.4000015
 3.3999977
 2.9000015
 9.899998
 5.700001
 7.200001
 7.9000015
 9.299999
 3.8999977
 7.1000023
 3.3999977
 10.799999
 3.8999977
 3.4000015
 12.099998
 5.799999
 5.5
 8.299999
 4.799999
 7.4000015
 4.4000015
 5.3999977
 8.5
 9.600002
 3.5
 8.200001
 6.4000015
 5.5
 7.700001
 5.300003
 5.700001
 7.700001
 10.599998
 1.7000008
 8.099998
 3.1000023
 2.5
 3.3999977
 7.
 2.
 7.8999977
 2.5999985
 7.
 6.200001
 2.5
 4.299999
 7.499996
 3.3999977
 2.2000046
 4.800003
 3.0000038
 3.2000008
 2.5999985
 6.799999
 5.300003
 6.4000015
 3.199997
 5.2000046
 6.000004
 2.5999985
 2.699997
 4.
 9.100002
 1.4000015
 7.2000046
 6.299999
 9.100002
 2.199997
 1.6000061
 2.
 1.
 9.900002
 2.7999954
 4.199997
 5.399994
 1.9000015
 7.
 4.0999985
 9.900002
 8.
 6.800003
 6.5
 6.2999954
 4.699997
 10.599998
 9.
 5.9000015
 8.699997
 10.299999
 7.5999985
 4.7999954
 4.300003
 4.300003
 4.2000046
 13.500004
 4.800003
 6.5999985
 8.
 5.9000015
 5.5999985
 5.5
 5.800003
 2.
 10.
 5.2000046
 4.5999985
 7.4000015
 10.699997
 2.
 10.599998
 2.7000046
 7.699997
 10.400002
 1.5
 5.0999985
 7.4000015
 6.0999985
 1.800003
 6.5
 10.799995
 8.300003
 8.799995
 4.800003
 2.
 10.900002
 6.9000015
 4.199997
 6.2000046
 2.5999985
 8.900002
 6.199997
 9.200005
 5.4000015
 6.199997
 7.9000015
 1.800003
 4.4000015
 7.199997
 6.899994
 8.199997
 8.299995
 7.4000015
 2.100006
 6.7999954
 9.699997
 5.9000015
 4.199997
 6.800003
 8.599998
 7.899994
 8.100006
 3.4000015
 9.300003
 10.099998
 5.699997
 11.
 2.9000015
 7.100006
 3.7000046
 7.4000015
 13.099998
 4.9000015
 6.9000015
 7.4000015
 8.400002
 3.
 10.600006
 7.
 7.4000015
 4.300003
 7.5
 7.2000046
 4.7000046
 3.4000015
 10.900002
 6.199997
 2.9000015
 2.9000015
 7.199997
 4.7000046
 6.
 11.400002
 7.
 7.7000046
 7.5
 2.800003
 7.
 11.300003
 7.2999954
 9.899994
 5.800003
 2.
 4.2000046
 8.
 3.5
 2.5
 2.
 2.800003
 4.0999985
 10.900002
 6.9000015
 2.2999954
 4.300003
 6.5
 2.5999985
 3.2000046
 11.5
 6.800003
 5.0999985
 6.7000046
 6.
 9.200005
 3.2000046
 11.699997
 12.399994
 5.300003
 9.
 8.699997
 2.2000046
 6.300003
 9.600006
 3.5999985
 9.299995
 9.800003
 8.700005
 7.100006
 8.799995
 3.100006
 5.9000015
 9.899994
 7.300003
 9.600006
 1.5999985
 11.5
 7.5
 4.699997
 9.199997
 2.2999954
 2.9000015
 7.5
 5.7000046
 5.9000015
 4.699997
 12.400002
 2.5999985
 3.
 7.
 8.099998
 7.2000046
 7.9000015
 7.5
 13.700005
 2.800003
 10.
 6.5
 3.5999985
 11.099998
 6.9000015
 3.2000046
 2.300003
 8.
 8.099998
 7.9000015
 12.599998
 13.5
 13.100006
 2.100006
 1.9000015
 2.7000046
 12.
 8.799995
 7.4000015
 1.5999985
 7.9000015
 10.199997
 11.799995
 2.5
 6.600006
 10.199997
 18.299995
 5.199997
 10.800003
 2.7000046
 8.699997
 2.5
 3.199997
 6.5
 2.899994
 6.300003
 8.899994
 6.899994
 2.800003
 1.699997
 13.599998
 3.5
 6.699997
 7.7000046
 7.4000015
 6.7999954
 7.699997
 2.7000046
 4.4000015
 3.
 6.7000046
 6.300003
 1.8999939
 5.0999985
 3.300003
 5.399994
 6.4000015
 8.400002
 3.
 7.800003
 2.800003
 6.0999985
 4.7000046
 2.7999954
 6.
 8.199997
 2.
 5.
 6.5999985
 4.2999954
 6.2000046
 6.5
 2.2000046
 6.699997
 6.5
 6.699997
 7.9000015
 3.699997
 5.4000015
 6.800003
 7.7000046
 8.
 7.9000015
