 2.5
 4.8
 4.9000006
 5.200001
 4.800001
 5.299999
 3.8999996
 6.
 4.5
 4.5
 5.800001
 3.3999996
 2.7999992
 5.799999
 8.799999
 6.0999985
 6.4000015
 3.2999992
 3.1000004
 4.9000015
 6.300001
 7.0999985
 6.5999985
 8.
 1.7999992
 7.000002
 6.699999
 5.000002
 2.7999992
 7.800001
 6.6000004
 3.
 2.7999992
 2.5999985
 5.6000023
 2.7999992
 7.0999985
 2.5
 2.6000023
 2.5
 5.799999
 5.299999
 6.6000023
 2.2999992
 3.5999985
 2.0999985
 8.399998
 5.299999
 6.299999
 4.200001
 6.799999
 3.
 2.7000008
 6.5
 3.9000015
 6.9000015
 6.299999
 6.300003
 6.700001
 5.199997
 7.
 6.6000023
 2.2999992
 5.9000015
 5.
 2.7000008
 6.1000023
 7.
 3.5999985
 5.5
 7.1000023
 7.5999985
 5.9000015
 5.8999977
 6.700001
 5.5
 2.7000008
 3.0999985
 6.
 2.9000015
 3.1000023
 6.1000023
 7.200001
 5.200001
 6.3999977
 3.
 3.4000015
 2.5
 6.5
 5.800003
 5.0999985
 2.699997
 3.300003
 5.
 4.0999985
 5.7000046
 3.5999985
 7.199997
 6.699997
 6.5
 2.800003
 6.7999954
 3.0999985
 6.7000046
 2.899994
 9.199997
 3.4000015
 6.199997
 5.600006
 6.800003
 3.2999954
 5.600006
 6.800003
 2.0999985
 4.600006
 2.4000015
 2.600006
 4.300003
 7.0999985
 8.300003
 3.0999985
 6.4000015
 7.
 3.600006
 5.4000015
 3.2999954
 3.5
 9.299995
 6.
 3.
 5.4000015
 6.0999985
 5.5
 5.699997
 6.
 3.800003
 4.5999985
 5.2000046
 5.800003
 6.199997
 6.5
 5.699997
 2.4000015
 5.300003
 7.5999985
 7.
 9.400002
 5.5999985
 6.300003
 2.5
 6.
 6.4000015
 2.5
 3.2999954
 2.800003
 4.9000015
 5.0999985
 3.5
 3.0999985
 5.7000046
 5.9000015
 6.0999985
 2.5
 7.
 3.4000015
 8.5
 4.2999954
 5.600006
 2.9000015
 3.699997
 3.800003
 6.5999985
 5.0999985
 5.2000046
 5.7999954
 6.
 5.300003
 7.4000015
 5.0999985
 6.0999985
 3.7999954
 6.399994
