 3.
 2.1000004
 2.7000008
 3.6000004
 5.7
 3.1000004
 5.2
 5.1000013
 4.1000013
 3.7000008
 5.4000006
 3.
 3.2999992
 3.8999996
 3.2000008
 1.5
 6.0999994
 1.3000011
 5.700001
 4.699999
 7.9000006
 3.9000015
 4.
 3.8999996
 1.5
 6.1000004
 7.1000004
 7.200001
 6.5
 6.0999985
 7.1000004
 6.
 2.8999996
 2.3999996
 7.6000004
 5.8999996
 8.300001
 7.700001
 6.799999
 5.5
 8.5
 6.8999996
 7.8999996
 7.200001
 2.0999985
 7.
 4.200001
 6.9000015
 8.699999
 1.6000004
 10.6
 10.1
 9.9
 7.
 6.5
 9.099998
 6.3999996
 3.
 2.0999985
 6.199999
 7.699999
 6.
 8.
 7.8999996
 1.3999996
 7.5
 6.700001
 3.1000004
 2.5
 6.200001
 10.799999
 5.700001
 8.799999
 9.099998
 5.799999
 7.5
 3.7000008
 3.8999996
 9.6
 10.700001
 9.5
 5.5999985
 7.8999996
 1.2999992
 6.3999996
 5.
 6.799999
 7.8999996
 11.1
 2.5
 9.199999
 11.799999
 1.1000023
 3.499998
 8.200001
 12.300001
 3.1000004
 11.999998
 5.799999
 8.700001
 4.6000004
 4.6000023
 7.8999996
 1.2999992
 12.800001
 10.
 10.199999
 11.400002
 10.199999
 12.200003
 10.9
 9.800001
 16.800001
 3.500002
 5.799999
 5.500002
 10.000002
 12.600002
 1.199997
 13.699999
 14.000002
 7.9000015
 14.300001
 9.800001
 12.799999
 4.4000015
 14.200001
 12.5
 14.9
 11.800001
 11.
 14.100002
 13.300001
 12.000002
 1.2999992
 13.
 7.8999996
 14.300001
 13.800001
 19.700003
 9.4
 12.200001
 9.5
 10.499998
 9.599998
 12.499998
 9.699999
 1.8999977
 6.
 12.100002
 17.
 12.200003
 15.800001
 17.099998
 8.6
 14.600002
 12.600002
 12.000002
 15.200003
 9.4
 5.799999
 4.199997
 16.7
 6.799999
 12.200003
 18.2
 22.1
 8.5
 14.4
 6.700001
 8.299999
 20.4
 17.600002
 21.
 6.700001
 20.300001
 11.700001
 14.5
 9.399998
 12.999998
 17.200003
 10.099998
 16.499998
 24.8
 24.099998
 12.400002
 17.200003
 5.4000015
 9.5
 10.
 17.400002
 16.6
 16.000002
 22.4
 17.900002
 19.800001
 14.499998
 12.099998
 19.1
 11.099998
 15.700003
 9.5
 8.599998
 12.099998
 20.
 26.999998
 15.5
 12.700001
 9.600002
 11.200001
 10.5
 22.499998
 15.100002
 17.600002
 7.800003
 9.700001
 16.8
 16.7
 27.6
 12.700001
 22.3
 14.900002
 9.200001
 14.299999
 28.
 5.700001
 19.999998
 2.7999992
 12.700001
 22.699999
 23.9
 17.400002
 17.7
 17.099998
 13.700001
 8.
 30.9
 22.699999
 17.
 18.
 20.2
 13.200001
 29.500002
 17.100002
 6.700001
 22.4
 23.999998
 22.2
 26.
 31.3
 24.4
 13.399998
 32.1
 9.200001
 28.4
 6.200001
 15.299999
 26.1
 21.900002
 27.100002
 16.599998
 17.8
 11.5
 24.
 17.
 20.5
 20.5
 21.599998
 19.899998
 29.900002
 22.300003
 37.9
 23.899998
 26.2
 17.7
 20.099998
 23.300003
 20.600002
 29.099998
 21.
 23.099998
 35.
 30.800001
 34.
 10.799999
 15.100002
 22.899998
 23.7
 28.100002
 11.600002
 21.399998
 22.900002
 23.899998
 2.7999992
 23.5
 21.2
 35.300003
 20.
 32.699997
 14.
 24.8
 29.100002
 24.
 23.200005
 23.300003
 22.400002
 22.600002
 33.700005
 26.7
 25.
 26.5
 23.599998
 21.3
 23.5
 19.3
 29.8
 11.300003
 26.800003
 14.5
 15.400002
 24.5
 19.500004
 13.900002
 26.000004
 24.000004
 26.699997
 28.199997
 22.7
 6.3999977
 30.199997
 21.7
 43.300003
 29.500004
 29.700005
 31.899998
 36.4
 17.900005
 34.100002
 26.599998
 17.499996
 16.3
 38.3
 29.8
 30.5
 8.799999
 26.999996
 34.3
 25.600002
 28.3
 36.2
 17.
 34.7
 28.400002
 31.600002
 35.900005
 13.500004
 13.599998
 25.399998
 38.1
 29.900005
 25.600002
 29.100002
 37.600002
 31.8
 29.700005
 20.300003
 30.999996
 32.899998
 27.7
 21.399998
 47.199997
 18.
 8.
 21.599998
 37.899998
 36.400005
 45.5
 45.
 29.399998
 24.900002
 18.800003
 30.7
 31.8
 32.3
 47.
 33.4
 27.400005
 32.2
 44.
 26.699997
 22.099998
 28.900002
 33.1
 34.899998
 49.299995
 15.
 35.5
 37.3
 33.1
 42.999996
 20.499996
 40.8
 31.7
 13.700005
 15.800003
 19.500004
 38.600002
 42.300003
 50.
 12.
 38.199997
 35.6
 18.
 38.300003
 60.500004
 49.000004
 29.100002
 34.100002
 12.699997
 37.199997
 32.8
 33.300003
 36.2
 26.600002
 39.600002
 29.900002
 47.600002
 29.7
 33.6
 24.899998
 31.100002
 35.700005
 40.200005
 60.7
 28.8
 40.100002
 25.400005
 46.
 36.499996
 39.900005
 36.7
 17.300003
 28.5
 26.900002
 51.6
 32.6
 36.199997
 5.399994
 42.000004
 12.200005
 20.099998
 39.5
 36.
 41.5
 37.3
 44.399998
 37.600002
 13.900002
 16.
 17.600006
 39.500004
 24.300003
 42.800003
 33.899998
 35.100002
 51.600002
 13.
 32.8
 15.699997
 41.899998
 39.500004
 36.7
 37.8
 27.800003
 29.100002
 17.900002
 26.199997
 14.900002
 38.800003
 42.9
 49.8
 34.600002
 7.4000015
 25.799995
 24.699997
 49.600002
 3.7999954
 39.999996
 44.9
 36.1
 5.9000015
 23.800003
 35.2
 40.4
 9.099998
 15.799995
 45.900005
 39.3
 36.300003
 28.099998
 45.399998
 41.500004
 20.299995
 30.299995
 54.500004
 41.
 35.399998
 40.500004
 37.900005
 31.5
 45.5
 13.300003
 56.1
 40.899998
 5.600006
 28.
 17.900002
 52.8
 19.5
 13.900002
 37.8
 8.400002
 30.900002
 22.
 20.599998
 25.899994
 21.5
 44.600002
 16.599998
 55.4
 14.099998
 25.
 46.9
 11.300003
 44.7
 51.8
 11.299995
 45.3
 20.099998
 42.2
 10.900002
 35.6
 15.100006
 43.300003
 37.9
 39.7
 37.899994
 17.5
 62.5
 37.299995
 37.6
 5.7000046
 14.5
 55.899998
 38.899994
 30.5
 48.3
 43.600002
 31.700005
 50.100002
 54.9
 17.799995
 11.799995
 19.799995
 24.900002
 6.699997
 54.699997
 26.700005
 45.800003
 22.199997
 30.199997
 35.4
 41.4
 49.700005
 50.7
 43.2
 29.
 35.799995
 18.599998
 36.800003
 47.800003
 26.800003
 44.2
 12.599998
 11.
 14.199997
 42.700005
 33.199997
 59.8
 28.
 12.300003
 17.799995
 45.500004
 12.400002
 33.6
 25.200005
 18.100006
 56.6
 35.399994
 33.
 11.300003
 30.400002
 11.699997
 25.299995
 41.
 58.6
 42.899994
 47.100002
 62.399998
 25.599998
 29.200005
 17.299995
 51.300003
 43.300003
 18.900002
 24.199997
 35.4
 60.8
 46.299995
 16.200005
 46.300003
 19.
 47.
 2.4000015
 47.4
 63.100002
 10.299995
 45.200005
 42.
 59.2
 44.799995
 53.800003
 12.400002
 35.6
 23.199997
 82.299995
 28.100006
 21.800003
 65.9
 63.4
 59.4
 43.700005
 43.799995
 2.
 20.5
 31.5
 10.699997
 22.
 20.099998
 11.400002
 42.199997
 25.600006
 55.000004
 58.600002
 45.6
 51.4
 38.200005
 8.699997
 25.400002
 41.399994
 25.800003
 33.5
 35.5
 49.4
 31.400002
 61.3
 13.900002
 47.800003
 32.
 33.799995
 25.799995
 19.099998
 43.
 26.5
 35.9
 84.8
 51.799995
 4.5999985
 40.1
 35.
 38.799995
 59.1
