 2.2999992
 4.799999
 2.5
 6.8999996
 5.
 6.700001
 5.4000015
 6.3999996
 5.200001
 2.7000008
 5.700001
 5.8999996
 7.
 2.6000004
 5.9000015
 2.6999989
 5.3999996
 8.800001
 2.3999996
 8.799999
 2.4000015
 5.200001
 2.6000023
 2.0999985
 6.1000004
 6.1000004
 6.200001
 6.3999977
 8.199999
 7.
 2.8999977
 3.4000015
 2.2999992
 2.2999992
 6.200001
 2.6000023
 1.7999992
 8.
 6.9000015
 7.9000015
 2.2999992
 10.100002
 2.5999985
 8.299999
 5.1000023
 7.8999977
 3.
 9.200001
 2.1000023
 9.599998
 7.3999977
 3.7999992
 2.
 5.5
 8.899998
 8.699997
 9.300003
 7.0999985
 7.5
 8.599998
 8.300003
 8.599998
 5.199997
 7.
 2.800003
 1.9000015
 2.7999992
 4.800003
 5.199997
 8.700001
 6.8999977
 2.7999992
 2.2999992
 9.299999
 6.699997
 8.799999
 9.400002
 5.199997
 5.6000023
 6.9000053
 2.1000023
 5.799999
 2.2000046
 6.699997
 5.9000015
 2.800003
 2.4000015
 9.600002
 8.400005
 5.299999
 6.4000015
 7.200001
 2.4000015
 2.399994
 2.2999954
 2.7999954
 2.4000015
 6.
 2.199997
 2.2000046
 2.0999985
 6.0999985
 8.900002
 5.899994
 4.5
 2.300003
 5.
 2.5
 7.7000046
 6.5999985
 2.199997
 9.799995
 8.099998
 7.199997
 5.4000015
 2.4000015
 6.699997
 8.5
 7.9000015
 7.300003
 3.0999985
 5.100006
 8.599998
 5.
 2.7999954
 5.899994
 2.5
 7.800003
 7.7999954
 6.9000015
 9.
 2.699997
 7.5
 9.099998
 2.2999954
 6.2999954
 7.5999985
 5.699997
 8.700005
 2.7000046
 2.600006
 10.599998
 9.699997
 9.400002
 9.700005
 2.800003
 5.600006
 5.0999985
 6.699997
 1.9000015
 2.2999954
 5.7000046
 6.5
 7.4000015
 2.699997
 2.9000015
 2.7000046
 7.300003
 2.199997
 9.800003
 7.5
 2.399994
 2.4000015
 7.100006
 2.
 6.699997
 2.5999985
 2.5999985
 10.200005
 10.100006
 6.2999954
 5.300003
 2.
 4.2999954
 5.2999954
 5.199997
 6.2999954
 11.199997
 7.
 3.699997
 2.699997
 6.0999985
 1.9000015
 8.099998
 6.899994
 8.300003
