 1.9000006
 2.2000008
 2.3000002
 2.3000002
 1.6999989
 1.9000015
 2.5
 3.
 1.7000008
 5.3
 1.7000008
 6.3
 6.800001
 5.3
 1.2999992
 3.1999989
 3.6000004
 1.8999996
 5.799999
 3.5
 6.300001
 2.8999996
 2.9000015
 7.500001
 2.
 3.3999996
 3.2000008
 1.8999996
 1.5
 2.1000004
 6.299999
 2.6999989
 7.
 8.4
 6.1000004
 6.200001
 6.299999
 7.800001
 3.5
 1.7000008
 6.200001
 1.9000015
 6.8999996
 1.5
 1.7000008
 3.1000004
 7.5
 6.200001
 2.
 7.3999996
 1.9000015
 3.1000004
 2.5999985
 1.7999992
 6.3999996
 1.5
 7.
 7.6000004
 10.300001
 10.9
 7.1000004
 5.700001
 4.200001
 3.6000004
 9.800001
 3.7000008
 3.
 1.5
 2.9000015
 3.4000015
 9.299999
 2.7000008
 2.8999996
 1.5
 11.700001
 7.699999
 1.6000004
 9.4
 8.200001
 4.199999
 8.699999
 9.5
 3.1000004
 1.7000008
 9.4
 9.300001
 9.200001
 7.800001
 1.7999992
 2.8999996
 11.300001
 1.9000015
 9.
 2.000002
 1.5000019
 3.6000004
 10.799999
 4.500002
 9.300001
 11.6
 8.100002
 8.300001
 11.800001
 1.9999981
 8.499998
 3.8999996
 1.6000004
 2.8000011
 2.2999992
 10.199999
 11.200001
 5.700001
 6.7000027
 11.1
 12.1
 12.700001
 3.8999996
 8.800001
 3.1999989
 10.9
 1.5
 11.1
 7.800001
 2.2000008
 7.699999
 1.2999992
 12.599998
 6.799999
 4.499998
 9.
 9.699999
 11.400002
 3.1000023
 8.400002
 13.199999
 11.200001
 1.300003
 9.599998
 10.799999
 9.
 7.6000004
 3.7000008
 1.5
 10.600002
 11.799999
 13.299999
 2.7999992
 9.600002
 6.700001
 3.0999985
 8.4
 1.7999992
 8.100002
 6.300001
 8.200003
 1.2000008
 10.6
 1.5
 1.5
 2.9000015
 6.7000027
 13.700003
 7.799999
 1.5
 8.699999
 1.4000015
 10.6
 8.5
 7.3999996
 12.600002
 2.2999992
 10.1
 8.6
 8.199999
 13.4
 1.300003
 10.500002
 3.7000008
 1.2999992
 7.700001
 11.500002
 2.3999977
 7.3999977
 11.299999
 1.300003
 8.799999
 13.699999
 7.700001
 7.799999
 12.900002
 19.699999
 1.7999992
 13.999998
 11.1
 10.399998
 2.7999992
 10.5
 10.099998
 1.3999977
 10.200001
 11.6
 10.900002
 9.5
 9.100002
 2.6000023
 3.9000015
 11.999998
 10.100002
 4.
 10.600002
 10.399998
 9.099998
 11.200001
 9.200001
 11.400002
 10.200001
 1.300003
 11.700001
 16.1
 1.4000015
 10.900002
 11.100002
 11.
 9.299999
 13.
 9.900002
 9.299999
 1.300003
 3.1000023
 8.299999
 3.2000008
 3.6000023
 10.599998
 1.5999985
 10.099998
 11.
 15.699999
 10.5
 12.299999
 4.0999985
 3.6000023
 1.7000008
 9.
 9.099998
 2.8999977
 1.2000008
 15.300003
 3.2000008
 17.4
 1.699997
 10.5
 10.099998
 8.400002
 8.599998
 1.6000023
 3.4000015
 13.400002
 1.5999985
 1.4000015
 11.200001
 13.599998
 19.4
 11.900002
 15.100002
 3.2000008
 9.799999
 8.700001
 2.7999992
 16.699997
 9.
 13.399998
 12.599998
 11.100002
 8.400002
 1.5999985
 16.7
 8.
 1.4000015
 3.5999985
 11.899998
 10.899998
 12.099998
 1.
 3.
 1.699997
 3.1000023
 3.3999977
 13.600002
 5.0999985
 11.300003
 3.5999985
 8.700001
 14.899998
 3.2000008
 2.
 2.7000008
 2.1000023
 1.6000023
 2.5999985
 14.799999
 10.799999
 1.800003
 10.900002
 8.900002
 2.1000023
 16.599998
 10.799999
 16.3
 12.
 2.2999992
 17.199997
 4.5
 9.5
 1.7999992
 4.9000015
 13.799999
 11.400002
 17.199997
 2.7000008
 2.0999985
 10.299999
 1.7000008
 12.300003
 4.
 12.
 13.5
 9.200001
 1.7000008
 3.8999977
 12.
 13.
 2.9000015
 12.399998
 13.299999
 1.9000015
 2.2000008
 12.300003
 14.400002
 13.
 8.5
 14.700001
 3.2000008
 11.
 12.099998
 16.599998
 2.2999992
 1.9000015
 10.5
 14.400002
 21.2
 3.5
 10.299999
 8.5
 3.7999992
 9.300003
 10.400002
 3.4000015
 12.799999
 9.599998
 3.699997
 16.400002
 1.3999977
 18.
 2.2000008
 13.200001
 17.899998
 12.200001
 1.2999992
 13.299999
 10.599998
 12.400002
 11.5
 3.2000008
 6.
 10.200001
 2.5
 14.799999
 2.4000015
 9.099998
 1.699997
 10.200001
 9.5
 10.299999
 9.600002
 15.600002
 1.4000015
 1.5999985
 3.0999985
 19.900002
 14.200001
 1.9000015
 15.799999
 2.699997
 1.5999985
 3.5
 4.5999985
 12.199997
 15.299999
 3.5
 1.5999985
 4.799999
 10.700001
 3.2999992
 1.3999977
 8.100002
 13.700001
 11.599998
 12.200001
 13.
 10.
 16.2
 17.7
 1.9000015
 10.600002
 1.7999992
 3.6000023
 12.899998
 3.
 16.7
 19.599998
 8.099998
 14.700001
 10.400002
 12.100002
 2.
 16.7
 8.700001
 15.100002
 1.5999985
 8.600002
 2.6000023
 3.800003
 15.099998
 15.5
 7.299999
 4.799999
 21.5
 2.699997
 9.999996
 1.800003
 12.600002
 9.100002
 15.5
 17.099998
 14.400005
 2.5000038
 13.5
 17.7
 1.2999992
 10.099998
 2.7000046
 11.600002
 8.600002
 1.300003
 3.1000023
 8.600002
 1.300003
 2.7000008
 10.400002
 1.3999939
 2.800003
 7.700001
 9.000004
 8.400002
 7.799999
 15.5
 10.299999
 5.0999985
 11.900002
 11.599998
 5.0999985
 11.000004
 29.900005
 8.500004
 11.900002
 13.700005
 1.9000015
 13.900002
 14.799999
 1.199997
 3.7999954
 2.7999954
 1.4000015
 1.5999985
 1.9000015
 11.200001
 3.5999985
 9.999996
 2.9000015
 1.800003
 14.700001
 1.199997
 3.2999954
 1.4000015
 3.0999985
 2.
 13.899998
 2.
 2.7999954
 23.399998
 4.800003
 3.7000046
 2.4000015
 6.
 7.3999977
 14.700001
 1.5
 8.900005
 1.5
 9.099998
 19.700005
 10.800003
 2.699997
 7.5
 3.199997
 8.099998
 3.4000015
 4.5
 11.600002
 1.699997
 10.200001
 19.599998
 10.799999
 7.5
 21.500004
 11.799999
 6.5
 3.699997
 6.300003
 1.5999985
 14.300003
 9.600002
 9.799999
 11.700001
 1.3999939
 9.300003
 13.099998
 17.300003
 3.5999985
 29.100002
 14.
 1.8999939
 3.2000046
 19.500004
 2.9000015
 3.7000046
 11.400005
 8.599998
 4.9000015
 7.5
 8.
 2.
 8.799995
 13.799999
 13.499996
 4.2000046
 11.300003
 10.
 10.299995
 3.
 11.800003
 6.9000015
 3.5999985
 9.5
 17.400005
 6.699997
 12.300003
 12.800003
 14.200005
 12.300003
 3.0999985
 5.5
 8.699997
 3.
 2.
 11.099998
 1.9000015
 9.199997
 12.699997
 3.7999954
 6.7000046
 11.5
 9.
 7.699997
 14.200005
 9.
 1.6000061
 1.800003
 14.199997
 12.699997
 13.400002
 2.5999985
 11.
 3.800003
 8.700005
 9.099998
 10.699997
 11.900002
 11.
 2.
 13.300003
 4.699997
 12.300003
 2.5999985
 11.699997
 8.900002
 8.900002
 11.299995
 10.299995
 10.199997
 1.3999939
 10.5
 8.
 11.
 11.799995
 3.4000015
 7.9000015
 2.0999985
 9.300003
 10.699997
 14.
 13.199997
 10.900002
 1.5
 3.699997
 12.300003
 10.099998
 4.7999954
 9.599998
 1.5
 8.400002
 4.
 1.9000015
 1.0999985
 9.699997
 1.300003
 9.800003
 1.800003
 1.699997
 2.4000015
 2.9000015
 10.600006
 3.300003
 10.099998
 6.199997
 10.699997
 2.4000015
 1.2999954
 10.399994
 9.100006
 16.099998
 7.9000015
 14.800003
 10.700005
 12.800003
 10.800003
 4.699997
 1.4000015
 10.099998
 8.
 1.699997
 6.2000046
 7.800003
 9.400002
 3.300003
 12.200005
 10.5
 1.7000046
 3.0999985
 12.299995
 9.199997
 9.099998
 6.5999985
 1.7999954
 1.5
 2.300003
 3.800003
 9.599998
 12.300003
 14.699997
 10.699997
 7.800003
 10.400002
 9.900002
 3.699997
 3.4000015
 2.7999954
 7.9000015
 10.400002
 9.300003
 10.199997
 6.5999985
 1.4000015
 1.7000046
 13.200005
 6.9000015
 1.699997
 7.300003
 4.100006
 17.300003
 1.5
 1.6000061
 17.
 9.5
 14.5
 3.7999954
 9.
 3.600006
 2.4000015
 15.700005
 1.5999985
 1.5
 5.0999985
 14.599998
 1.7999954
 6.5
 2.
 12.299995
 1.5999985
 8.5
 1.7000046
 1.300003
 10.599998
 14.099998
 1.6000061
 16.599998
 8.599998
 4.
 10.
 13.5
 13.100006
 2.
 3.399994
 3.800003
 5.4000015
 5.2000046
 4.300003
 1.4000015
 12.
 1.699997
 14.5
 10.699997
 4.300003
 11.900002
 7.300003
 8.5
 14.5
 1.4000015
 1.5
 11.400002
 1.3999939
 4.699997
 3.4000015
 1.9000015
 14.5
 11.5
 16.400002
 4.4000015
 7.9000015
 15.099998
 13.
 9.5
 10.5
 1.5999985
 4.300003
 2.300003
 10.099998
 11.
 11.799995
 10.5
 1.199997
 3.800003
 7.800003
 10.
 2.
 13.900002
 10.300003
 13.099998
 2.399994
 7.800003
 1.199997
 2.7999954
 1.699997
 11.100006
 3.
 13.
 1.199997
 10.299995
 12.199997
 10.800003
 7.9000015
 3.4000015
 3.
 13.299995
 2.899994
 10.399994
 8.5
 8.700005
 2.699997
 1.9000015
 11.699997
 12.600006
 7.800003
 9.5
 1.5
 2.4000015
 8.
 12.099998
 10.5
 10.5
 2.
 3.5999985
 14.299995
 7.899994
 3.5
 16.400002
 3.
 11.699997
 15.600006
 16.600006
 13.200005
 9.599998
 1.699997
 11.5
 9.699997
 12.099998
 9.200005
 10.400002
 1.5
 11.200005
 15.599998
 3.699997
 3.2999954
 8.
 2.699997
 9.700005
 4.5
 1.800003
 9.
 12.5
 19.900002
 3.2999954
 1.5999985
 19.5
 12.600006
 11.900002
 1.5999985
 10.
 12.399994
 1.5
 7.9000015
 14.800003
 4.300003
 10.599998
 9.
 11.
 13.299995
 2.300003
 17.800003
 1.5
 11.400002
 3.4000015
 8.700005
 13.900002
 10.400002
 2.699997
 11.699997
 1.5999985
 10.5
 12.900002
 1.300003
 10.
 13.5
 1.5
 8.400002
 2.5
 1.699997
 2.4000015
 7.4000015
 11.
 16.300003
 11.200005
 12.
 1.7999954
 1.5999985
 14.400002
 1.800003
 16.5
 3.7999954
 5.4000015
 12.100006
 11.300003
 2.300003
 5.
 13.199997
 1.2999954
 1.699997
 10.800003
 11.5
 16.200005
 4.300003
 7.4000015
 9.400002
 12.200005
 3.800003
 9.800003
 3.5999985
 12.199997
 1.7999954
 7.399994
 9.300003
 2.5999985
 2.5999985
 17.300003
 12.900002
 3.5
 10.
 4.399994
 12.299995
 9.800003
 10.900002
 1.2999954
 2.5
 15.199997
 16.
 12.200005
 10.200005
 10.900002
 1.5
 9.
 8.
 13.599998
 1.5999985
 7.9000015
 14.
 14.099998
 1.800003
 6.0999985
 10.599998
 10.5
 2.9000015
 1.5
 2.7000046
 2.9000015
 17.300003
 10.100006
 2.800003
 12.
 13.400002
 13.800003
 1.4000015
 19.599998
 0.9000015
 2.
 5.699997
 7.2999954
 8.
 14.800003
 12.400002
 1.300003
 5.300003
 4.2000046
 13.
 2.7000046
 1.9000015
 14.
 13.599998
 11.
 3.5999985
 10.900002
 7.5999985
 3.899994
 12.
 8.200005
 3.800003
 1.5
 1.4000015
 3.
 2.199997
 11.299995
 3.4000015
 10.599998
 12.5
 18.5
 4.199997
 15.300003
 12.099998
 16.599998
 8.599998
 8.5
 9.600006
 8.200005
 1.5
 13.299995
 3.4000015
 8.800003
 2.4000015
 1.5999985
 14.300003
 3.300003
 3.300003
 11.599998
 2.4000015
 3.
 13.199997
 19.300003
 11.700005
 4.2000046
 1.5
 11.199997
 13.5
 7.7000046
 2.9000015
 10.800003
 11.599998
 15.900002
 9.800003
 11.800003
 2.9000015
