 2.
 2.4000006
 1.9000006
 2.5
 1.7000008
 4.9000006
 1.7999992
 1.8999996
 3.3999996
 1.7000008
 2.9000015
 2.2999992
 4.9000006
 6.700001
 1.2999992
 3.
 5.7
 1.8999996
 1.8999996
 6.000001
 3.3999996
 6.000001
 1.5
 7.5
 4.5
 5.299999
 3.1999989
 1.6000004
 2.2000008
 4.3999996
 3.7000008
 5.299999
 2.8999996
 3.5999985
 1.7000008
 2.2999992
 2.7000008
 1.5
 7.3999996
 1.7999992
 7.799999
 6.5
 6.700001
 9.400001
 9.100001
 1.7999992
 7.5
 6.5
 8.6
 8.9
 2.6000004
 1.2000008
 2.
 7.5999985
 2.3999996
 1.8999996
 7.
 3.6000004
 3.3000011
 3.5
 1.5
 1.3000011
 2.7999992
 1.5
 3.6000004
 6.1000004
 5.1000004
 8.1
 7.299999
 8.4
 9.299999
 9.300001
 1.3999996
 3.6000004
 5.
 10.699999
 7.200001
 1.5
 9.6
 8.199999
 9.4
 7.299999
 3.1000004
 7.
 1.8999996
 6.700001
 2.7000008
 7.199999
 9.4
 4.5
 9.
 2.8999996
 5.200001
 9.5
 9.5
 10.5
 3.1000004
 8.4
 2.3999996
 9.5
 11.199999
 5.6000004
 1.3999996
 10.9
 1.5
 3.3000011
 2.6999989
 12.299999
 10.200001
 12.799999
 9.799999
 10.5
 3.3000011
 2.7000008
 8.
 3.7999992
 1.6000004
 7.3999996
 10.4
 8.800001
 4.8999996
 3.499998
 10.900002
 11.4
 11.199999
 8.900002
 9.000002
 12.799999
 8.9
 2.5
 11.6
 3.3999996
 9.4
 8.400002
 1.7000008
 8.800001
 7.200001
 10.6
 9.900002
 1.8999977
 12.
 6.000002
 1.5
 1.5999985
 1.2000008
 3.8000011
 3.3999996
 3.8999996
 11.900002
 3.4000015
 3.0999985
 9.799999
 1.5999985
 10.699999
 4.1000023
 12.500002
 9.4
 3.800003
 1.2000008
 2.7000008
 12.700003
 2.9000015
 3.2000008
 1.5
 6.500002
 1.8999977
 4.5999985
 13.9
 10.599998
 12.599998
 12.199999
 10.200001
 3.7000008
 2.8999977
 2.8999977
 10.799999
 12.1
 10.699999
 7.000002
 4.
 1.1000023
 2.5
 13.199999
 14.400002
 16.300001
 10.4
 14.000002
 11.700001
 3.5
 13.1
 10.1
 12.1
 11.999998
 1.2999992
 10.699999
 8.900002
 13.900002
 6.
 2.7999992
 3.7000008
 12.200003
 10.600002
 1.2999992
 13.6
 12.1
 13.799999
 6.9000015
 1.7000008
 13.9
 1.5
 1.4000015
 11.4
 1.2999992
 16.
 14.6
 3.7000008
 4.9000015
 19.500002
 13.000002
 17.6
 1.3999977
 1.2000008
 1.2999992
 14.4
 11.6
 8.200001
 1.2000008
 4.5
 12.700001
 15.800001
 11.200001
 14.200001
 2.1000023
 10.9
 16.800001
 14.300001
 1.2000008
 3.
 11.6
 2.5999985
 9.099998
 16.099998
 5.200001
 13.800001
 11.5
 12.800001
 1.699997
 2.5
 6.199997
 9.5
 12.500002
 2.
 19.600002
 18.000002
 16.200003
 1.4000015
 9.900002
 6.799999
 1.2999992
 14.6
 17.7
 1.5
 12.399998
 3.7999992
 15.199999
 2.
 4.1000023
 7.9000015
 16.1
 14.700001
 12.
 1.7999992
 16.499998
 12.5
 5.799999
 2.2999992
 10.900002
 1.3999977
 20.199999
 16.1
 19.199999
 12.900002
 3.9000015
 15.200001
 7.699997
 1.2999992
 1.3999977
 9.099998
 11.799999
 16.6
 15.699999
 12.5
 14.900002
 3.2999992
 2.7999992
 11.799999
 10.099998
 15.699997
 19.800001
 14.199997
 1.4000015
 19.
 11.299999
 17.9
 3.2000008
 18.
 10.299999
 19.000002
 0.8999977
 23.8
 12.700001
 2.5999985
 1.5
 17.
 17.500002
 1.2000008
 17.3
 3.
 17.400002
 5.200001
 15.
 20.199999
 19.9
 13.399998
 1.300003
 5.9000015
 20.200003
 16.5
 21.1
 3.8999977
 16.
 15.099998
 14.800003
 14.599998
 20.
 2.5
 1.0999985
 12.899998
 1.2000008
 18.100002
 11.700001
 17.7
 12.5
 1.1000023
 7.799999
 14.899998
 5.9000015
 0.9000015
 23.4
 12.400002
 13.899998
 17.099998
 2.5
 17.
 15.899998
 1.
 1.7000008
 18.3
 14.399998
 15.5
 24.400002
 18.
 7.5
 6.200001
 5.299999
 1.2999992
 16.399998
 6.799999
 10.200001
 22.199999
 4.5
 2.2000008
 13.5
 1.2999992
 16.8
 15.799999
 1.4000015
 1.2000008
 22.800001
 3.7999992
 19.8
 1.
 19.
 1.5999985
 11.600002
 2.7000008
 1.1000023
 1.7000008
 20.600002
 22.7
 13.5
 19.2
 21.8
 0.9000015
 15.5
 20.699997
 22.099998
 0.9000015
 4.6000023
 19.099998
 16.100002
 0.9000015
 5.700001
 4.
 14.
 2.3999977
 2.3999977
 4.5
 18.8
 15.700001
 17.099998
 20.
 2.2000008
 16.400002
 18.7
 0.8999977
 15.900002
 16.599998
 18.599998
 1.8999977
 14.599998
 3.199997
 15.200001
 8.400002
 13.299999
 1.6000023
 2.7000008
 18.5
 19.7
 2.
 22.699997
 0.9000015
 1.
 13.799999
 22.8
 6.700001
 18.3
 20.300003
 1.6000023
 14.200001
 17.699997
 17.3
 2.2000008
 24.600002
 1.2999992
 17.699997
 7.3999977
 4.299999
 1.1000023
 24.300003
 3.1000023
 11.700001
 25.8
 14.
 1.6000023
 1.1000023
 2.300003
 21.2
 2.
 1.3999977
 3.699997
 10.200001
 15.400002
 19.899998
 15.299999
 1.199997
 26.3
 11.600002
 14.
 22.7
 3.0999985
 1.2000008
 2.5
 16.399998
 0.79999924
 29.5
 7.9000015
 2.9000015
 19.
 2.2999992
 21.899998
 5.700001
 26.7
 18.
 24.599998
 2.2999992
 11.299999
 1.2000008
 20.2
 15.5
 16.900002
 19.3
 1.5999985
 1.1000023
 21.600002
 6.6000023
 2.5
 17.8
 1.199997
 23.000004
 18.100002
 22.400002
 16.
 17.3
 18.2
 18.899998
 0.79999924
 1.3999977
 1.2000046
 17.7
 15.299999
 22.3
 33.699997
 1.9999962
 15.899998
 6.2000046
 21.800003
 2.300003
 4.4000015
 1.0999985
 12.399998
 15.299999
 23.399998
 3.4000015
 2.2999992
 1.4000015
 4.0999985
 18.3
 22.400005
 4.200001
 1.0999985
 24.
 15.799999
 16.499996
 1.300003
 29.100002
 17.800003
 17.2
 6.999996
 2.9000015
 17.400005
 1.5999985
 2.9000015
 19.900002
 1.199997
 21.599998
 16.300003
 18.100002
 4.
 1.2999954
 27.899998
 19.7
 2.7999954
 15.299999
 30.100002
 1.1000061
 1.6000061
 4.4000015
 23.100002
 4.4000015
 14.600002
 2.4000015
 1.
 14.000004
 25.8
 0.9000015
 22.3
 2.199997
 5.499996
 16.7
 1.300003
 2.4000015
 18.8
 2.
 14.799999
 1.2999954
 21.499996
 1.1000061
 4.899994
 3.7999954
 3.199997
 5.7000046
 30.300003
 1.800003
 3.699997
 15.799999
 21.499996
 1.8999939
 1.300003
 16.100002
 16.099998
 24.999996
 22.499996
 3.2999954
 3.9000015
 1.
 25.900002
 5.4000015
 2.699997
 24.600002
 20.000004
 1.5
 2.300003
 2.5999985
 30.5
 0.9000015
 12.199997
 1.800003
 4.300003
 1.300003
 18.599998
 2.7999954
 22.399998
 16.099998
 24.3
 3.199997
 20.599998
 16.500004
 1.
 2.300003
 21.7
 1.5
 30.899998
 1.0999985
 25.3
 17.100002
 37.9
 3.
 3.5999985
 9.299995
 6.0999985
 20.600002
 32.600002
 23.399998
 1.7000046
 6.699997
 2.800003
 22.8
 20.3
 1.2000046
 30.300003
 25.400002
 9.400002
 2.2999954
 12.200001
 21.099998
 6.300003
 33.8
 46.8
 31.499996
 32.399998
 20.499996
 3.100006
 28.300003
 25.
 6.4000015
 2.0999985
 24.5
 3.5999985
 32.3
 3.2999954
 23.099998
 1.5
 26.2
 28.300003
 15.700001
 21.2
 21.2
 5.100006
 3.5999985
 6.0999985
 21.5
 1.3999939
 37.600002
 24.400002
 25.300003
 34.100002
 18.600002
 20.600002
 2.4000015
 26.200005
 34.400005
 31.400005
 1.300003
 10.300003
 28.099998
 4.699997
 2.2999954
 3.100006
 1.300003
 20.300003
 1.5999985
 34.899998
 19.399998
 1.0999985
 1.300003
 23.100002
 4.7000046
 3.7000046
 13.400002
 3.5
 2.5999985
 4.4000015
 2.300003
 19.
 27.400002
 13.5
 18.500004
 23.300003
 2.0999985
 3.2000046
 6.2000046
 1.0999985
 2.5
 19.099998
 1.9000015
 22.900005
 19.800003
 23.000004
 20.600002
 6.199997
 5.300003
 37.4
 2.199997
 1.5
 22.5
 4.699997
 2.399994
 4.300003
 32.100002
 26.3
 21.800003
 5.0999985
 20.300003
 22.300003
 4.4000015
 24.3
 13.799995
 3.7000046
 34.200005
 39.4
 1.0999985
 4.5
 15.099998
 16.399994
 1.4000015
 7.4000015
 5.
 2.4000015
 31.200005
 12.
 26.7
 5.100006
 28.600002
 25.100002
 20.5
 1.0999985
 2.5999985
 17.900002
 5.
 6.699997
 20.5
 1.2000046
 16.200005
 12.300003
 3.
 3.100006
 23.600002
 3.
 18.300003
 1.5
 20.699997
 15.
 1.5999985
 1.7000046
 13.5
 31.3
 18.5
 1.
 19.400002
 36.100002
 2.
 1.199997
 7.399994
 5.4000015
 22.5
 1.699997
 27.8
 17.299995
 5.399994
 2.5
 2.5
 1.0999985
 41.5
 1.2999954
 21.599998
 1.3999939
 1.4000015
 22.700005
 32.
 34.6
 2.0999985
 24.200005
 5.0999985
 16.700005
 3.5999985
 5.4000015
 23.899994
 1.800003
 4.5
 24.900002
 1.0999985
 18.300003
 1.199997
 17.599998
 2.5
 26.300003
 17.599998
 19.400002
 18.
 1.699997
 1.
 1.5
 25.699997
 43.399998
 24.200005
 19.300003
 22.900002
 3.199997
 17.5
 35.600002
 5.5
 32.100002
 1.7000046
 1.
 30.2
 16.799995
 34.2
 2.7999954
 33.400005
 19.599998
 23.299995
 1.800003
 36.200005
 1.4000015
 41.9
 31.2
 3.300003
 17.699997
 2.4000015
 1.300003
 30.399998
 5.199997
 1.5999985
 23.300003
 33.600002
 2.
 1.199997
 5.2000046
 1.199997
 22.
 4.5
 1.5999985
 23.599998
 20.
 5.0999985
 32.600002
 23.400002
 18.799995
 20.299995
 1.300003
 18.099998
 3.
 1.699997
 16.799995
 2.0999985
 3.199997
 2.2999954
 1.5
 2.4000015
 2.800003
 16.699997
 32.1
 15.599998
 41.400005
 37.4
 32.600002
 1.4000015
 31.300003
 2.199997
 4.
 23.199997
 2.5
 25.300003
 16.599998
 39.600002
 42.199997
 4.0999985
 18.800003
 2.0999985
 29.
 14.5
 24.699997
 6.800003
 15.099998
 63.5
 15.099998
 16.299995
 31.299995
 1.5999985
 18.300003
 3.800003
 2.4000015
 5.5999985
 5.0999985
 28.199997
 5.2999954
 19.599998
 2.2999954
 14.900002
 21.099998
 51.1
 2.0999985
 12.699997
 17.199997
 27.300003
 1.800003
 4.600006
 34.6
 4.699997
 19.199997
 3.199997
 42.899998
 25.599998
 14.600006
 2.5999985
 34.699997
 45.399998
 50.3
 20.600006
 30.099998
 5.4000015
 29.099998
 2.5999985
 52.
 1.699997
 22.900002
 3.0999985
 20.699997
 5.699997
 2.
 2.699997
 54.200005
 3.100006
 4.5
 34.9
 32.699997
 1.4000015
 19.400002
 4.7999954
 3.800003
 43.9
 1.9000015
 33.300003
 22.300003
 32.9
 39.300003
 8.199997
 3.800003
 16.900002
 3.4000015
 19.300003
 1.699997
 39.1
 4.9000015
 29.300003
 27.200005
 32.800003
 19.799995
 41.199997
 1.3999939
 5.300003
 13.900002
 2.
 23.700005
 35.5
 42.7
 14.699997
 4.9000015
 20.200005
 3.300003
 1.2000046
 30.300003
 3.699997
 17.5
 2.600006
 21.300003
 19.5
 22.599998
 16.800003
 21.299995
 1.8999939
 3.7999954
 1.7000046
 19.
 2.7000046
 48.100002
 1.0999985
 25.399994
 2.5
 24.
 1.300003
 30.699997
 25.400002
 37.6
 1.7999954
 14.800003
 21.5
 43.500004
 1.300003
 25.199997
 18.699997
 2.600006
 2.2000046
 32.199997
 3.899994
 5.2000046
 38.700005
 2.
 22.400002
 31.099998
 4.2999954
 2.2999954
 1.5999985
 20.300003
 0.8999939
 21.900002
 41.199997
 43.5
 30.599998
 1.0999985
 2.800003
 18.599998
 19.599998
 7.0999985
 35.6
 2.600006
 49.7
 35.199997
 29.700005
 19.900002
 13.800003
 1.0999985
 16.5
 2.5
 35.700005
 20.800003
 5.199997
 31.5
 3.7000046
 1.5999985
 3.199997
 2.300003
 13.899994
 39.700005
 27.300003
 1.9000015
 24.099998
 1.9000015
 4.2999954
 42.1
 26.299995
 8.
 13.600006
 3.300003
 1.5
 41.6
 58.2
 3.5999985
 5.300003
 2.2000046
 36.800003
 1.199997
 18.799995
 3.2000046
 21.200005
 22.400002
 45.9
 4.0999985
 3.4000015
 30.5
 36.9
 17.099998
 2.4000015
 2.9000015
 42.6
 6.7000046
 1.5
 22.399994
 5.
 1.300003
 24.100006
 16.100006
 25.800003
 16.799995
 21.900002
 32.899994
 41.699997
 35.200005
 3.0999985
 19.
 38.299995
 1.6000061
 22.800003
 2.4000015
 42.4
 1.5999985
 4.0999985
 4.
 33.799995
 40.399994
 14.5
 3.
 2.5
 5.5
 2.5999985
 1.300003
 21.100006
 30.700005
 1.9000015
 20.300003
 20.400002
 1.699997
 1.5999985
 42.800003
 28.199997
 22.200005
 4.2000046
 20.900002
 1.300003
 1.0999985
 64.4
 24.099998
 27.
 12.700005
 22.400002
 36.5
 7.100006
 10.5
 1.9000015
 36.699997
 43.5
 2.2000046
 2.300003
 3.0999985
 33.199997
 14.799995
 25.900002
 55.399998
 6.
 1.800003
 1.5999985
 27.599998
 2.0999985
 1.300003
 6.0999985
 35.9
 36.200005
 4.5999985
 32.4
 41.199997
 23.799995
 3.600006
 3.600006
 1.2000046
 21.800003
 29.099998
 48.
 27.400002
 35.5
 1.300003
 6.800003
 5.0999985
 35.1
 48.6
