 2.1000004
 2.0999994
 2.3000011
 2.6000004
 2.5
 2.6000004
 1.9000015
 2.6000004
 2.
 3.2999992
 2.7999992
 2.3000011
 2.5
 5.6000004
 6.3999996
 2.5
 6.800001
 4.6000004
 1.2000008
 3.3999996
 1.3999996
 6.3
 5.8
 2.5
 1.3999996
 6.800001
 5.200001
 2.6000004
 1.6999989
 8.7
 2.1000004
 6.199999
 7.3999996
 1.2999992
 1.2999992
 1.5
 3.3000011
 1.5
 6.3999996
 2.6999989
 7.300001
 3.7000008
 4.6000004
 4.200001
 6.5
 2.6999989
 1.7999992
 6.
 9.500001
 1.7000008
 4.799999
 2.7999992
 6.6000004
 1.3000011
 1.6000004
 2.1999989
 1.5
 3.5
 7.
 1.1000004
 5.1000004
 1.9000015
 1.2000008
 3.5
 3.5
 4.200001
 3.3000011
 1.3999996
 9.1
 8.1
 8.200001
 11.000001
 9.
 1.2999992
 8.5
 4.9000015
 2.5999985
 8.299999
 9.199999
 7.700001
 9.
 10.199999
 6.799999
 10.
 1.2000008
 12.
 7.4000015
 7.199999
 10.9
 9.799999
 9.800001
 6.1000004
 1.2000008
 1.8000011
 9.799999
 8.
 9.1
 8.800001
 10.200001
 1.5
 12.699999
 3.1999989
 12.
 2.3000011
 1.2999992
 8.9
 4.199999
 9.299999
 1.6000004
 6.5
 1.
 3.3999996
 1.8999996
 6.300001
 11.699999
 3.8999996
 3.1000004
 1.
 9.299999
 4.5
 10.199999
 3.2999992
 10.4
 3.3999996
 6.800001
 12.300001
 5.299999
 3.8000011
 10.9
 10.9
 10.099998
 11.199999
 4.2000027
 12.700003
 1.3999996
 12.699999
 8.799999
 12.000002
 1.
 10.300001
 6.
 14.699999
 5.700001
 9.200001
 11.699999
 10.500002
 15.100002
 1.9999981
 10.099998
 3.1000004
 10.799999
 1.2999992
 12.700001
 10.300001
 8.699999
 10.000002
 1.3999977
 10.900002
 5.1000023
 1.4000015
 6.800001
 3.3999996
 5.8999996
 8.700001
 1.1000023
 4.1000004
 4.5
 5.1000004
 9.6
 2.199997
 15.599998
 16.6
 4.5
 11.400002
 11.200001
 1.4000015
 12.1
 12.299999
 2.0999985
 9.400002
 3.7999992
 14.800001
 11.200001
 11.5
 14.6
 14.200003
 2.5
 11.200001
 3.7000008
 12.300001
 5.1000004
 3.7000008
 1.2000008
 3.1000023
 15.900002
 1.0999985
 6.8999996
 11.4
 4.0999985
 4.299999
 5.299999
 14.999998
 2.5
 14.699999
 1.7000008
 3.5
 2.5999985
 15.6
 12.900002
 15.000002
 7.8999996
 14.300001
 13.000002
 1.2999992
 19.199999
 4.6000023
 8.200001
 4.8999977
 14.
 13.699999
 11.200003
 1.300003
 3.5999985
 13.9
 1.0999985
 15.6
 2.7999992
 13.5
 1.2000008
 4.799999
 3.0999985
 1.4000015
 2.8999977
 17.
 15.6
 3.
 1.0999985
 17.
 1.7000008
 6.1000023
 1.1000023
 1.
 16.500002
 2.2999992
 4.4000015
 0.9000015
 4.5999985
 0.79999924
 4.700001
 6.5
 15.6
 18.000002
 1.
 1.9000015
 15.499998
 2.5999985
 14.1
 17.1
 16.4
 3.699997
 5.6000023
 2.3999977
 5.
 3.2000008
 14.200003
 2.300003
 1.2000008
 4.0999985
 22.900002
 18.500002
 2.
 21.4
 16.9
 19.900002
 23.800001
 5.700001
 1.199997
 23.6
 17.5
 1.300003
 16.9
 14.699997
 25.1
 4.1000023
 1.9000015
 14.799999
 15.599998
 19.7
 1.1000023
 20.600002
 2.5
 18.6
 2.4000015
 25.900002
 10.299999
 23.2
 13.400002
 1.
 15.699997
 15.
 20.3
 19.400002
 1.7999992
 17.399998
 15.199997
 2.2999992
 22.6
 10.
 5.3999977
 19.8
 1.5999985
 23.400002
 1.300003
 10.900002
 1.2000008
 27.
 8.099998
 4.9000015
 20.
 2.0999985
 17.199997
 1.2000008
 1.5
 17.2
 1.0999985
 24.2
 16.
 23.1
 4.1000023
 9.
 27.4
 17.5
 1.
 18.199997
 2.7000008
 3.7999992
 0.70000076
 25.200003
 16.899998
 0.79999924
 3.7000008
 27.200003
 0.70000076
 9.599998
 6.5
 29.2
 1.
 14.
 1.4000015
 25.300001
 22.
 28.1
 4.0999985
 1.2999992
 7.
 5.299999
 3.7000008
 4.5
 1.5
 2.
 30.699999
 9.400002
 27.2
 21.399998
 22.
 2.7000008
 3.9000015
 2.199997
 20.899998
 1.2999992
 5.800003
 2.4000015
 1.300003
 4.5999985
 30.3
 34.7
 25.400002
 1.4000015
 7.200001
 21.2
 4.
 8.099998
 3.699997
 2.800003
 1.5
 20.8
 21.899998
 1.2000008
 2.2000008
 1.5999985
 8.399998
 29.7
 27.500002
 31.6
 5.
 0.9000015
 18.199997
 2.7999992
 4.299999
 23.900002
 6.200001
 3.0999985
 24.8
 28.5
 34.4
 5.700001
 26.3
 23.7
 20.599998
 27.2
 30.300001
 20.900002
 2.2999992
 1.2000008
 28.7
 17.2
 2.5
 29.300001
 1.7000008
 18.5
 33.5
 1.2000008
 1.9000015
 2.199997
 2.699997
 2.4000015
 2.7999992
 5.
 32.800003
 5.700001
 0.9000015
 1.800003
 23.900002
 3.8999977
 23.
 17.899998
 23.300003
 4.
 37.6
 2.5
 1.1000023
 1.2999992
 30.899998
 25.399998
 28.400002
 2.5999985
 27.8
 1.7999992
 26.899998
 25.800003
 1.7999992
 35.300003
 34.199997
 1.800003
 3.5000038
 2.4000053
 34.
 11.100002
 8.700005
 3.7000046
 3.800003
 27.2
 28.3
 20.099998
 35.399998
 1.7000046
 33.3
 25.099998
 22.699997
 9.699997
 41.700005
 1.2999954
 2.600006
 34.2
 1.699997
 35.699997
 32.8
 20.099998
 37.700005
 44.800003
 1.300003
 37.399998
 32.699997
 23.099998
 2.2999954
 5.4000053
 42.200005
 1.
 26.000004
 2.800003
 22.2
 3.699997
 2.800003
 30.600002
 30.2
 7.6000023
 5.299999
 3.2000046
 2.
 25.900002
 17.100002
 25.
 9.899998
 25.399998
 33.300003
 40.200005
 4.5999985
 18.999996
 2.7000046
 24.2
 3.300003
 34.999996
 36.900005
 1.4000015
 17.000004
 4.5
 1.199997
 3.300003
 41.100002
 3.5
 23.3
 1.2999954
 2.7999954
 1.199997
 1.
 1.3999939
 2.2000046
 2.100006
 34.4
 24.3
 34.8
 38.100002
 36.
 25.499996
 1.5
 31.800003
 27.199997
 12.899998
 1.5
 35.8
 2.9000015
 0.9000015
 25.2
 3.4000015
 9.
 9.099998
 23.199997
 29.199997
 42.800003
 1.5
 1.9000015
 22.599998
 31.899998
 1.2000046
 23.8
 43.300003
 42.4
 1.199997
 37.3
 7.800003
 5.699997
 3.5
 27.500004
 1.9000015
 1.
 1.0999985
 0.9000015
 29.399998
 1.4000015
 45.100006
 35.7
 2.5999985
 29.3
 3.699997
 2.2000046
 41.7
 1.2999954
 20.899998
 32.999996
 1.699997
 49.600006
 39.7
 1.199997
 18.400002
 10.400002
 24.8
 34.6
 40.100002
 37.100002
 1.5
 1.2000046
 47.799995
 51.200005
 32.2
 8.
 10.100006
 1.4000015
 1.2000046
 36.600002
 1.199997
 2.2999954
 46.7
 34.2
 21.800003
 45.9
 1.4000015
 30.3
 1.2999954
 2.
 27.700005
 2.2000046
 3.0999985
 1.0999985
 31.2
 1.7000046
 38.100002
 24.600002
 7.5
 1.699997
 36.5
 30.099998
 7.199997
 44.999996
 43.000004
 28.300003
 8.300003
 1.5999985
 20.099998
 1.2999954
 3.5999985
 30.400005
 31.400005
 42.2
 2.800003
 29.900002
 3.199997
 47.399998
 3.
 1.4000015
 25.600002
 24.3
 2.2999954
 41.400005
 35.800003
 40.8
 2.
 33.600002
 38.8
 1.
 40.1
 47.1
 3.0999985
 40.800003
 0.9000015
 58.300003
 1.5999985
 36.8
 3.
 3.4000015
 1.5999985
 2.7999954
 36.1
 1.7999954
 37.900005
 46.500004
 38.5
 37.8
 0.9000015
 46.2
 33.8
 36.200005
 6.5
 8.300003
 1.4000015
 25.600002
 3.5999985
 2.2999954
 44.899998
 4.
 27.400002
 1.800003
 0.9000015
 1.0999985
 27.899998
 7.800003
 3.100006
 1.4000015
 47.5
 41.2
 0.8999939
 21.300003
 47.100002
 36.300003
 2.300003
 1.300003
 45.899998
 6.100006
 45.7
 6.5999985
 1.4000015
 1.0999985
 23.599998
 34.800003
 2.300003
 26.900002
 50.8
 0.7999954
 45.399998
 3.5
 46.300003
 1.6000061
 36.
 28.199997
 1.3999939
 2.699997
 52.7
 37.3
 40.8
 0.9000015
 7.7999954
 59.300003
 53.300003
 19.599998
 20.
 35.899998
 0.7999954
 29.600002
 0.9000015
 26.599998
 40.6
 46.6
 2.600006
 1.1000061
 0.9000015
 47.7
 50.499996
 1.
 8.700005
 1.800003
 0.7999954
 2.699997
 41.1
 50.600002
 1.300003
 1.9000015
 37.7
 6.5
 1.4000015
 0.80000305
 28.5
 1.0999985
 59.499996
 1.4000015
 49.7
 54.9
 1.199997
 0.9000015
 24.5
 1.7000046
 52.200005
 30.5
 36.9
 1.199997
 2.5999985
 0.9000015
 0.80000305
 4.2999954
 0.8999939
 1.0999985
 46.3
 2.0999985
 4.199997
 3.5999985
 42.600002
 54.900005
 1.5999985
 49.2
 2.300003
 1.9000015
 28.099998
 1.699997
 0.7999954
 9.900002
 30.699997
 63.699997
 53.399998
 1.6000061
 1.2000046
 2.4000015
 2.0999985
 8.200005
 9.700005
 2.0999985
 58.1
 24.099998
 38.1
 51.900005
 42.700005
 42.400005
 1.5999985
 1.0999985
 1.7999954
 5.100006
 40.600002
 3.2000046
 52.4
 0.9000015
 45.100002
 8.599998
 1.6000061
 2.4000015
 29.300003
 4.800003
 0.9000015
 36.7
 2.399994
 41.400005
 42.000004
 58.4
 51.
 1.9000015
 39.7
 43.1
 54.
 1.0999985
 0.7999954
 37.7
 30.
 64.3
 55.199997
 53.300003
 1.5
 34.6
 54.4
 42.3
 2.800003
 7.9000015
 54.8
 36.2
 48.5
 1.5
 1.2000046
 44.800003
 50.3
 31.099998
 1.1000061
 53.000004
 41.600002
 41.
 54.4
 6.5
 51.3
 3.0999985
 6.5
 65.399994
 1.2999954
 35.5
 3.899994
 69.5
 5.199997
 48.4
 1.199997
 2.899994
 32.800003
 60.4
 34.9
 2.0999985
 2.199997
 54.700005
 1.6000061
 2.5999985
 35.5
 45.5
 1.699997
 6.100006
 7.
 34.5
 36.1
 1.6000061
 32.800003
 1.0999985
 2.300003
 4.699997
 5.399994
 48.699997
 1.4000015
 31.5
 36.9
 46.800003
 4.
 1.699997
 0.9000015
 24.699997
 1.5
 31.700005
 31.200005
 3.7000046
 2.5
 1.199997
 28.899994
 28.699997
 1.800003
 41.800003
 43.6
 3.699997
 50.300003
 45.200005
 37.700005
 0.69999695
 53.5
 61.6
 42.500004
 3.
 2.5
 24.400002
 32.699997
 1.699997
 1.699997
 1.9000015
 58.800003
 43.100002
 2.5999985
 6.5999985
 36.800003
 1.1000061
 4.4000015
 1.699997
 1.800003
 4.2999954
 53.000004
 69.4
 27.799995
 1.5999985
 49.1
 2.
 58.499996
 1.0999985
 7.2000046
 58.800003
 30.200005
 50.500004
 0.9000015
 1.
 54.3
 1.9000015
 1.300003
 71.8
 56.100002
 3.5
 5.199997
 68.700005
 54.500004
 1.300003
 38.1
 3.800003
 46.899998
 1.2999954
 2.5
 7.
 2.9000015
 5.0999985
 3.
 79.9
 54.800003
 2.4000015
 4.0999985
 81.1
 1.3999939
 63.100002
 41.700005
 2.5999985
 5.9000015
 37.899994
 37.199997
 1.199997
 23.900002
 43.1
 2.7999954
 1.9000015
 3.
 60.600002
 27.
 2.800003
 63.7
 4.800003
 48.500004
 39.699997
 75.3
 2.2999954
 73.2
 2.899994
 1.6000061
 1.800003
 3.399994
 2.199997
 34.5
 31.700005
 3.2000046
 30.5
 1.5999985
 4.7999954
 2.
 20.800003
 55.9
 50.7
 1.0999985
 42.6
 10.699997
 32.300003
 4.199997
 1.5
 2.199997
 10.400002
 3.0999985
 2.
 76.
 1.
 32.6
 44.799995
 49.699997
 8.200005
 41.4
 6.
 54.899998
 63.6
 0.9000015
 56.100002
 40.5
 3.9000015
 2.9000015
 5.600006
 64.2
 7.5999985
 62.7
 2.199997
 28.199997
 39.4
 49.9
 1.5
 63.5
 8.5
 30.899994
 6.7000046
 41.9
 29.799995
 47.299995
 65.9
 36.9
 52.6
 53.5
 2.5999985
 34.300003
 42.800003
 42.4
 4.0999985
 40.199997
 27.099998
 1.5
 44.4
 48.5
 6.9000015
 27.800003
 1.199997
 3.5
 32.5
 6.5
 24.399994
 61.8
 1.5999985
 1.300003
 10.5
 3.5999985
 48.299995
 55.199997
