 2.3000002
 2.3000011
 2.3999996
 2.7999992
 2.5999985
 2.7999992
 6.3999996
 7.8
 6.3999996
 7.299999
 2.2000008
 3.1000004
 2.
 3.2000008
 1.7999992
 3.1999989
 2.2999992
 6.3999996
 7.699999
 6.9000015
 5.300001
 7.5
 5.699999
 2.
 2.3999996
 2.2999992
 1.5
 1.6999989
 1.8999996
 6.5
 3.6000004
 3.6000004
 6.9000015
 9.6
 9.
 2.0999985
 8.799999
 3.2000008
 2.
 6.8999996
 5.5
 1.3999996
 2.
 9.4
 7.6000004
 1.8999996
 5.6000004
 1.6000004
 2.1000004
 2.3999996
 8.9
 10.9
 7.8999996
 9.700001
 6.300001
 7.700001
 5.699999
 8.4
 8.600002
 2.6000023
 5.800001
 2.7000027
 6.300001
 6.8999996
 9.200003
 9.400002
 3.2000008
 3.6000004
 7.199999
 9.300001
 8.6
 2.199997
 2.9000015
 5.7000027
 3.3000011
 7.999998
 8.299999
 3.
 1.2999992
 9.1
 8.299999
 7.300001
 2.7000008
 1.800003
 8.1
 1.9000015
 2.2999992
 5.6000023
 7.000002
 9.800001
 8.799999
 5.300003
 1.8999977
 6.9000015
 4.0999985
 8.799999
 3.
 2.3999977
 6.200001
 5.799999
 6.299999
 2.4000015
 6.9000015
 5.5999985
 8.
 10.4
 1.7000008
 8.5
 8.200001
 2.9000015
 5.
 1.5999985
 9.900002
 9.400002
 7.5999985
 8.299999
 11.9
 9.200001
 6.
 9.799999
 1.7000008
 1.9000015
 6.5999985
 14.799999
 5.5999985
 9.800003
 7.5
 2.3999977
 6.5
 2.7000008
 8.299999
 7.1000023
 5.4000015
 6.799999
 8.199997
 2.0999985
 6.5
 1.7999992
 2.4000015
 10.299999
 4.0999985
 6.9000015
 8.700001
 8.399998
 2.2999992
 6.700001
 10.100002
 8.
 4.4000015
 2.2999992
 3.1000023
 5.5999985
 7.8999977
 7.700001
 1.7999992
 7.5
 10.5
 6.5999985
 6.
 6.200001
 4.200001
 9.5
 12.
 10.799999
 1.7000008
 8.
 3.1000023
 8.700001
 7.200001
 11.
 9.300003
 2.7000008
 1.6000023
 7.3999977
 7.200001
 8.5
 9.100002
 8.399998
 2.2000008
 10.100002
 7.0999985
 8.600002
 3.
 1.7000008
 7.799999
 9.5
 2.8999977
 1.7000008
 2.5
 9.599998
 9.099998
 8.599998
 9.5
 2.7999992
 7.5
 2.
 3.2000008
 4.299999
 1.6000023
 11.899998
 2.5999985
 1.800003
 3.1000023
 3.
 9.700001
 9.400002
 4.
 6.199997
 10.100002
 2.2999992
 9.5
 7.700001
 9.099998
 2.7999992
 1.7999992
 2.699997
 1.5999985
 9.900002
 7.799999
 8.5
 3.2999992
 10.099998
 8.700001
 3.7999992
 8.5
 1.7999992
 2.300003
 2.9000015
 3.7999992
 8.799999
 9.400002
 2.2999992
 6.699997
 5.200001
 10.899998
 8.800003
 3.7000008
 10.200001
 4.1000023
 9.400005
 3.4000015
 1.6000023
 2.7000046
 3.0000038
 8.200001
 2.7000008
 3.0000038
 8.900002
 1.5999985
 4.299999
 7.300003
 6.300003
 8.399998
 10.200001
 7.800003
 9.800003
 8.799999
 5.5999985
 9.800003
 3.199997
 10.000004
 2.5
 10.799999
 8.700001
 5.799999
 9.000004
 2.0999985
 8.999996
 7.7000046
 5.300003
 1.5
 2.2000046
 8.700005
 2.699997
 8.600002
 8.5
 6.5
 2.2999954
 6.5
 8.999996
 7.500004
 11.000004
 6.7999954
 2.2999954
 9.999996
 9.200001
 8.700001
 7.2999954
 1.8999939
 7.100006
 11.800003
 2.4000015
 7.5999985
 7.800003
 2.2000046
 6.800003
 7.800003
 2.2000046
 11.299999
 2.0999985
 10.400002
 6.199997
 8.699997
 2.2000046
 1.7000046
 2.300003
 9.5
 2.199997
 8.099998
 3.
 6.7000046
 2.
 6.199997
 3.5999985
 6.2999954
 9.
 7.5999985
 6.5999985
 2.199997
 5.699997
 7.2000046
 9.599998
 11.199997
 7.699997
 6.
 10.099998
 7.5999985
 6.0999985
 2.
 8.599998
 3.300003
 6.800003
 6.4000015
 6.199997
 8.199997
 7.899994
 8.400002
 3.7999954
 1.800003
 8.099998
 7.699997
 7.199997
 7.
 9.300003
 3.
 2.0999985
 7.199997
 4.
 4.0999985
 1.9000015
 3.2000046
 7.800003
 8.300003
 8.299995
 5.699997
 8.900002
 7.7000046
 7.9000015
 2.4000015
 6.800003
 1.5
 9.099998
 8.5
 2.300003
 2.7999954
 1.9000015
 6.199997
 2.699997
 9.400002
 7.2000046
 9.300003
 10.5
 8.600006
 6.899994
 9.299995
 7.0999985
 10.599998
 8.400002
 1.8999939
 2.7000046
 4.
 2.
 2.2000046
 8.199997
 1.5
 2.9000015
 7.5
 9.
 9.900002
 10.699997
 1.6000061
 2.
 4.100006
 1.800003
 2.
 3.
 2.7999954
 2.300003
 3.0999985
 9.
 6.699997
 6.300003
 13.5
 3.5999985
 9.199997
 1.9000015
 7.300003
 3.5999985
 7.699997
 8.599998
 1.5
 7.800003
 8.900002
 3.300003
 2.7999954
 1.800003
 8.199997
 6.300003
 6.5
 3.699997
 2.0999985
 7.7000046
 3.5
 11.099998
 1.7000046
 5.5999985
 9.200005
 3.300003
 3.100006
 2.
 10.
 7.4000015
 7.5
 1.5999985
 5.9000015
 10.099998
 2.
 7.5
 12.400002
 8.400002
 9.100006
 9.5
 1.5999985
 6.199997
 8.400002
 6.399994
 1.9000015
 8.699997
 1.5
 10.800003
 6.
 8.799995
 11.
 2.0999985
 6.899994
 12.900002
 9.300003
 1.800003
 3.
 7.2000046
 4.9000015
 3.300003
 3.300003
 8.
 6.5
 1.2999954
 3.7999954
 8.199997
 8.400002
 8.299995
 8.
 2.2999954
 6.9000015
 10.300003
 3.5999985
 1.5999985
 9.199997
 2.699997
 6.9000015
 2.800003
 8.900002
 8.399994
 4.
 9.700005
 1.6000061
 9.400002
 6.2999954
 6.7000046
 3.2000046
 6.9000015
 2.7999954
 10.200005
 9.099998
 9.400002
 8.599998
 5.100006
 3.300003
 7.4000015
 10.5
 11.700005
 8.400002
 9.900002
 8.699997
 9.299995
 12.099998
 7.5
 1.7999954
 8.600006
 8.599998
 3.
 9.800003
 7.7000046
 2.5999985
 5.0999985
 10.
 6.0999985
 6.9000015
 12.
 3.699997
 7.399994
 9.600006
 2.4000015
 6.4000015
 2.0999985
 3.
 5.800003
 7.4000015
 10.800003
 13.
 7.100006
 8.900002
 8.700005
 2.2999954
 6.7999954
 3.4000015
 6.199997
 5.5
 5.699997
 5.9000015
 10.699997
 7.300003
 10.400002
 6.
 3.5
 10.099998
 11.400002
