 300.2 0.03182131 0.2503059 0.2768497 0.0067886994 0.040341083
 300.4 0. 0.25234753 0.26562127 0. 0.029906377
 300.6 0.11009018 0.14962429 0.25396758 0.0021763798 0.027865736
 300.80002 0. 0.2637357 0.2637357 0. 0.029268907
 301. 0. 0.26030308 0.26030308 0. 0.032631125
 301.2 0. 0.28632674 0.28632674 0. 0.046716426
 301.4 0. 0.30880737 0.30880737 0. 0.061165366
 301.6 0. 0.35345143 0.35345143 0. 0.07175374
 301.80002 0. 0.39867142 0.39867142 0. 0.06631988
 302. 0. 0.39473718 0.39473718 0. 0.011231881
 302.2 0.20994525 0.1996658 0.6031778 0.015211057 0.03940274
 302.4 0. 0.4181645 0.4282991 0. 0.031415135
 302.6 0.11121253 0.37724414 0.38849762 0.0011380366 0.026515372
 302.80002 0.13054693 0.4606133 0.6606461 0.028051952 0.030616118
 303. 0.118108645 0.36928457 0.6436347 0.005632967 0.036668967
 303.2 0.16150576 0.75992954 0.8162473 0.03160036 0.06945636
 303.4 0.16370915 0.8438137 0.942142 0.027220517 0.09268638
 303.6 0.16483355 0.57992923 0.8508932 0.029760147 0.07560738
 303.80002 0.16551562 0.28665563 0.38301703 0.031242097 0.02712973
 304. 0.16620338 0.32166058 0.50303936 0.029756261 0.036961187
 304.2 0.17093857 0.38536066 0.97280025 0.032836057 0.056400668
 304.4 0.24480781 0.36809847 0.6930395 0.042370703 0.067483716
 304.6 0.19258265 0.14906667 0.30249888 0.027032092 0.026248174
 304.80002 0.17290907 0.18709777 0.398147 0.026972175 0.026248038
 305. 0.24841452 0.14562942 0.61884296 0.041337874 0.02545846
 305.2 0.1685377 0.18471357 0.42647105 0.024253072 0.030017944
 305.4 0.16620338 0.1837015 0.25574058 0.028090214 0.027932813
 305.6 0.16483355 0.16357437 0.2360808 0.030612784 0.026387429
 305.80002 0.16304184 0.14598544 0.22536826 0.032047242 0.016775021
 306. 0.16304184 0.12671432 0.19448802 0.03214005 0.015992941
 306.2 0.13568385 0.124998376 0.16925085 0.025811568 0.021450402
 306.4 0.10767051 0.12370972 0.15208961 0.019093607 0.024162585
 306.6 0. 0.12307532 0.13888724 0. 0.025263721
 306.80002 0. 0.12269777 0.12875375 0. 0.025919033
 307. 0. 0.10193546 0.10298526 0. 0.021898499
 307.2 0. 0.10183165 0.10183165 0. 0.02209524
 307.4 0. 0.0812172 0.0812172 0. 0.017727204
 307.6 0. 0.1398588 0.1404481 0. 0.02909015
 307.80002 0. 0.16783056 0.16783056 0. 0.03497103
 308. 0. 0.16925085 0.16925085 0. 0.035285458
 308.2 0. 0.16997007 0.16997007 0. 0.035386797
 308.4 0. 0.17069541 0.17069541 0. 0.0352263
 308.6 0. 0.17167222 0.17167222 0. 0.033946183
 308.80002 0. 0.17365977 0.17365977 0. 0.026518742
 309. 0. 0.36391068 0.36665624 0. 0.044867646
 309.2 0.09740113 0.17856988 0.2956462 0.0055503338 0.01585453
 309.4 0.099583566 0.2482388 0.30483478 0.0014138515 0.025209412
 309.6 0. 0.83243257 0.8560131 0. 0.05171087
 309.80002 0.18527015 0.26875234 0.773256 0.004938817 0.02830576
 310. 0. 0.2886633 0.3254755 0. 0.02163058
 310.2 0.112568796 0.2448647 0.30257717 0.0035103166 0.027107826
 310.4 0.15345104 0.29895774 0.35044888 0.030981367 0.02974902
 310.6 0.15604517 0.33691174 0.39045423 0.025288293 0.029994803
 310.80002 0.1583097 0.7623694 0.7623694 0.025079375 0.029174084
 311. 0.20214255 0.4250787 0.66120136 0.0044782734 0.04531856
 311.2 0.18730986 0.85899746 0.94057685 0.025861427 0.10873004
 311.4 0.19592479 0.6059028 0.73936963 0.016183522 0.06772497
 311.6 0.22315443 1.0150675 1.015785 0.030339094 0.07849849
 311.80002 0.21958447 0.53142023 0.5354775 0.027031781 0.040002104
 312. 0.21798885 0.5793527 0.61857176 0.025274811 0.03705538
 312.2 0.22604544 0.7932256 1.0302074 0.01696583 0.09007877
 312.4 0.20746656 0.56621504 0.9911045 0.025704555 0.07315523
 312.6 0.31296915 0.8852922 1.2971321 0.038107343 0.06279527
 312.80002 0.4256033 0.79763925 1.8986362 0.06944575 0.06317773
 313. 0.4865225 0.5840378 2.0574818 0.0833134 0.05873077
 313.2 0.43744034 0.5793606 1.3555958 0.050767746 0.09982193
 313.4 0.5524744 0.4705399 1.4113322 0.058089446 0.015507315
 313.6 0.8015934 0.20810893 1.137344 0.033853415 0.01616226
 313.80002 1.0453765 0.3364833 1.168002 0.028097415 0.01782024
 314. 0.35887584 0.20958969 0.8808657 0.028104736 0.0110439705
 314.2 0.22164996 0.3843357 1.1357962 0.0071918503 0.022661999
 314.4 0.33453926 0.26286945 0.59829503 0.021747323 0.018295845
 314.6 0.3228087 0.28890282 0.6236585 0.015554992 0.024644637
 314.80002 0.18547697 0.38815525 0.71274006 0.019844295 0.0242522
 315. 0.2757931 0.22282083 0.46955127 0.023303583 0.023740651
 315.2 0.24836525 0.23928717 0.81709874 0.031943228 0.031374674
 315.4 0.38359293 0.37059027 0.7905892 0.047507007 0.04580764
 315.6 0.38327923 0.76793516 1.3276354 0.04672261 0.05992909
 315.80002 0.7331607 0.17216161 1.0770813 0.047989685 0.032101423
 316. 0.41790858 0.25808275 0.9567173 0.06836925 0.020405652
 316.2 0.41773075 0.24767771 1.4779536 0.05998979 0.028288685
 316.4 0.44043788 0.1400217 0.44211072 0.093775235 0.013256788
 316.6 0.41425127 0.13528584 0.4712662 0.05285055 0.015076664
 316.80002 0.33198038 0.21443829 0.4575611 0.032167614 0.02494738
 317. 0.31168857 0.16842952 0.46047324 0.038285106 0.020992793
 317.2 0.3198877 0.14545289 0.3295464 0.050017912 0.017794045
 317.4 0.3397329 0.14217845 0.3023767 0.06484419 0.018027648
 317.6 0.35667616 0.13777104 0.46475893 0.06822611 0.017907122
 317.80002 0.39976087 0.13589871 0.50055647 0.06591007 0.024008779
 318. 0.45926914 0.13559158 0.6914179 0.0507127 0.02770772
 318.2 0.43485123 0.13559158 0.49890953 0.04651251 0.029585412
 318.4 0.24520102 0.15633035 0.5553964 0.038269147 0.009153679
 318.6 0.45242342 0.11376427 0.53053963 0.04948326 0.025570193
 318.80002 0.3131448 0.09111507 0.40547854 0.031941954 0.020154996
 319. 0.30029535 0.068414226 0.36380118 0.021112261 0.015043591
 319.2 0.19769213 0.11718591 0.33301026 0.033109423 0.0036676906
 319.4 0.3277927 0. 0.3285627 0.050390262 0.
 319.6 0.28281882 0. 0.28281882 0.042408556 0.
 319.80002 0.24793307 0. 0.24793307 0.024553059 0.
 320. 0.24947946 0. 0.24947946 0.036597837 0.
 320.2 0.27037138 0. 0.27037138 0.053418975 0.
 320.4 0.29277596 0. 0.29277596 0.059842605 0.
 320.6 0.31346554 0. 0.31346554 0.060158398 0.
 320.80002 0.32786912 0. 0.32786912 0.03830022 0.
 321. 0.28168997 0.09546393 0.5005541 0.047791883 0.0042604064
 321.2 0.33302584 0. 0.33302584 0.024159422 0.
 321.4 0.31234965 0.09546393 0.8434353 0.037228737 0.003651188
 321.6 0.8621148 0. 0.8621148 0.045827657 0.
 321.80002 0.7230145 0.09677273 0.78970146 0.03322182 0.005965357
 322. 0.90522134 0. 0.91409576 0.062231705 0.
 322.2 0.36682528 0.101521336 0.39748457 0.044694003 0.001761701
 322.4 1.7332674 0. 1.7332674 0.23459846 0.
 322.6 0.83254623 0. 0.83254623 0.10813257 0.
 322.80002 0.9016123 0.06364262 0.9016123 0.043888 0.013776836
 323. 0.70933884 0.11193873 0.7392534 0.07153428 0.0053924154
 323.2 0.9010633 0.12307532 0.98540175 0.18254335 0.00033888678
 323.4 0.8987972 0.09546393 0.910318 0.08552567 0.022197226
 323.6 0.43823743 0.13043316 0.9903286 0.050976366 0.009656456
 323.80002 0.8061597 0. 0.8061597 0.05993168 0.
 324. 0.52256835 0.09941856 0.5807627 0.058222923 0.0024670658
 324.2 0.5249585 0.10169341 0.57471305 0.05558054 0.006610354
 324.4 0.57508504 0.10117893 0.6771855 0.071528204 0.015015078
 324.6 0.50664014 0.10186607 0.77660805 0.052629624 0.015001276
 324.80002 0.45609578 0.102475 1.1917651 0.059306342 0.014956129
 325. 0.34184343 0.10230029 0.36171523 0.01587692 0.019094454
 325.2 0.32639843 0.10535405 0.3831432 0.035239514 0.00031134
 325.4 0.3325611 0.106665134 0.46972194 0.04047796 0.011247038
 325.6 0.3250553 0.10879265 0.4619979 0.04962644 0.008670791
 325.80002 0.25503653 0.10928806 0.33952314 0.029706338 0.015998883
 326. 0.24113643 0.10908936 0.32216442 0.030863473 0.01970534
 326.2 0.22760937 0.108990274 0.28835803 0.028251328 0.021035733
 326.4 0.2208426 0.108694114 0.27176327 0.03289022 0.02156748
 326.6 0.21704149 0.12682909 0.2601342 0.04143752 0.025922531
 326.80002 0.20942211 0.1978566 0.40851107 0.042258907 0.040856924
 327. 0.20100646 0.21314259 0.4619376 0.04312883 0.044448707
 327.2 0.17985079 0.21089499 0.361859 0.03933494 0.042839196
 327.4 0.13205945 0.20978889 0.32000026 0.025737187 0.037607815
 327.6 0.10195261 0.20978889 0.32520357 0.014988004 0.028558055
 327.80002 0.10083884 0.38429835 0.7277633 0.013719074 0.048124757
 328. 0.09999851 0.3861865 0.8070143 0.0146086095 0.0320926
 328.2 0.16268751 0.32065606 0.5314048 0.013116922 0.028240202
 328.4 0.14953431 0.38909274 1.030032 0.009750172 0.038187746
 328.6 0.15865739 0.28512448 0.3811444 0.014918782 0.026025986
 328.80002 0.15315829 0.3066628 0.90514964 0.0052680075 0.013681869
 329. 0.15608394 0.32670158 1.1161022 0.0039379094 0.02211587
 329.2 0.15464571 0.3031895 1.3364117 0.008320889 0.024998086
 329.4 0.16460744 0.30620158 0.64680564 0.0066188504 0.01304639
 329.6 0.16666505 0.2599063 0.30082008 0.006320261 0.015156749
 329.80002 0.09546393 0.5452197 0.6398188 0.0032684046 0.04168467
 330. 0.09546393 0.41035348 0.88527834 0.004230687 0.036407094
 330.2 0.09546393 0.3628695 0.897476 0.010697254 0.037435334
 330.4 0.09546393 0.4111113 0.51931447 0.015419021 0.05407052
 330.6 0.09546393 0.37273335 0.49353218 0.015435055 0.04563725
 330.80002 0.095539935 0.35472718 0.48399812 0.016416593 0.04415205
 331. 0.09546393 0.3411847 0.44327807 0.018154934 0.049681943
 331.2 0.07955328 0.3169634 0.35883155 0.016425563 0.039543834
 331.4 0.06364262 0.3166805 0.33356333 0.013892059 0.050741628
 331.6 0.047731966 0.3204797 0.32242143 0.010555784 0.0564618
 331.80002 0. 0.33415312 0.3501329 0. 0.06631775
 332. 0. 0.35766536 0.36020356 0. 0.07160418
 332.2 0. 0.37952295 0.3803924 0. 0.07369078
 332.4 0.08595909 0.40000033 0.4013381 0.014386006 0.041718304
 332.6 0.12618133 0.16415706 0.32812494 0.010151356 0.02033776
 332.80002 0.12711702 0.1628206 0.3283674 0.00045511857 0.007076697
 333. 0.12486832 0.16150576 0.32810873 0.004378248 0.0131035885
 333.2 0.12806667 0.15936092 0.30372876 0.03027062 0.009947895
 333.4 0.13071732 0.1583097 0.2789375 0.004747735 0.014405512
 333.6 0.18518366 0.19891453 0.2691236 0.033452336 0.016900321
 333.80002 0.250696 0.18844816 0.35908934 0.041059032 0.019561956
 334. 0.2641953 0.17757973 0.41113734 0.042283166 0.02433799
 334.2 0.40949845 0.1776384 0.98869705 0.052290227 0.026123295
 334.4 0.16610453 0.26976773 1.0151865 0.020234508 0.0187646
 334.6 0.20102687 0.22075896 1.0258062 0.023902228 0.031343732
 334.80002 0.51446676 0.35157067 1.0694664 0.0072384574 0.011449094
 335. 0.22896568 0.22509551 0.87827045 0.018105866 0.021710545
 335.2 0.21468846 0.22914293 0.65874624 0.017294884 0.0155849
 335.4 0.21981919 0.2250611 0.4790421 0.0074584982 0.02675914
 335.6 0.22219777 0.48336363 0.77422255 0.011271079 0.04964437
 335.80002 0.19077753 0.6730479 0.62068146 0.034379456 0.068641044
 336. 0.21982615 0.47229472 0.8130151 0.030819828 0.060219824
 336.2 0.3036874 0.3491604 0.72077626 0.03343854 0.039453585
 336.4 0.19841257 0.38134304 1.0107143 0.027941538 0.004530933
 336.6 0.43119508 0.42579126 1.0858634 0.024324806 0.030722663
 336.80002 0.17658749 0.25868505 1.2641943 0.024182608 0.011942119
 337. 0.24926004 0.24611302 1.6485962 0.03295937 0.0105308145
 337.2 0.15290189 0.7258575 1.1560173 0.029008025 0.09360228
 337.4 0.18594368 0.21584563 0.63209665 0.008465818 0.0237618
 337.6 0.27400646 0.3477088 0.8496186 0.012099269 0.049481377
 337.80002 0.12951359 0.32168373 0.6858284 0.020755094 0.03539354
 338. 0.23096204 0.20715208 0.39875942 0.047325477 0.030298777
 338.2 0.22625108 0.22046976 0.51513916 0.014684399 0.031780545
 338.4 0.12618133 0.31102166 0.5610052 0.035929736 0.044648383
 338.6 0.12552139 0.29142195 0.3804881 0.03147174 0.03797556
 338.80002 0.104382776 0.25177017 0.30521354 0.02449742 0.026550094
 339. 0.082814656 0.2403821 0.26767632 0.018895237 0.035500646
 339.2 0. 0.22513029 0.24157003 0. 0.036349338
 339.4 0. 0.22089641 0.22651859 0. 0.04284424
 339.6 0. 0.23602042 0.23602042 0. 0.048998132
 339.80002 0. 0.2671041 0.2671041 0. 0.05536453
 340. 0. 0.2806696 0.2806696 0. 0.055772517
 340.2 0. 0.28915662 0.28915662 0. 0.045252487
 340.4 0. 0.51590645 0.51590645 0. 0.077767305
 340.6 0. 0.5324162 0.5324162 0. 0.058636505
 340.80002 0.096850835 0.25184003 0.2843493 0.0031083038 0.027928026
 341. 0. 0.3498221 0.35010475 0. 0.035029396
 341.2 0.101093695 0.3100778 0.39657453 0.0057859463 0.044901606
 341.4 0. 0.33261406 0.33261406 0. 0.043965947
 341.6 0. 0.31058154 0.31413752 0. 0.049243372
 341.80002 0. 0.3530705 0.3642041 0. 0.05862673
 342. 0.108842455 0.47005004 0.48457408 0.018942656 0.0749422
 342.2 0.16506028 0.4574799 0.4720613 0.028705439 0.029732384
 342.4 0.119998395 0.33529586 0.3525839 0.008137726 0.063973494
 342.6 0.16483355 0.57299924 0.58576363 0.020168098 0.06473921
 342.80002 0.16017637 0.80731285 0.82111275 0.021652758 0.030823482
 343. 0.1524761 0.3138104 0.41630906 0.03323279 0.043274086
 343.2 0.14562942 0.33953255 0.4351511 0.031135445 0.044971455
 343.4 0.19105974 0.3027761 0.48189658 0.021268768 0.03452426
 343.6 0.13543853 0.35096005 0.46329165 0.022175653 0.02760995
 343.80002 0.13808812 0.32947183 0.53363454 0.011578746 0.041608617
 344. 0.19367872 0.2566594 0.46327716 0.020887515 0.05027694
 344.2 0.1294482 0.25104648 0.60538197 0.024721468 0.03532592
 344.4 0.12671432 0.23093638 0.34731296 0.02862896 0.033261113
 344.6 0.12604879 0.2097112 0.39609748 0.026913559 0.024261631
 344.80002 0.26432675 0.15793905 0.43737286 0.022289855 0.028532028
 345. 0.13043316 0.1840184 0.46897697 0.028393695 0.028442688
 345.2 0.21908946 0.13362865 0.414136 0.056890976 0.027382972
 345.4 0.186045 0.13362865 0.32191208 0.012206792 0.028404696
 345.6 0.13274172 0.12738691 0.2448971 0.029256219 0.0066087064
 345.80002 0.108812556 0.12525932 0.20167926 0.019799585 0.009385205
 346. 0.085469 0.12396532 0.17340882 0.016653735 0.006834714
 346.2 0. 0.12244736 0.15305957 0. 0.0011616391
 346.4 0. 0.12194961 0.13777104 0. 0.01127202
 346.6 0.114721164 0. 0.12711702 0.0007714582 0.
 346.80002 0. 0.121702254 0.12307532 0. 0.012325473
 347. 0. 0.1218258 0.1218258 0. 0.017376928
 347.2 0. 0.12194961 0.12194961 0. 0.02136469
 347.4 0. 0.12282337 0.12282337 0. 0.023733182
 347.6 0. 0.12320167 0.12320167 0. 0.02513812
 347.80002 0. 0.13456252 0.13456252 0. 0.028562238
 348. 0. 0.19230622 0.19230622 0. 0.041827682
 348.2 0. 0.19169182 0.19169182 0. 0.04110789
 348.4 0. 0.19169182 0.19169182 0. 0.03676896
 348.6 0. 0.1938596 0.1938596 0. 0.017563356
 348.80002 0.09546393 0.19108132 0.19769213 0.005278884 0.039912324
 349. 0. 0.31029218 0.31029218 0. 0.049976315
 349.2 0. 0.2804553 0.2804553 0. 0.046005532
 349.4 0. 0.29487342 0.29506177 0. 0.03849669
 349.6 0.098117895 0.2675162 0.2929783 0.000038342314 0.041551035
 349.80002 0. 0.36004815 0.3734864 0. 0.03279182
 350. 0.20703587 0.3700727 0.6985718 0.030040741 0.060839888
 350.2 0.10282625 0.5807919 0.6354641 0.0111252135 0.09602586
 350.4 0.11100676 0.38654333 0.61219215 0.0013616531 0.05316986
 350.6 0.14705887 0.8766896 0.924034 0.03098976 0.07635593
 350.80002 0.117415234 0.3678811 0.41818213 0.014098048 0.04159515
 351. 0.35225096 0.25296044 0.60322297 0.00550425 0.027439415
 351.2 0.2564096 0.6541767 0.707672 0.05260377 0.06811894
 351.4 0.49180365 0.8852264 1.1531107 0.1001038 0.09707952
 351.6 0.21352184 0.41526017 0.62966263 0.042186607 0.04670516
 351.80002 0.31187862 0.3370442 0.58655435 0.05147375 0.03568134
 352. 0.46332082 0.6654357 0.9409935 0.09229375 0.060424436
 352.2 0.21589474 0.8527929 1.1184938 0.021008953 0.12218242
 352.4 1.0937501 0.3308125 1.3347788 0.10274067 0.056452695
 352.6 0.42857176 0.46254593 2.3596869 0.038052063 0.03891144
 352.80002 0.86471975 0.43337125 2.50215 0.05141067 0.027324343
 353. 0.73206365 0.31961 1.9188387 0.03689754 0.038583983
 353.2 1.2935654 0.29010358 1.3134924 0.0641991 0.038811073
 353.4 1.3796883 0.38181216 2.0440643 0.10585677 0.026503973
 353.6 0.64895153 0.9570481 1.6645758 0.051044066 0.056143787
 353.80002 0.5674571 1.2050092 2.262199 0.067438 0.05058519
 354. 1.3142349 0.34797743 1.6425965 0.047755346 0.0442407
 354.2 0.513973 0.45129618 1.8404055 0.050202396 0.039756298
 354.4 1.7140467 0.25062197 2.7978911 0.17537193 0.020765143
 354.6 0.6107323 0.88296604 3.084169 0.051483914 0.09132585
 354.80002 0.6856371 0.31416562 1.459317 0.06148912 0.05549707
 355. 0.8490573 0.789863 1.3856434 0.08593393 0.06484125
 355.2 0.8820589 0.3158876 2.3235886 0.033663258 0.027806161
 355.4 1.1307166 0.55505383 2.011761 0.063194536 0.029909419
 355.6 1.3619249 0.21847717 1.6180887 0.1319641 0.0084982505
 355.80002 0.37958297 0.3540092 1.3579538 0.03181641 0.01898899
 356. 0.5059663 0.24710274 1.6223013 0.012591115 0.012166907
 356.2 0.4583457 0.45134845 1.704801 0.03081213 0.038756415
 356.4 0.2519439 0.3633906 2.2385898 0.033058975 0.017040715
 356.6 0.40832394 0.19782886 1.3763407 0.019306362 0.021413423
 356.80002 0.35324213 0.20663922 1.1920421 0.03702505 0.015903763
 357. 0.623974 0.14936826 1.0862336 0.024537535 0.021095341
 357.2 0.29932433 0.19355986 0.9877647 0.028364891 0.022741774
 357.4 0.27345976 0.53365827 1.0668993 0.027031912 0.07065165
 357.6 0.24796303 0.525119 1.5260954 0.028371358 0.07725063
 357.80002 0.40588418 0.43009216 1.3643618 0.079387836 0.078349195
 358. 0.4583301 0.15257071 0.86671174 0.073703535 0.024988428
 358.2 0.35811734 0.15104486 0.5286394 0.042204853 0.018622534
 358.4 0.59277904 0.15189709 0.44408196 0.08580757 0.011735802
 358.6 0.70987344 0.14723763 0.62637675 0.10378822 0.01997265
 358.80002 0.5432649 0.14388326 0.49333373 0.08040769 0.025849378
 359. 0.5518565 0.14319643 0.9555418 0.082785346 0.028568164
 359.2 0.5357897 0.14201018 0.6106891 0.062524274 0.028921375
 359.4 0.29360205 0.16337146 0.59417534 0.035304915 0.010613921
 359.6 0.22429791 0.14167486 0.49376926 0.020463033 0.0017733105
 359.80002 0.34117395 0.090908 0.41117674 0.060668338 0.018650936
 360. 0.22556277 0.12847802 0.38845056 0.03477109 0.031880762
 360.2 0.24287891 0.11892804 0.37179518 0.04782994 0.002626872
 360.4 0.34491962 0. 0.35752815 0.061223764 0.
 360.6 0.29286024 0.092763074 0.3592548 0.062316936 0.00663815
 360.80002 0.36060447 0.06364262 0.40222114 0.04708284 0.014102838
 361. 0.42224154 0.07955328 0.5608598 0.026169993 0.017194554
 361.2 0.3557926 0.1282035 0.77284145 0.0540815 0.00788796
 361.4 0.8049159 0.095539935 1.2812923 0.09161981 0.017949106
 361.6 0.39189693 0.12644728 0.8861879 0.03530869 0.018292984
 361.80002 0.40782136 0.12565282 1.0272442 0.05452743 0.0136419805
 362. 0.4727378 0.09546393 0.6474143 0.036874864 0.012384389
 362.2 1.5336397 0.1269825 3.5832932 0.1264054 0.013320546
 362.4 2.6040494 0.09546393 2.7442102 0.29932415 0.0067008883
 362.6 1.9786053 0.09546393 2.4047093 0.22853695 0.014196503
 362.80002 2.1608493 0. 2.1608493 0.25208804 0.
 363. 1.157954 0.09546393 1.2364591 0.106675826 0.00494675
 363.2 0.8679714 0.09546393 0.880264 0.102776915 0.008572861
 363.4 1.010686 0.09546393 1.3509538 0.1199457 0.0004586775
 363.6 0.71924084 0.15665631 1.4444485 0.044568688 0.0035841719
 363.80002 1.6815971 0.09546393 2.1014628 0.08306428 0.000020190824
 364. 0.844485 0.14319643 2.0917804 0.08877436 0.0025857135
 364.2 0.5439652 0.09546393 1.1441052 0.047118053 0.001952135
 364.4 0.6749727 0.095539935 0.73653424 0.06814665 0.0054792087
 364.6 0.5471323 0.095768675 0.63695496 0.06563862 0.0042850524
 364.80002 0.3251952 0.0960754 0.44474444 0.025160069 0.009791606
 365. 0.3690479 0.09708591 0.4254853 0.048334748 0.006489147
 365.2 0.23689277 0.16786337 0.36009473 0.044809017 0.019581703
 365.4 0.290294 0.09677273 0.4010145 0.039881296 0.016776808
 365.6 0.26115963 0.095845185 0.5099324 0.042899136 0.02820273
 365.80002 0.23812011 0.095539935 0.37407893 0.026117204 0.025649043
 366. 0.2386628 0.07955328 0.3027926 0.03448115 0.020294094
 366.2 0.23255709 0.06364262 0.2678567 0.03725007 0.015781024
 366.4 0.2357554 0.015910655 0.24742186 0.03912763 0.0038600964
 366.6 0.20003799 0.055787466 0.22904997 0.03601243 0.010701719
 366.80002 0.16101529 0.16806562 0.20479281 0.031821102 0.031218765
 367. 0.14191562 0.16997007 0.18213597 0.026769953 0.027549228
 367.2 0.121210515 0.17216483 0.15645206 0.0062512043 0.027767962
 367.4 0.09302215 0.14150777 0.15113184 0.017732305 0.00554054
 367.6 0.111109555 0.17365977 0.14962429 0.0073999427 0.03259358
 367.80002 0.022675464 0.20989034 0.21001093 0.004704064 0.02983121
 368. 0.10291444 0.27938902 0.25112996 0.0037812844 0.055089157
 368.2 0. 0.49256116 0.49256116 0. 0.086866535
 368.4 0.096539155 0.29281506 0.4724485 0.002196215 0.04212429
 368.6 0.1584421 0.33806863 0.6383517 0.0040439568 0.053056773
 368.80002 0.09546393 0.3656593 0.44285005 0.009825417 0.02013045
 369. 0.14124802 0.42674804 0.42523566 0.0040728883 0.03806592
 369.2 0. 0.40148252 0.40148252 0. 0.04405518
 369.4 0.0959218 0.41354066 0.43530664 0.0009218015 0.050568387
 369.6 0.09546393 0.39984128 0.6706086 0.006619282 0.048634153
 369.80002 0. 0.55367464 0.55367464 0. 0.02066724
 370. 0.09546393 0.5025817 0.6288289 0.0066525 0.04964639
 370.2 0.09546393 0.40629506 0.62013763 0.008565628 0.028825415
 370.4 0.09546393 0.36351094 0.90136206 0.0037553057 0.04575792
 370.6 0.14616157 0.35844794 0.4997808 0.014074796 0.0673049
 370.80002 0.09546393 0.51283807 1.1127787 0.012732327 0.092977665
 371. 0.09546393 0.56035626 1.2845491 0.019195719 0.057032127
 371.2 0.15665631 0.31899136 0.5271953 0.024401193 0.037479576
 371.4 0.09546393 0.58422506 0.8210746 0.021097707 0.02342516
 371.6 0.09546393 0.5962515 0.61110896 0.021632748 0.024156183
 371.80002 0.07955328 0.6002511 0.6065802 0.017983882 0.051974475
 372. 0.06364262 0.31336403 0.39691144 0.014113434 0.03665537
 372.2 0.015910655 0.32199398 0.37847644 0.0035100153 0.03789724
 372.4 0.13288873 0.17118242 0.32784277 0.0015066388 0.019554256
 372.6 0. 0.26007116 0.2798314 0. 0.03299822
 372.80002 0.13288873 0.16997007 0.27163514 0.012520944 0.031929854
 373. 0.17825206 0.20408025 0.20689519 0.03808974 0.009018085
 373.2 0.21582608 0.2030443 0.24604873 0.046154235 0.018926889
 373.4 0.21818058 0.19867407 0.26801056 0.046491843 0.0205326
 373.6 0.20759007 0.20235948 0.33937505 0.042351257 0.02922824
 373.80002 0.20265111 0.19607699 0.41895184 0.036553428 0.038381632
 374. 0.1886174 0.19230622 0.6118697 0.03424785 0.044573996
 374.2 0.1786526 0.19865565 0.29118365 0.029391525 0.03944425
 374.4 0.29575682 0.20869431 0.43251157 0.042704266 0.030681105
 374.6 0.43796358 0.20653908 0.46449876 0.057471383 0.034070786
 374.80002 0.41387835 0.2030443 0.5147666 0.049037192 0.03446457
 375. 0.44790834 0.22995667 0.56017125 0.053477164 0.039661046
 375.2 0.37913767 0.2651282 0.5349767 0.055051908 0.04919609
 375.4 0.2937192 0.27073374 0.69584787 0.04314443 0.049267147
 375.6 0.18146162 0.36374763 0.6620625 0.029504126 0.059691
 375.80002 0.18196559 0.34899545 0.93182504 0.025785184 0.052691188
 376. 0.17336446 0.3495883 0.57777786 0.030903762 0.06386095
 376.2 0.16502738 0.34762773 0.40950447 0.035669148 0.06667752
 376.4 0.16946146 0.35923764 0.8511419 0.040766772 0.05819873
 376.6 0.16690215 0.33504373 0.8010496 0.04063891 0.013837588
 376.80002 0.21977901 0.30000025 0.9438782 0.0178954 0.0050578336
 377. 0.18181664 0.38135123 0.6266173 0.0007245298 0.046553496
 377.2 0.16213934 0.7628452 0.8090747 0.03681826 0.075701624
 377.4 0.13969567 0.30168742 0.3489633 0.0013341914 0.031489488
 377.6 0. 0.2926889 0.39871234 0. 0.023660727
 377.80002 0. 0.2993945 0.39882517 0. 0.022359366
 378. 0.11776092 0.22552931 0.31260818 0.0019512555 0.026896486
 378.2 0. 0.32451168 0.34330744 0. 0.045642797
 378.4 0.10591197 0.22972627 0.30049837 0.007773303 0.040243976
 378.6 0. 0.30491886 0.30491886 0. 0.0488878
 378.80002 0. 0.2885259 0.2885259 0. 0.048989262
 379. 0. 0.27206305 0.27206305 0. 0.049850438
 379.2 0. 0.25695866 0.25695866 0. 0.0512213
 379.4 0. 0.25862005 0.25862005 0. 0.055075612
 379.6 0. 0.2637357 0.2637357 0. 0.058329854
 379.80002 0. 0.24296768 0.24296768 0. 0.0523476
 380. 0. 0.22429791 0.22429791 0. 0.046577547
 380.2 0. 0.22387946 0.22387946 0. 0.044811707
 380.4 0. 0.22641397 0.22641397 0. 0.036864493
 380.6 0. 0.22684197 0.22684197 0. 0.0070380527
 380.80002 0.09966628 0.12320167 0.24228752 0.00869035 0.017681615
 381. 0.10265033 0.122572444 0.22862995 0.0010045795 0.018433617
 381.2 0.108497545 0.1229492 0.23009327 0.0119031295 0.0149826715
 381.4 0. 0.1835897 0.22539315 0. 0.017366871
 381.6 0.06342413 0.17303923 0.22940128 0.012489599 0.011477392
 381.80002 0.13085988 0.17041054 0.24655545 0.025848715 0.016147697
 382. 0.13543853 0.16773412 0.26371345 0.026176775 0.016172195
 382.2 0.14167486 0.1679979 0.27477333 0.026491953 0.015076548
 382.4 0.14796382 0.24952522 0.32308596 0.025986383 0.036939465
 382.6 0.15189709 0.3789647 0.4693603 0.02444832 0.046397623
 382.80002 0.15364751 0.5232557 0.6629621 0.016607918 0.05853649
 383. 0.14981109 0.41830468 0.5778625 0.01815175 0.03974476
 383.2 0.14150777 0.31448227 0.42963758 0.024436409 0.031163493
 383.4 0.13636199 0.7096607 0.3719047 0.019900376 0.052616384
 383.6 0.13559158 0.5559667 0.33811417 0.019424826 0.023227872
 383.80002 0.13201158 0.40011567 0.83088017 0.017013827 0.01921972
 384. 0.42272192 0.08213445 0.5777911 0.028016895 0.01838653
 384.2 0.09546393 0.37812552 0.60521495 0.020893892 0.026525108
 384.4 0.2459886 0.27062097 0.4746634 0.014853195 0.014111109
 384.6 0.11787659 0.25041234 0.6408813 0.0051659006 0.020288251
 384.80002 0.11494094 0.3185265 0.47660893 0.007899205 0.037550524
 385. 0.11131569 0.42678538 0.6593033 0.018197613 0.03824423
 385.2 0.11173028 0.31954056 0.93664044 0.030034883 0.029527351
 385.4 0.1115226 0.29919845 0.51818705 0.027730217 0.042421967
 385.6 0.093108565 0.33356422 0.4622577 0.021949157 0.054761898
 385.80002 0.14034922 0.2319041 0.3807063 0.0043646195 0.044133186
 386. 0.055554777 0.28266898 0.35182112 0.012640308 0.027283298
 386.2 0.12409352 0.24695654 0.29011875 0.003925819 0.050921205
 386.4 0. 0.25052115 0.2721085 0. 0.016464852
 386.6 0. 0.22746928 0.24849315 0. 0.028487384
 386.80002 0. 0.21500993 0.23207562 0. 0.035163227
 387. 0. 0.19494715 0.20786493 0. 0.038353574
 387.2 0. 0.1775702 0.18491462 0. 0.032602742
 387.4 0. 0.15809874 0.16051967 0. 0.009425424
 387.6 0.09763888 0.12930872 0.14388326 0.009597008 0.027615085
 387.80002 0. 0.1428555 0.1428555 0. 0.004769614
 388. 0.09546393 0.107873514 0.14217845 0.0004159494 0.023493966
 388.2 0. 0.14217845 0.14217845 0. 0.019536497
 388.4 0.09546393 0. 0.14353903 0.014380959 0.
 388.6 0. 0.14251617 0.14251617 0. 0.023842989
 388.80002 0.09546393 0.09732362 0.14759983 0.017830735 0.017100038
 389. 0. 0.15325506 0.15325506 0. 0.0057933205
 389.2 0. 0.15957282 0.15957282 0. 0.0019511962
 389.4 0. 0.16551562 0.16551562 0. 0.016976295
 389.6 0.09546393 0.2736773 0.18320458 0.003143404 0.054119512
 389.80002 0. 0.23051524 0.23051524 0. 0.020317072
 390. 0. 0.26534572 0.26556832 0. 0.039367214
 390.2 0. 0.2566449 0.26128525 0. 0.03778406
 390.4 0. 0.5195159 0.52912074 0. 0.0743795
 390.6 0. 0.48337594 0.48337594 0. 0.056777153
 390.80002 0. 0.53447694 0.5358497 0. 0.07746061
 391. 0. 0.36332107 0.37167925 0. 0.048354995
 391.2 0. 0.5223097 0.5223097 0. 0.065362565
 391.4 0.10958749 0.6395353 0.64679205 0.0049345125 0.088709086
 391.6 0.08645453 0.60131323 0.60131323 0.014156555 0.069879554
 391.80002 0.19998087 0.29868534 0.5757642 0.005516929 0.04669589
 392. 0.16806605 0.4222257 0.4346265 0.022576682 0.049812723
 392.2 0.12383739 0.25062495 0.26696217 0.008449785 0.0284252
 392.4 0.2678284 0.23760235 0.2404232 0.041150954 0.011222582
 392.6 0.26564553 0.22526117 0.23565555 0.044697065 0.015417053
 392.80002 0.26613536 0.22338752 0.24660084 0.04627503 0.01442951
 393. 0.241256 0.21682234 0.24897902 0.041696023 0.01720096
 393.2 0.16643389 0.2412153 0.42242184 0.019470604 0.043103
 393.4 0.56067574 0.20935829 0.86721885 0.09981499 0.030714259
 393.6 0.3848155 0.2830935 1.1556075 0.053506244 0.03677186
 393.80002 0.3076075 0.26389062 0.41062808 0.02473825 0.062791385
 394. 0.1741639 0.36711207 0.6447183 0.012553482 0.03823014
 394.2 0.3589636 0.37831414 0.542125 0.055878986 0.028205628
 394.4 0.3544931 0.34090936 0.6052785 0.03786908 0.03217849
 394.6 0.70270586 0.4255754 0.7611838 0.095371895 0.03127223
 394.80002 1.222048 0.30666032 1.4734532 0.14057052 0.00507305
 395. 1.2362398 0.28741473 1.3450911 0.15598907 0.026451511
 395.2 0.60330904 0.22598636 1.6793916 0.071166344 0.0039988295
 395.4 1.0432823 0.36162433 1.335274 0.12687023 0.028569208
 395.6 0.4420678 0.38554823 0.8831092 0.08204412 0.04026151
 395.80002 0.52100694 0.2223579 1.5380377 0.03046594 0.032901436
 396. 0.4030365 0.629641 1.5901682 0.031436104 0.052154955
 396.2 0.89851534 0.26952535 1.0143178 0.096700795 0.025800085
 396.4 0.40257183 0.6396183 0.9818535 0.060194384 0.072865024
 396.6 0.7401711 0.35066694 0.9927449 0.060211584 0.036623325
 396.80002 0.93252957 0.31576362 1.496419 0.10338745 0.026751315
 397. 0.30821627 0.42211685 1.5897553 0.015973143 0.038260873
 397.2 0.64293617 0.35747242 1.3729986 0.071364835 0.036829326
 397.4 0.4276603 0.16506028 0.6274604 0.0576106 0.016447732
 397.6 0.41267076 0.1632637 1.2223709 0.07485634 0.019389562
 397.80002 0.5480395 0.1841749 1.1191598 0.10045015 0.025035135
 398. 1.0622348 0.16150576 0.9148367 0.15583809 0.032815594
 398.2 0.54178596 0.1949448 0.93793714 0.09227767 0.03132009
 398.4 1.3610688 0.16085628 1.3686459 0.19467716 0.032904115
 398.6 0.82116663 0.13368848 1.0815375 0.13661833 0.027318185
 398.80002 0.58840954 0.10695078 0.68473446 0.096374266 0.022281105
 399. 0.3421654 0.08032046 0.39533028 0.006604353 0.017172527
 399.2 0.45423326 0.13482983 0.65942764 0.06964918 0.008552686
 399.4 0.5777582 0. 0.58968204 0.06112902 0.
 399.6 0.5538832 0. 0.5706536 0.023426251 0.
 399.80002 0.7405644 0.06364262 0.7600116 0.023835301 0.014524215
 400. 0.40453905 0.07955328 0.43364936 0.04174067 0.016590035
 400.2 0.7617396 0.09546393 0.7850899 0.066229545 0.018525483
 400.4 0.36860558 0.13605279 0.7124246 0.052373793 0.008480866
 400.6 0.584932 0.09546393 0.59984004 0.08989298 0.020164339
 400.80002 0.45267215 0.09546393 0.45735207 0.05820025 0.021791728
 401. 0.8620677 0.09546393 1.2541765 0.13183472 0.020164631
 401.2 0.58952975 0.09546393 0.84436005 0.107783265 0.011779491
 401.4 0.33788082 0.09546393 0.36531228 0.061632693 0.009982114
 401.6 0.3361557 0.09546393 0.3288533 0.06933349 0.012284539
 401.80002 0.33492136 0.09546393 0.31321776 0.07067627 0.01611898
 402. 0.33341503 0.09546393 0.32827568 0.06878997 0.017413251
 402.2 0.32876742 0.09546393 0.4135515 0.06734776 0.019134253
 402.4 0.3225809 0.07955328 0.37683004 0.060383987 0.017083561
 402.6 0.3989392 0.06364262 0.6453269 0.055420462 0.014220382
 402.80002 0.40823358 0.06364262 0.46350867 0.030659372 0.014470991
 403. 0.4012472 0.047731966 0.40760374 0.018004898 0.010937135
 403.2 0.39952344 0.18867774 0.6611211 0.05456173 0.012644096
 403.4 0.32321596 0. 0.32377195 0.050147977 0.
 403.6 0.5385682 0. 0.54218024 0.08183447 0.
 403.80002 0.40617132 0. 0.40827233 0.057893783 0.
 404. 0.4703292 0. 0.4703292 0.061756417 0.
 404.2 0.5355756 0. 0.5355756 0.061720874 0.
 404.4 0.52821285 0. 0.52821285 0.06050551 0.
 404.6 0.42978883 0. 0.42978883 0.057087943 0.
 404.80002 0.3613348 0. 0.3613348 0.0598625 0.
 405. 0.33915025 0. 0.33915025 0.06552059 0.
 405.2 0.28462857 0. 0.28462857 0.054949734 0.
 405.4 0.2473855 0. 0.2473855 0.028810868 0.
 405.6 0.22468981 0.100754164 0.1829253 0.041567083 0.009051091
 405.80002 0.18072136 0. 0.18072136 0.006694011 0.
 406. 0.19696407 0.10733298 0.17751323 0.039296735 0.0035242832
 406.2 0.17698959 0.058479004 0.17751323 0.011519314 0.013207453
 406.4 0.17241219 0.14749132 0.18404755 0.0059429947 0.033940386
 406.6 0.16901249 0.17937063 0.20338842 0.015657753 0.040749844
 406.80002 0.16666505 0.18044958 0.23809429 0.016881935 0.04051817
 407. 0.15928614 0.18044958 0.2570749 0.02213317 0.03529878
 407.2 0.1520563 0.18126734 0.44483012 0.02640823 0.03405675
 407.4 0.14020248 0.1759515 0.68749136 0.016758822 0.03610913
 407.6 0.13002372 0.20859604 0.6844566 0.0070861448 0.034356646
 407.80002 0.12345517 0.24256584 0.7839433 0.006802874 0.029398268
 408. 0.1229492 0.25019425 0.58553964 0.012765981 0.03702903
 408.2 0.10266806 0.29156724 0.38826904 0.014660428 0.050163373
 408.4 0.034071047 0.604529 0.6082376 0.0069438047 0.08422112
 408.6 0.017050046 0.733445 0.7360362 0.003546496 0.0556729
 408.80002 0. 0.6896467 0.69121635 0. 0.08575069
 409. 0.10273822 0.88834727 1.0837368 0.0020718037 0.14136279
 409.2 0.10033295 0.64329016 0.8525516 0.0049197595 0.07026903
 409.4 0.098682724 0.5291692 0.951141 0.008058538 0.03824746
 409.6 0.097480245 0.6432014 0.9101006 0.007829533 0.081972174
 409.80002 0.16286775 0.5829822 1.152964 0.010364157 0.09276027
 410. 0.095845185 0.60304165 0.805513 0.011276201 0.10214859
 410.2 0.09546393 0.34496206 0.9635202 0.005885597 0.059586734
 410.4 0.09546393 0.30468264 0.40524355 0.016125625 0.046295878
 410.6 0.09546393 0.26448518 0.2801025 0.01857843 0.03191474
 410.80002 0.09546393 0.25864333 0.25737396 0.019550605 0.040429004
 411. 0.09546393 0.25318986 0.23870143 0.020363005 0.04034967
 411.2 0.07955328 0.21315964 0.24323979 0.017511735 0.03954905
 411.4 0.06364262 0.2018538 0.25544205 0.013909239 0.043305352
 411.6 0.047731966 0.18947236 0.23318529 0.010218613 0.03901918
 411.80002 0. 0.1568611 0.19323523 0. 0.020768374
 412. 0.13057508 0.14580637 0.17241219 0.0063929297 0.026041219
 412.2 0. 0.15463752 0.16216052 0. 0.013270336
 412.4 0.12889203 0.09080481 0.1628206 0.019778026 0.015102879
 412.6 0.13106023 0.15113184 0.17021115 0.028196191 0.0064047375
 412.80002 0.15665631 0.14925209 0.18662366 0.03415897 0.012376615
 413. 0.13620721 0.16666505 0.20942275 0.004091322 0.033153836
 413.2 0.15624835 0.14440268 0.25887817 0.033660147 0.009654999
 413.4 0.15706643 0.18391283 0.33064383 0.029361084 0.024027305
 413.6 0.15893877 0.17804247 0.40562525 0.025652206 0.020538641
 413.80002 0.16194169 0.181615 0.7096839 0.022357916 0.025626073
 414. 0.36235672 0.13747323 0.72754496 0.02879835 0.026116356
 414.2 0.17569387 0.31794244 0.8610629 0.03158499 0.025597682
 414.4 0.28085077 0.14455947 0.7471518 0.027702132 0.029444292
 414.6 0.6693789 0.15047726 0.8437425 0.011699273 0.02078154
 414.80002 0.5828035 0.15893877 0.7425833 0.04399525 0.023966683
 415. 0.14562942 0.73390514 0.5014602 0.008576628 0.05040464
 415.2 1.0886793 0.16107218 1.2442427 0.14636262 0.025127972
 415.4 0.9066822 0.16042617 1.1752266 0.09557081 0.021113591
 415.6 0.57495594 0.19596574 0.7734088 0.05172966 0.016293164
 415.80002 1.5837617 0.19710192 2.102615 0.13563941 0.017176608
 416. 0.3896783 0.19503239 0.6407316 0.045758214 0.018521594
 416.2 0.17542638 0.20865802 0.2685918 0.01615992 0.024411833
 416.4 0.16763337 0.25921288 0.3811813 0.01962357 0.03262515
 416.6 0.17069541 0.3409494 0.5066493 0.01953671 0.049202193
 416.80002 0.17803997 0.31142563 0.38601112 0.048766237 0.050039757
 417. 0.18099391 0.32472536 0.36286312 0.04555395 0.057164762
 417.2 0.15174378 0.4185441 0.43678313 0.036427505 0.076196276
 417.4 0.1519744 0.34467474 0.35142413 0.0352833 0.05939662
 417.6 0.12121109 0.4565403 0.58685935 0.027025806 0.08837786
 417.80002 0.060422443 0.528926 0.62505984 0.01311963 0.09794692
 418. 0. 0.4913485 0.53684103 0. 0.050207738
 418.2 0.11309928 0.14167486 0.3840091 0.0052340324 0.008842204
 418.4 0.109387696 0.13589871 0.31456146 0.0025325308 0.006370312
 418.6 0. 0.2671686 0.2800878 0. 0.027103094
 418.80002 0.10195261 0.13230266 0.25055507 0.0010623351 0.015862329
 419. 0. 0.22098522 0.22119638 0. 0.024179265
 419.2 0. 0.19607699 0.19607699 0. 0.0127757145
 419.4 0. 0.19448802 0.19448802 0. 0.02208622
 419.6 0. 0.19261491 0.19261491 0. 0.029346311
 419.80002 0. 0.19108132 0.19108132 0. 0.03811377
 420. 0. 0.18779191 0.18779191 0. 0.038492497
 420.2 0. 0.18633386 0.18633386 0. 0.038789127
 420.4 0. 0.16695175 0.16709575 0. 0.034836445
 420.6 0. 0.1481465 0.1481465 0. 0.030956054
 420.80002 0. 0.14796382 0.14796382 0. 0.03073909
 421. 0. 0.14778161 0.14999835 0. 0.029805297
 421.2 0. 0.14888172 0.15957282 0. 0.024774479
 421.4 0.11004019 0.14888172 0.17191817 0.023329712 0.0050124642
 421.6 0.11753024 0.15094173 0.19512048 0.0073328097 0.032446057
 421.80002 0.16438194 0.15208961 0.2223515 0.035163205 0.014279741
 422. 0.16712931 0.17542583 0.24252638 0.027988387 0.016766405
 422.2 0.1685377 0.1790145 0.27167448 0.031124296 0.014593425
 422.4 0.16997007 0.22472155 0.28084874 0.025305739 0.017295806
 422.6 0.16783056 0.18442807 0.26900968 0.024200529 0.026952868
 422.80002 0.16643389 0.2576643 0.23707679 0.023547655 0.033093642
 423. 0.16551562 0.40753785 0.332833 0.019700015 0.054666877
 423.2 0.17365977 0.41149706 0.39104313 0.016468432 0.06282096
 423.4 0.17216483 0.37766132 0.48045307 0.013299805 0.057964128
 423.6 0.16643389 0.32083076 0.39361098 0.01920195 0.03673659
 423.80002 0.09546393 0.35809094 0.6995621 0.026493093 0.037502427
 424. 0.14117482 0.5967266 0.96060765 0.005065884 0.0566182
 424.2 0.07955328 0.505339 0.89852875 0.020308277 0.03289604
 424.4 0.12539022 0.3795882 0.7781427 0.00644833 0.016251316
 424.6 0.12096614 0.3140905 0.66616595 0.0044180867 0.028948126
 424.80002 0.17793605 0.27559558 0.6485768 0.0008312224 0.026331032
 425. 0.12084432 0.47416788 0.7339452 0.0027431382 0.06534838
 425.2 0.17956027 0.27885336 0.42550188 0.015495002 0.041647717
 425.4 0. 0.3352483 0.3861438 0. 0.040501367
 425.6 0. 0.2967046 0.3459843 0. 0.011923277
 425.80002 0.097007416 0.23887353 0.32267743 0.0035257756 0.02326996
 426. 0.09599854 0.2108989 0.28812617 0.006256363 0.014216292
 426.2 0.09546393 0.19756943 0.22491398 0.00615733 0.019360537
 426.4 0.09546393 0.19917378 0.38066795 0.008802154 0.029327067
 426.6 0.09546393 0.19275272 0.28178236 0.016006038 0.03527661
 426.80002 0.09546393 0.19590357 0.22975203 0.020091355 0.044987407
 427. 0.09546393 0.19745477 0.21075162 0.021337332 0.04445379
 427.2 0.09546393 0.19212934 0.20089205 0.020848585 0.04307765
 427.4 0.09546393 0.19293095 0.19263738 0.020466028 0.042734947
 427.6 0.07955328 0.19324484 0.1933387 0.016562229 0.042415652
 427.80002 0.06369329 0.15184495 0.21342921 0.013159317 0.033462252
 428. 0.047731966 0.1465185 0.19077753 0.0097462395 0.032469805
 428.2 0. 0.1463398 0.16620338 0. 0.03236929
 428.4 0. 0.14616157 0.15364751 0. 0.032133143
 428.6 0. 0.14598376 0.14723763 0. 0.031096846
 428.80002 0. 0.14778161 0.14778161 0. 0.02597473
 429. 0. 0.15189709 0.15189709 0. 0.004754202
 429.2 0.09974913 0.17241219 0.16460744 0.0090617975 0.03719287
 429.4 0. 0.29468054 0.29468054 0. 0.047190238
 429.6 0. 0.25290588 0.25290588 0. 0.04115018
 429.80002 0. 0.26070616 0.26070616 0. 0.029707389
 430. 0.09546393 0.26480573 0.2506964 0.0025505845 0.035725933
 430.2 0. 0.76788634 0.76788634 0. 0.036726817
 430.4 0.09546393 0.17925872 0.7293795 0.007583078 0.026054293
 430.6 0.09546393 0.46060562 1.1197579 0.0016220048 0.07925548
 430.80002 0. 1.1926368 1.1926368 0. 0.12186607
 431. 0.096539155 0.4965419 0.5173801 0.0027233595 0.053475987
 431.2 0. 1.0326571 1.0326571 0. 0.118008696
 431.4 0.101093695 0.50669897 0.50871104 0.012167192 0.084097765
 431.6 0. 0.79884803 0.79884803 0. 0.12834558
 431.80002 0.108694114 0.36682603 0.38077816 0.01260507 0.045647774
 432. 0.11090417 0.3052786 0.35771433 0.005993542 0.026588624
 432.2 0.16891776 0.3770515 0.3770515 0.028632173 0.032493126
 432.4 0.1666655 0.37663174 0.37663174 0.029178908 0.034549035
 432.6 0.19512048 0.41076502 0.41076502 0.02394948 0.017999286
 432.80002 0.12793013 0.30277306 0.33324146 0.004897918 0.047641337
 433. 0.13846594 0.45947868 0.4814948 0.0061573866 0.0866085
 433.2 0.14726967 0.4758317 0.59832966 0.01664903 0.07907026
 433.4 0.1879171 0.4557898 0.52430457 0.03335585 0.035292342
 433.6 0.24057373 0.21390247 0.77425057 0.012948149 0.021012612
 433.80002 0.18643086 0.46983424 0.80275553 0.03152967 0.03340517
 434. 0.29057938 0.2267752 0.80988294 0.026403738 0.01808905
 434.2 0.5791731 0.24443576 0.8980957 0.05335635 0.017928721
 434.4 0.2509767 0.4212915 2.4558969 0.022122003 0.038865328
 434.6 0.34352997 0.20139651 2.44354 0.018527279 0.026054567
 434.80002 0.36246157 0.20296243 2.080405 0.03982192 0.018973647
 435. 1.8554766 0.31917065 2.3205802 0.16801842 0.032024205
 435.2 1.3228635 0.46425042 2.3927228 0.07157872 0.019762995
 435.4 2.1542945 0.18714693 2.3657184 0.21819372 0.01491717
 435.6 0.6516744 0.48787442 1.4379389 0.10025326 0.03723148
 435.80002 0.60423756 0.26250774 1.1466137 0.065480776 0.021370135
 436. 0.39983925 0.45674077 1.2739017 0.04812185 0.043947224
 436.2 0.46586156 0.2080774 0.7426837 0.042272683 0.031833094
 436.4 0.477062 0.29024833 1.6045843 0.03784393 0.01212394
 436.6 0.3644467 0.38238215 0.9319002 0.038229194 0.012790453
 436.80002 1.165414 0.40110898 2.189898 0.13601288 0.045667786
 437. 0.647365 0.3185938 1.3563454 0.07476517 0.03495873
 437.2 0.5392007 0.30949625 0.71415293 0.033031598 0.03630395
 437.4 0.79892015 0.27204764 0.8171733 0.089400254 0.03682263
 437.6 0.7623965 0.32608724 1.103739 0.10928155 0.050613526
 437.80002 0.56077385 0.2586827 0.7982818 0.08703057 0.038131677
 438. 0.58037436 0.16472578 1.1116427 0.07495203 0.018002681
 438.2 0.8965801 0.14371093 0.70823824 0.10789939 0.009461149
 438.4 1.145191 0.1400217 0.9930173 0.15015547 0.01790375
 438.6 0.78719676 0.19168457 0.7688508 0.10177245 0.027916411
 438.80002 0.8979929 0.18156548 1.1143692 0.13901089 0.03447297
 439. 1.0225906 0.13589871 1.1550226 0.10793746 0.033880327
 439.2 1.3628114 0.13840666 1.4982241 0.18439026 0.036697302
 439.4 1.0110964 0.116548754 1.0110964 0.12108948 0.03095301
 439.6 0.81063616 0.11878182 1.2613779 0.04967044 0.013067993
 439.80002 0.58073574 0.18685865 1.5824151 0.0422145 0.019821802
 440. 0.8981107 0.121702254 1.1332271 0.035851244 0.0023874913
