 300.2 2.0173635 3.3562248 5.7719226 0.14388523 0.39141423
 300.4 0.7693737 3.85838 5.4777336 0.043330476 0.50450367
 300.6 1.551594 2.5364099 3.70644 0.0880408 0.23342572
 300.80002 2.8397565 2.842475 7.764286 0.21643904 0.19389412
 301. 2.0280812 3.1330013 4.50112 0.1027841 0.33124253
 301.2 2.8847642 2.5745282 5.9274836 0.10599129 0.39608884
 301.4 1.7711105 2.9638875 5.9089117 0.1546621 0.15935302
 301.6 2.490518 1.8043239 2.950727 0.15088634 0.07595766
 301.80002 1.6665605 1.5058701 2.8240955 0.084827386 0.2052624
 302. 1.7245935 1.8081067 4.392856 0.2352094 0.29190302
 302.2 1.855286 4.626812 5.4193296 0.24372213 0.64639187
 302.4 1.9012811 3.0334628 5.3349867 0.26230165 0.38551342
 302.6 2.3159862 2.3376637 3.9542127 0.15937129 0.24921508
 302.80002 2.3173797 2.0216076 4.707563 0.24911404 0.22344756
 303. 0.99509066 3.0000172 3.5888112 0.06829579 0.17671557
 303.2 1.9734085 1.6141669 4.6932535 0.30879244 0.054562774
 303.4 1.7008266 2.3553245 4.250968 0.116516076 0.16795407
 303.6 1.5975218 3.253659 4.602626 0.12368553 0.22997235
 303.80002 2.3409886 3.7395396 5.194419 0.25360566 0.41676056
 304. 2.7350733 3.5091739 5.547192 0.30201393 0.5875037
 304.2 2.403875 2.7259495 3.9492211 0.2573917 0.2134154
 304.4 2.565878 2.1443527 5.6812963 0.25226814 0.19011165
 304.6 2.3037388 3.0651119 6.2879114 0.16528822 0.4274129
 304.80002 1.9787064 4.0460463 6.842425 0.23557729 0.49702114
 305. 2.5455472 4.847352 8.192244 0.10487327 0.22229289
 305.2 2.359411 4.8550262 7.3698974 0.24950571 0.68711
 305.4 2.5486445 3.331883 6.5916376 0.18342976 0.29767954
 305.6 2.9368262 2.0583785 5.1295013 0.28848937 0.20192875
 305.80002 1.5181484 5.7613316 7.678224 0.2279504 0.4729208
 306. 2.7839897 3.1077676 4.5780425 0.24799857 0.36386287
 306.2 1.61201 2.7823985 5.0973935 0.0956436 0.36778513
 306.4 2.2314942 2.1490777 4.2141814 0.39505607 0.21071647
 306.6 2.4186816 2.4360995 4.9007106 0.29607922 0.21586794
 306.80002 2.16159 2.7870402 5.3138046 0.2531305 0.42785728
 307. 3.121798 1.9048204 5.577882 0.53229934 0.20648924
 307.2 3.0877173 2.7350078 6.282749 0.46159595 0.27322432
 307.4 2.4633873 2.775665 4.6619897 0.24029495 0.23398663
 307.6 2.1773055 3.0077846 4.7612944 0.40807977 0.150576
 307.80002 3.1700604 2.2856762 4.4795732 0.17275307 0.25665438
 308. 1.3881915 1.9819117 4.1700583 0.11839309 0.30259573
 308.2 2.557345 1.5492198 4.6606374 0.26369157 0.25116837
 308.4 1.4638678 2.7086785 4.6020274 0.18883394 0.34127998
 308.6 2.310655 1.7552421 5.6422467 0.16284274 0.14403158
 308.80002 1.967488 1.6878166 5.913745 0.18491438 0.14151399
 309. 3.6327853 2.2514343 3.9692302 0.20222586 0.35760546
 309.2 2.4042354 3.9126563 6.785399 0.23501618 0.4458436
 309.4 1.9656317 1.9303519 3.4203804 0.22725762 0.119027615
 309.6 2.4146361 3.112441 7.797174 0.3925613 0.6818126
 309.80002 2.7941694 2.5279446 5.5371585 0.28688645 0.3404285
 310. 4.218564 1.745018 6.737428 0.38988945 0.11489942
 310.2 2.8480828 2.1534963 5.0967503 0.372485 0.16230966
 310.4 2.0151572 2.219192 4.460019 0.17572036 0.37368563
 310.6 3.2366672 1.5962169 5.043053 0.46996596 0.1477458
 310.80002 2.2266028 2.120149 5.2841187 0.20266527 0.26115617
 311. 2.1286733 3.0444036 5.6195974 0.22727461 0.32790965
 311.2 2.5072875 2.3412006 6.8123727 0.15394627 0.314562
 311.4 1.2559344 4.281747 5.9086733 0.13107954 0.7735399
 311.6 2.4263456 1.8789918 5.5457673 0.302125 0.22061461
 311.80002 1.8967018 2.6270065 4.5045395 0.23104273 0.23007865
 312. 1.6985384 2.346307 3.7539253 0.12685762 0.17770088
 312.2 1.915596 2.3540952 4.2199583 0.12817442 0.24439445
 312.4 1.6921005 1.7687895 3.6743355 0.19567434 0.16367248
 312.6 1.4022869 1.9463543 3.5584545 0.1855735 0.22326732
 312.80002 2.4387717 2.5840354 4.49887 0.253151 0.20039251
 313. 1.0779932 3.3268292 4.0618377 0.127801 0.37401566
 313.2 1.1028115 3.114514 4.675147 0.17912702 0.33514467
 313.4 1.5844047 3.359713 4.7360115 0.17733757 0.36093345
 313.6 1.6987118 2.6668408 5.0640016 0.16949789 0.36445606
 313.80002 1.9156669 2.8073027 4.3971095 0.16595565 0.16253787
 314. 2.1156566 3.231179 4.710012 0.3048164 0.37281874
 314.2 1.7130171 2.7621229 5.055942 0.2034594 0.38699317
 314.4 1.0361236 2.4936278 4.4468594 0.1329 0.1351691
 314.6 2.876137 2.5593753 5.3077836 0.3530021 0.3714581
 314.80002 2.0076678 3.4597847 5.062512 0.19624464 0.25070336
 315. 4.0607176 1.7350897 5.68246 0.38295713 0.2145626
 315.2 0.9763237 3.2165246 5.833929 0.110042535 0.5857394
 315.4 2.077602 2.388844 4.536232 0.22083814 0.20832914
 315.6 1.4663783 2.8795886 5.721866 0.08719555 0.3348209
 315.80002 1.9997295 2.2587056 5.7080727 0.18558833 0.19027103
 316. 2.019648 3.171969 5.2061663 0.09191762 0.35170296
 316.2 2.698376 3.6085248 6.575447 0.41294137 0.24288352
 316.4 1.4576994 3.4975746 4.5907774 0.1106562 0.28516385
 316.6 1.4884794 3.146706 5.0624223 0.09955314 0.24874584
 316.80002 2.5094774 1.488199 5.4267006 0.04084247 0.21629229
 317. 2.0560193 1.7678344 3.9818318 0.12671578 0.1431026
 317.2 1.1677647 2.6544902 3.556008 0.096649826 0.29026127
 317.4 1.6169527 1.8507084 4.965862 0.025657292 0.15677771
 317.6 2.1874971 2.9480002 4.0127077 0.11210738 0.41279748
 317.80002 1.3364931 3.415317 4.7438626 0.12140987 0.41998857
 318. 2.0517845 2.2317922 3.6870341 0.22342932 0.23377775
 318.2 2.2035553 3.5851655 4.9795127 0.2508648 0.34285584
 318.4 1.9456657 2.0512938 4.508996 0.1732432 0.124306045
 318.6 1.6588329 2.919811 6.2811117 0.105472215 0.3533014
 318.80002 2.9023702 3.0124288 7.6060624 0.32731408 0.261199
 319. 2.2324035 2.5866418 4.687932 0.2717245 0.22580978
 319.2 2.181378 2.6384773 6.78788 0.15521823 0.49628752
 319.4 2.850329 1.6382482 4.604561 0.32258156 0.030180039
 319.6 2.2421365 2.5882688 5.5725813 0.22055599 0.3517706
 319.80002 2.2335274 3.4122047 6.0167227 0.10150513 0.35798082
 320. 1.8580498 2.2671533 7.2059593 0.2417348 0.4004247
 320.2 1.3267515 3.895308 10.198682 0.096893415 0.37958238
 320.4 2.658622 2.3867383 4.963659 0.34813312 0.21383768
 320.6 2.7491555 2.5413203 5.7851152 0.38748077 0.29781744
 320.80002 1.8744612 2.817895 5.0166674 0.1749976 0.2057012
 321. 1.7769716 2.219261 4.5098286 0.32149345 0.35592118
 321.2 2.2975242 2.7704978 5.4278555 0.1478786 0.34538215
 321.4 1.9177774 1.9875695 4.081061 0.14805546 0.18795523
 321.6 1.6905324 3.0988233 4.4692736 0.32354653 0.318432
 321.80002 1.921133 2.2870336 3.8274255 0.3161747 0.25001815
 322. 2.0337443 2.9157414 5.141117 0.28370148 0.12881789
 322.2 2.4893684 2.028699 4.109326 0.21260202 0.19888027
 322.4 1.5559355 3.1708727 4.672409 0.20646688 0.35139683
 322.6 1.8011806 2.953001 4.597689 0.17482406 0.28852063
 322.80002 1.4351283 4.0939436 5.3741207 0.20520236 0.48613355
 323. 1.7108433 2.860804 4.2143 0.20515825 0.2410175
 323.2 2.2224584 2.35788 5.1395707 0.19809912 0.23062819
 323.4 2.6633372 1.6177822 5.189308 0.25967932 0.13334829
 323.6 1.4559224 2.2321198 4.2293763 0.1282087 0.25675032
 323.80002 2.3480763 2.0737936 4.613465 0.13118371 0.27823538
 324. 2.7501445 1.4359003 5.076821 0.3636018 0.1254586
 324.2 2.099194 2.8126943 5.387427 0.2771144 0.37583104
 324.4 1.9920282 2.2486866 6.498918 0.1629642 0.18227495
 324.6 3.4971397 1.7469158 6.133736 0.20237775 0.10660122
 324.80002 1.5077436 2.2623532 5.105676 0.17717719 0.31839034
 325. 2.1922715 2.6030464 5.514411 0.22707208 0.36637923
 325.2 1.9019973 1.8873627 4.8210807 0.19530927 0.13195103
 325.4 2.7472184 1.6968315 3.5493026 0.20941588 0.19200984
 325.6 1.975024 2.548078 4.1339 0.34979782 0.35864726
 325.80002 2.7316108 3.2385774 5.074608 0.438084 0.57488835
 326. 2.0834055 1.9342188 4.059187 0.21734826 0.25215837
 326.2 1.909332 2.8493621 3.2562408 0.055995416 0.38540044
 326.4 1.8246607 3.207758 3.934444 0.15408848 0.26356623
 326.6 2.2997203 3.6459842 7.440604 0.20857838 0.35079953
 326.80002 3.3624713 1.6182419 4.8173165 0.39737645 0.111332595
 327. 2.4662309 2.8448813 6.1136084 0.24073744 0.34999722
 327.2 2.5430217 4.654504 6.9579253 0.28174207 0.380386
 327.4 2.5579798 3.256654 6.92754 0.40805942 0.34577936
 327.6 2.3244338 2.4912257 6.381674 0.34892753 0.21864362
 327.80002 2.3146605 3.6147504 5.776942 0.2964853 0.41992998
 328. 2.0676694 4.1107397 5.7105813 0.1692409 0.36030668
 328.2 3.0796165 2.653459 7.0000877 0.36499166 0.24351312
 328.4 3.250904 2.6310146 5.5532517 0.37244153 0.2740174
 328.6 2.1621525 3.0560632 6.101812 0.38497505 0.35379544
 328.80002 2.5492263 2.4587617 6.91921 0.3621925 0.2492609
 329. 2.8911943 2.8624923 5.332747 0.0994948 0.24507344
 329.2 3.3927045 1.5702125 7.0965867 0.44623876 0.07926903
 329.4 3.4135354 1.6474152 5.599795 0.25826287 0.20298842
 329.6 3.7641098 1.8412136 7.600251 0.33705026 0.36903962
 329.80002 3.0048397 1.7959818 7.108908 0.21502504 0.18979149
 330. 4.1751213 1.9034684 6.6655846 0.5015747 0.07104491
 330.2 1.7532288 3.0845704 6.0229607 0.15602022 0.35917398
 330.4 2.3151078 2.0608954 5.7237763 0.43179697 0.11924566
 330.6 2.355647 2.3484504 5.0363693 0.23552439 0.18050468
 330.80002 2.1426997 2.5825963 5.399149 0.26724222 0.4902738
 331. 1.9832197 2.5807662 4.8649163 0.09853817 0.17641893
 331.2 2.307946 1.4495099 4.3371096 0.2928801 0.11157448
 331.4 2.8404481 1.8951305 3.8234932 0.18298247 0.1420393
 331.6 2.512211 1.678155 3.9327588 0.24288943 0.26340804
 331.80002 1.893673 2.366144 4.8895264 0.08980455 0.3488694
 332. 2.3057618 2.36089 4.805091 0.18668284 0.07726238
 332.2 1.9956667 2.179387 4.8734407 0.28663662 0.20642453
 332.4 4.118663 1.1610165 4.738127 0.50976175 0.08882474
 332.6 2.8999465 2.262376 6.006256 0.16898836 0.24235974
 332.80002 2.2029262 1.7817986 4.3999 0.22187726 0.12143997
 333. 1.6572946 2.2219188 5.430532 0.18293269 0.14462388
 333.2 3.108839 1.951688 5.591566 0.182021 0.24768744
 333.4 3.1161494 3.058057 6.2318935 0.39890483 0.43615666
 333.6 3.371228 2.9194438 7.4748397 0.47339845 0.41288385
 333.80002 1.8200052 3.094647 5.139002 0.19032589 0.28600416
 334. 3.5972996 1.0739006 5.1536627 0.36122727 0.09130036
 334.2 3.4951603 2.49341 4.7353964 0.42842555 0.36227307
 334.4 3.172769 2.615878 5.5575333 0.33218622 0.20297122
 334.6 4.483983 2.104551 6.874327 0.3216057 0.34313232
 334.80002 2.6948323 2.89034 7.606865 0.23307148 0.36903918
 335. 2.3436942 2.7442791 4.397252 0.26263174 0.1894195
 335.2 3.7211254 1.925606 7.337664 0.3305955 0.22829804
 335.4 2.1883454 3.5773804 6.097634 0.3561925 0.4753529
 335.6 2.857367 2.709758 6.1880693 0.421296 0.46616304
 335.80002 2.5694003 3.4485633 6.2928457 0.19667219 0.41549373
 336. 2.5722842 3.573667 6.3308706 0.1838666 0.4386078
 336.2 2.6947906 2.8405135 5.481103 0.122201584 0.32258597
 336.4 2.5325646 2.3355997 6.100866 0.27498066 0.2577489
 336.6 1.7574965 2.5544915 6.7458696 0.14981695 0.28028175
 336.80002 2.10444 2.0590613 4.252342 0.20930634 0.2567866
 337. 1.9926836 2.9725492 3.8662572 0.1860144 0.28701007
 337.2 1.9925015 1.9169899 3.3697765 0.19734709 0.39807105
 337.4 2.835339 1.6888936 3.8283482 0.36173978 0.17966747
 337.6 2.5365448 1.4982102 4.6775007 0.24534057 0.25046915
 337.80002 2.9271178 1.7111065 5.0071707 0.30576506 0.11215166
 338. 2.1453032 2.463842 4.681932 0.15832551 0.1849472
 338.2 2.3615267 3.1045413 6.7127314 0.48596874 0.5146599
 338.4 3.6111057 1.917235 5.5339575 0.35366645 0.22310762
 338.6 1.9113842 2.5324423 5.7881856 0.21765764 0.5442454
 338.80002 2.3628814 2.472322 5.6250005 0.1754537 0.52118087
 339. 1.325323 2.1779656 4.171291 0.12013722 0.27918342
 339.2 2.949833 2.8644698 14.036249 0.17943639 0.64028525
 339.4 1.6164329 3.5780206 6.350999 0.14003496 0.2714064
 339.6 1.9750761 2.9898844 4.6682496 0.18577428 0.27604848
 339.80002 1.6198595 1.696674 3.8401723 0.10207242 0.09543618
 340. 1.2665622 2.2448468 5.542841 0.23521204 0.2478759
 340.2 2.0343738 2.0345373 5.343126 0.16316505 0.20976108
 340.4 2.0154629 2.377993 5.5963793 0.16827606 0.33162576
 340.6 2.456523 1.9136059 4.707284 0.24122041 0.25497782
 340.80002 2.038864 2.627262 6.007023 0.24856219 0.22147448
 341. 2.1636207 2.635017 5.5043106 0.1597588 0.29064932
 341.2 3.981849 2.7985055 7.4450226 0.31174 0.38626012
 341.4 2.4470317 3.4566956 6.878485 0.30692258 0.51380897
 341.6 2.9584732 2.5574553 5.1438084 0.4339209 0.27698758
 341.80002 1.5444452 2.7815385 5.2912545 0.1451207 0.2748773
 342. 2.5732036 2.2697468 4.5932302 0.35997602 0.2078795
 342.2 1.5902702 2.6353824 4.62905 0.1693681 0.3355645
 342.4 1.9776051 2.747501 5.337678 0.23646021 0.43514562
 342.6 2.0346274 2.4292588 6.6645875 0.14671347 0.31485534
 342.80002 2.2506068 2.8299828 7.525956 0.24972136 0.3364018
 343. 2.0150304 2.1635654 4.9770756 0.24750654 0.1530953
 343.2 2.3844504 2.7181828 4.131076 0.26614636 0.34987232
 343.4 1.2957027 1.9102837 4.8083005 0.11132592 0.24611287
 343.6 1.540267 1.7325293 3.7383556 0.13721113 0.1604204
 343.80002 2.1662002 2.2338877 4.239122 0.17404036 0.3427501
 344. 2.1261346 1.9586376 3.8409753 0.1716218 0.23569478
 344.2 2.7607453 2.021122 4.813492 0.18677199 0.14468783
 344.4 2.1116471 1.7096488 4.870993 0.21447176 0.27087584
 344.6 2.3731418 1.6535943 4.1188955 0.1246592 0.24261822
 344.80002 1.8834664 1.9747097 5.056705 0.12074993 0.25547254
 345. 2.7974093 1.5798881 4.663533 0.24261142 0.2543044
 345.2 1.7323093 2.7610717 4.102012 0.15884331 0.48671496
 345.4 2.1667476 2.6040573 4.0382524 0.19223946 0.5552838
 345.6 1.4818841 3.7513008 4.390584 0.0793604 0.56726813
 345.80002 1.6076628 1.5939314 3.941302 0.15500659 0.10909917
 346. 1.7950308 1.7010056 3.4605477 0.19097945 0.10912579
 346.2 1.213303 2.493266 3.5309281 0.05986208 0.43266258
 346.4 1.974103 2.0205498 3.3881192 0.22976993 0.24325676
 346.6 1.5025567 1.8789876 3.4566798 0.14421272 0.18263215
 346.80002 1.1343532 1.5597641 2.6227708 0.07087845 0.15403393
 347. 1.429311 1.5404391 4.0212984 0.08302806 0.19048718
 347.2 1.5127698 2.6272106 4.487489 0.05121244 0.2753307
 347.4 1.2991786 2.6082063 3.7983372 0.20511107 0.28582868
 347.6 1.2630348 2.869052 4.102913 0.1872453 0.31865206
 347.80002 2.0147662 2.1818786 4.362321 0.35178238 0.27937722
 348. 2.1405911 2.8893652 6.294595 0.34526128 0.4488614
 348.2 1.893356 3.0866916 4.5905643 0.27718145 0.6558883
 348.4 1.5443611 3.3910537 5.5587764 0.22792098 0.43482226
 348.6 2.218726 2.7342136 5.335201 0.16552407 0.37624833
 348.80002 2.040257 3.277038 4.157546 0.16486391 0.41811666
 349. 3.2418237 2.4470458 6.22409 0.59232634 0.24003257
 349.2 1.4209858 3.8914638 5.9215693 0.1639858 0.4102414
 349.4 2.3604538 4.2705812 6.155946 0.35501376 0.44889957
 349.6 1.7885395 2.9122615 5.0619297 0.1472222 0.50292504
 349.80002 1.0552597 3.0341885 3.6711354 0.085908 0.302527
 350. 1.7603109 2.486122 5.0765905 0.21568248 0.23678638
 350.2 1.1834598 2.4875863 3.7519546 0.11234488 0.16322713
 350.4 2.3917146 2.598155 4.9393034 0.3589019 0.16643152
 350.6 1.2167486 3.619418 5.0273714 0.14979623 0.51903206
 350.80002 2.2748976 1.7612839 3.4767537 0.21148229 0.16156325
 351. 1.7219175 3.462708 3.797929 0.34647134 0.3500639
 351.2 1.724621 2.7428193 4.9554887 0.111190386 0.24679987
 351.4 2.3071845 3.604126 4.796151 0.12939067 0.17959243
 351.6 2.2490985 3.2847342 4.4924245 0.22305937 0.2645186
 351.80002 1.4680475 2.6972218 4.8318353 0.057914495 0.2345191
 352. 1.8438431 3.154223 7.9392824 0.2212955 0.3246226
 352.2 2.4986959 2.0849824 4.743113 0.36139324 0.15481333
 352.4 2.8514485 2.8205693 5.850366 0.39253172 0.18380742
 352.6 1.8721787 3.0861394 6.6225586 0.3261026 0.2508356
 352.80002 2.1898901 3.2069898 5.4192495 0.33619726 0.37017626
 353. 1.669104 2.84979 5.524057 0.090538435 0.43649465
 353.2 1.4349638 4.17039 5.3070006 0.17953503 0.40851682
 353.4 2.184276 2.7087388 4.6109834 0.18846501 0.42309308
 353.6 1.4817134 2.764172 4.4993963 0.21989611 0.3359336
 353.80002 1.3561056 2.9609294 4.734653 0.14396659 0.25644496
 354. 1.45016 2.7587752 4.814421 0.09799239 0.21057403
 354.2 2.9454157 1.5368311 7.746456 0.36412397 0.18770945
 354.4 2.5532253 2.8952994 7.476191 0.24147262 0.36402902
 354.6 1.6496102 2.3468997 5.1451716 0.17182156 0.4377022
 354.80002 1.6524023 2.5787132 4.8833785 0.21699262 0.20756094
 355. 1.3000441 3.2209713 4.894888 0.15238228 0.54950124
 355.2 1.5406785 4.644967 5.6482916 0.15720554 0.7412742
 355.4 3.301461 2.031968 7.30622 0.32778776 0.2814513
 355.6 1.6591059 3.9197178 6.0907264 0.03601561 0.38578945
 355.80002 2.557143 3.7705498 9.089838 0.28106534 0.1694488
 356. 2.8725579 3.7777767 7.2522836 0.19918048 0.4473719
 356.2 2.844164 3.4189706 6.725343 0.40332493 0.39221576
 356.4 1.7915388 3.1582215 5.0409584 0.24946822 0.37519503
 356.6 2.4365642 3.6243713 6.6495705 0.11141763 0.3064597
 356.80002 4.721976 1.5299318 5.9614553 0.4103661 0.17422771
 357. 2.5518208 2.104936 4.460159 0.37339938 0.22570139
 357.2 2.0909054 3.0068715 4.257724 0.17418264 0.35762993
 357.4 2.1702852 1.8258646 5.3570356 0.28522885 0.11403496
 357.6 1.880921 3.574578 5.2635016 0.13732125 0.3853674
 357.80002 2.5825868 2.4656787 4.838217 0.33571663 0.27231628
 358. 2.1860712 2.292056 4.636032 0.36641526 0.30206254
 358.2 2.1728716 2.7093666 5.2229395 0.19529758 0.17862402
 358.4 2.26407 2.0317597 4.276389 0.25581038 0.2257245
 358.6 2.68717 3.1125417 5.4695153 0.47824308 0.31273797
 358.80002 2.1273398 3.3208554 4.8209543 0.20319177 0.4136858
 359. 1.8874489 2.981886 3.8357227 0.14018229 0.13476066
 359.2 1.861181 2.7332413 3.760123 0.1251451 0.07919438
 359.4 2.0788503 3.7756352 4.234756 0.14873986 0.57148355
 359.6 1.8434715 3.6665192 5.7153463 0.17592494 0.29257497
 359.80002 1.4532807 4.4337606 5.49194 0.23166835 0.5717694
 360. 1.9029719 3.6904426 5.3472605 0.2975105 0.46121633
 360.2 2.2889783 1.6438324 4.6543803 0.2609615 0.15792213
 360.4 2.173485 2.2227373 6.902565 0.12545322 0.32166597
 360.6 1.915803 4.6427474 6.0540957 0.17023635 0.5325187
 360.80002 2.796238 2.8919907 7.418971 0.42261666 0.33810788
 361. 2.6934223 1.9113384 5.1623826 0.2987955 0.2821467
 361.2 2.1732945 2.4589195 5.5725827 0.34828767 0.50843096
 361.4 2.883229 1.8176079 5.2876167 0.39365482 0.11619844
 361.6 0.9130896 3.9595428 4.5649476 0.018906768 0.38192305
 361.80002 2.9713807 1.6918819 4.363475 0.2457196 0.107400924
 362. 1.6455326 2.5073266 4.9774046 0.14631654 0.32358548
 362.2 4.188588 2.2864604 6.232662 0.18723649 0.31371063
 362.4 3.2913003 3.3749955 6.117828 0.35359788 0.4544015
 362.6 4.295946 2.326977 10.153878 0.5235175 0.3781807
 362.80002 3.2181156 3.7839446 6.083797 0.4130232 0.19346741
 363. 3.66985 1.2210393 5.020235 0.20127496 0.18695076
 363.2 2.5692344 1.6974052 6.5232 0.27585638 0.053161655
 363.4 2.6689181 1.9325501 4.105463 0.20554031 0.076272376
 363.6 2.489121 2.1755128 3.8345573 0.19417827 0.08194905
 363.80002 3.005858 1.4762174 5.611465 0.6062783 0.042911723
 364. 3.1093793 1.7123747 4.3661675 0.42841622 0.20204888
 364.2 2.0571008 1.8491752 3.742087 0.17510806 0.13192452
 364.4 1.7361965 1.7470007 3.7263432 0.14392148 0.16657114
 364.6 2.3073845 2.293056 4.373481 0.20406964 0.3288428
 364.80002 2.2778869 3.890578 7.021769 0.13318363 0.34324884
 365. 2.037789 2.0784786 4.287152 0.16707867 0.11254575
 365.2 2.2521307 4.168145 6.101432 0.23965684 0.7801023
 365.4 2.062924 2.541511 5.330829 0.18501547 0.35102847
 365.6 1.7583115 3.4380753 5.26252 0.13241865 0.27202466
 365.80002 2.4185667 2.8168595 4.3978186 0.30243173 0.14188772
 366. 2.2169986 1.8070462 4.278453 0.1632235 0.25636217
 366.2 2.7532382 2.446603 4.5220766 0.31922218 0.24193454
 366.4 2.4151173 4.048773 6.1423597 0.21803854 0.49291512
 366.6 1.9656651 3.5111206 5.856711 0.3388822 0.3799521
 366.80002 1.7240423 2.9366145 5.954106 0.32157478 0.28261864
 367. 1.9257946 2.373111 5.9648304 0.23706359 0.23999947
 367.2 1.7570746 5.5074015 8.975542 0.15566841 0.4534722
 367.4 2.4075627 2.4667435 5.1856112 0.29619822 0.21906626
 367.6 2.3042154 2.3201053 4.3934064 0.22108577 0.22324805
 367.80002 3.315806 1.6709411 5.7379313 0.23854737 0.33232236
 368. 0.69846433 3.0038133 3.6052175 0.06665295 0.36989087
 368.2 1.5049874 3.5466568 5.8195343 0.06544619 0.4021282
 368.4 1.9575055 3.6968517 6.338572 0.24626921 0.43717062
 368.6 1.9108607 2.2313719 5.47754 0.1283092 0.19268766
 368.80002 0.8631337 3.1434295 5.7248397 0.07187548 0.36082047
 369. 1.1103925 2.4487922 4.676322 0.055536304 0.2590123
 369.2 1.8101343 2.2369108 3.5723662 0.18485984 0.20823579
 369.4 0.9988335 4.6056404 5.2565684 0.036021844 0.36543432
 369.6 1.7092412 1.6886734 3.4239159 0.10760901 0.14735025
 369.80002 0.7315036 3.0964317 3.9061673 0.09462543 0.44144705
 370. 1.4447464 2.4684772 3.4826825 0.18166903 0.24396825
 370.2 1.3432401 2.1777484 3.6721218 0.15665461 0.22055967
 370.4 0.9755452 2.388394 4.0713415 0.073424846 0.1956049
 370.6 1.5721014 2.6317258 5.149164 0.10828187 0.25828588
 370.80002 2.213964 1.8404505 4.1986256 0.20407756 0.1695522
 371. 2.2079105 2.6539361 5.811448 0.39185032 0.1573075
 371.2 1.994056 2.8501515 4.76394 0.19095273 0.20851086
 371.4 2.420784 1.9442158 4.832323 0.08876455 0.22427268
 371.6 2.2762575 1.82214 5.0781984 0.17662871 0.09685236
 371.80002 3.6398177 2.3225749 5.2402678 0.6186264 0.1866209
 372. 1.7186025 2.2080474 5.54675 0.24464038 0.06212702
 372.2 2.7632825 2.864363 5.966788 0.33274361 0.25544828
 372.4 2.1892524 2.9350653 6.731221 0.105672404 0.3325512
 372.6 3.689457 3.271777 8.101074 0.34135273 0.2975189
 372.80002 2.2613246 3.6668067 6.7180037 0.15185428 0.32408914
 373. 2.959025 2.5768933 6.35496 0.25960588 0.16237862
 373.2 3.2168872 2.2816687 8.112611 0.2382921 0.2029085
 373.4 2.6944454 3.4487877 5.2812967 0.31088713 0.32488394
 373.6 2.420555 3.5577354 4.916667 0.18563339 0.37170953
 373.80002 1.3192208 3.0170825 5.2574415 0.073675744 0.1964278
 374. 3.10049 3.6880162 6.521417 0.26207703 0.4090444
 374.2 2.4711785 1.9062752 5.373427 0.23497184 0.09844096
 374.4 4.6503177 3.779552 8.080623 0.24935266 0.3975679
 374.6 2.462578 4.535618 6.6514053 0.19540317 0.3408007
 374.80002 2.498297 1.7898937 4.484475 0.106950924 0.18283725
 375. 3.309681 2.3440187 5.4391093 0.59804165 0.3115035
 375.2 2.4072719 3.9188123 5.7855763 0.1901223 0.18142036
 375.4 2.7346866 2.622851 5.015914 0.36082304 0.23921712
 375.6 3.8924274 1.4894536 5.116329 0.38103467 0.26160473
 375.80002 2.353588 4.5362124 6.875244 0.2059116 0.61405164
 376. 3.6438744 1.8396428 5.3976197 0.374342 0.2030637
 376.2 1.3725502 5.355626 6.076846 0.16625993 0.5920538
 376.4 2.9345734 3.4034119 7.1580224 0.22212633 0.4465725
 376.6 2.6728263 4.1163273 7.0434012 0.29029202 0.9475818
 376.80002 2.4634628 3.6101494 7.0503907 0.39147896 0.4546996
 377. 1.7086006 3.8302848 6.7515993 0.1398852 0.46769196
 377.2 2.0961816 3.1289725 6.1308594 0.20800295 0.36857593
 377.4 1.9711399 2.8096483 4.687365 0.35245368 0.24237114
 377.6 2.3167324 2.2509718 4.573104 0.36944345 0.3403006
 377.80002 1.6291401 2.3183608 4.116651 0.22302714 0.23452072
 378. 2.1611006 1.4296393 2.9985101 0.26933387 0.05688572
 378.2 1.5910282 1.7621756 2.8802006 0.18049836 0.20599554
 378.4 2.335902 1.5318629 4.571151 0.271271 0.19396548
 378.6 1.5736631 2.1380324 5.731141 0.18633528 0.24699518
 378.80002 3.3597038 2.4659011 5.374074 0.39486694 0.31678253
 379. 2.6517384 3.1262634 5.85273 0.250374 0.45111772
 379.2 3.2521052 2.0347807 5.444165 0.38370046 0.29720986
 379.4 2.5327673 1.7987883 5.8316407 0.20164046 0.0803724
 379.6 3.0781684 2.7538872 7.578531 0.18020341 0.124823235
 379.80002 5.4526315 1.1163002 7.2719297 0.38865378 0.040669367
 380. 1.9537106 2.9774063 7.1023088 0.21189292 0.38363037
 380.2 2.7721524 2.2611744 5.6624336 0.31378224 0.3763875
 380.4 3.0090842 2.9694953 6.192697 0.43633887 0.22469379
 380.6 1.9034641 2.355701 5.0282955 0.16080976 0.20270109
 380.80002 2.1516855 2.3519206 4.886261 0.18865897 0.16398266
 381. 2.528516 1.7631019 4.740533 0.38104138 0.22332293
 381.2 1.1239268 2.5075781 4.23223 0.16270117 0.41510108
 381.4 2.6902113 1.7126846 4.422059 0.2561196 0.26916
 381.6 2.832077 1.3017457 3.9697528 0.33484644 0.17678632
 381.80002 1.8821766 2.3955207 4.7910495 0.16536453 0.20220214
 382. 1.1877133 3.1186297 4.21559 0.12068522 0.3066613
 382.2 2.2449503 2.3180933 4.4139175 0.338832 0.34347615
 382.4 1.9554195 3.1984186 5.551552 0.22271334 0.50087935
 382.6 0.7979764 3.6364436 4.5217857 0.12935673 0.53371674
 382.80002 1.4745657 3.8773942 5.1124597 0.12768547 0.27973458
 383. 1.3188317 2.111699 4.715165 0.17716508 0.17131117
 383.2 1.250107 3.383712 5.4532986 0.120895155 0.22832431
 383.4 1.5126251 3.4962776 6.167342 0.15460393 0.21925364
 383.6 1.6669147 3.2766109 5.2190013 0.22182314 0.38118583
 383.80002 1.6374556 2.139238 4.0275784 0.10763378 0.17969802
 384. 1.6129313 1.9238625 3.6787713 0.21043688 0.15338238
 384.2 1.233192 2.4200535 4.762376 0.11735432 0.24134353
 384.4 1.345927 3.1733136 3.614645 0.13592607 0.4078951
 384.6 1.7505178 2.3529458 4.022333 0.03930919 0.22486041
 384.80002 1.8286015 2.5922794 4.1715 0.1411301 0.30287704
 385. 1.4916704 2.4011443 4.430971 0.1199127 0.37262252
 385.2 0.7668937 2.897758 3.9450753 0.07821213 0.4074469
 385.4 1.978224 1.707791 3.6569924 0.2817043 0.12177239
 385.6 1.3742018 1.6407745 3.962099 0.11301975 0.26859063
 385.80002 1.3777721 1.5877734 3.430877 0.112614565 0.26619354
 386. 1.5269343 1.9464257 3.9462948 0.14838974 0.24531338
 386.2 1.2170757 1.922471 3.542831 0.08135794 0.22549425
 386.4 0.85218775 2.7887263 3.9240978 0.08908999 0.14565594
 386.6 2.1991787 1.8109812 3.1592252 0.20627987 0.045630813
 386.80002 1.3389723 2.4566827 3.2872722 0.12279817 0.21205921
 387. 2.0472503 2.6244955 4.9615316 0.28873602 0.2616121
 387.2 2.2453809 2.4954314 4.4768095 0.37306693 0.29846907
 387.4 2.3179913 1.5935383 4.3435907 0.0966601 0.3278056
 387.6 2.5002475 2.38783 4.8115625 0.14451139 0.17415106
 387.80002 2.8805528 2.6032982 4.2770123 0.25991473 0.23810995
 388. 1.7783482 3.8047225 5.0477815 0.2151319 0.21619959
 388.2 2.6518877 1.871805 3.2226226 0.18277039 0.110489585
 388.4 1.6688516 2.567649 4.394948 0.22918986 0.20894021
 388.6 2.0483286 3.0235853 4.9865346 0.34051648 0.32771206
 388.80002 2.2890372 2.8809638 4.7511187 0.1515615 0.30254808
 389. 2.1974323 2.6877027 3.973632 0.26156762 0.21299694
 389.2 3.075465 3.3896835 6.964803 0.3004883 0.52992463
 389.4 3.0800683 1.824683 5.411741 0.27534288 0.235957
 389.6 2.2409956 2.5158048 4.624633 0.31602505 0.31659898
 389.80002 2.9507756 1.8978765 5.398228 0.47091958 0.21142963
 390. 2.5325825 3.3446364 6.333767 0.25034207 0.3416984
 390.2 4.0447702 2.0662737 6.897106 0.40415436 0.13156368
 390.4 1.963494 4.2815943 6.3765197 0.25567552 0.37883508
 390.6 4.823621 1.318311 5.272422 0.51931363 0.118270084
 390.80002 2.5123239 2.9824388 6.659912 0.4951766 0.2094045
 391. 3.0157175 2.5904593 6.3869467 0.25857505 0.17907779
 391.2 3.3192647 2.2487853 4.409204 0.18434946 0.2596643
 391.4 2.213328 2.541402 4.3764334 0.15092373 0.41444945
 391.6 2.7630582 1.9665323 4.8683243 0.31017488 0.31107524
 391.80002 1.5295858 4.132275 4.4487734 0.21630834 0.3740363
 392. 2.071488 4.6323943 6.6285386 0.25831193 0.5260779
 392.2 2.442464 3.5063121 6.2305098 0.06061847 0.33092725
 392.4 2.626636 3.4430168 5.8378816 0.2016556 0.52615464
 392.6 2.9086087 2.9687247 6.234025 0.40574795 0.23277147
 392.80002 1.946995 3.4062202 6.1709957 0.08967331 0.2996799
 393. 1.8780838 2.7281754 5.0220966 0.3472478 0.18820418
 393.2 3.3235984 2.0215018 5.8482213 0.50108886 0.18989046
 393.4 2.1626613 3.048512 5.2674017 0.2879188 0.46854866
 393.6 2.128986 2.9970155 6.0179434 0.078345686 0.44751936
 393.80002 2.7550747 2.0195904 4.7448525 0.34838727 0.26141703
 394. 2.4235191 2.7408538 5.3403664 0.15563183 0.28462172
 394.2 2.2471201 2.824243 4.4273267 0.110574655 0.35072416
 394.4 1.9405234 3.4369957 5.724527 0.18409581 0.3720826
 394.6 1.7917671 2.3886812 4.957866 0.1525847 0.32434905
 394.80002 2.9142308 2.3151278 6.6706223 0.2606814 0.40347645
 395. 2.0330503 3.3877335 5.8517733 0.16407676 0.36023864
 395.2 2.714594 1.5687112 5.4552965 0.26716635 0.14982489
 395.4 2.864702 1.9991224 4.373436 0.2454852 0.14578913
 395.6 2.013029 2.3224893 4.5288796 0.093545355 0.2944747
 395.80002 2.2150238 1.8988203 3.943356 0.2010836 0.14107591
 396. 2.059908 2.8571775 3.8833988 0.22175455 0.3062811
 396.2 2.522221 1.6960484 3.83041 0.34857437 0.061243527
 396.4 2.0900187 2.5657718 4.5539293 0.20869644 0.2286261
 396.6 2.335006 2.343795 5.660514 0.20277175 0.21512212
 396.80002 1.6380345 4.1196733 5.3709497 0.10648019 0.5957876
 397. 3.418546 2.59822 5.5771365 0.5189066 0.22435062
 397.2 2.2522938 3.6147926 4.951121 0.1853377 0.5373051
 397.4 2.4241 1.9828278 5.1160083 0.44090992 0.18004696
 397.6 1.3730758 3.178458 5.451068 0.25942934 0.5437638
 397.80002 2.786656 2.1102297 5.2782125 0.47974932 0.22976795
 398. 2.5305932 2.6833422 4.97565 0.32006124 0.29745302
 398.2 2.5399702 3.2750096 6.0793924 0.37739146 0.6811586
 398.4 2.550275 3.4811993 6.609992 0.2906234 0.49709713
 398.6 2.5987582 3.0730855 5.47096 0.15857296 0.34034967
 398.80002 2.0652895 2.19826 5.3653593 0.15853961 0.26791075
 399. 2.4240608 2.2532458 4.9052176 0.43429503 0.30255905
 399.2 2.1074913 1.8837206 4.391237 0.3413341 0.19382517
 399.4 1.8189026 2.8656285 3.5764382 0.21869513 0.47588912
 399.6 1.8450737 2.9197376 4.6052094 0.09174355 0.4023654
 399.80002 1.4679561 5.7875724 6.7683516 0.11625764 0.78240377
 400. 1.6392717 2.058332 4.275207 0.2103079 0.26619086
 400.2 2.2827048 2.859433 7.6824403 0.18980023 0.23913309
 400.4 2.2326896 3.782519 5.6199646 0.22211055 0.4716239
 400.6 0.9297535 4.035627 6.300782 0.11581624 0.6407475
 400.80002 2.5337815 2.1346915 5.0025287 0.19791527 0.24172284
 401. 2.5119054 2.6101117 4.6981287 0.13845092 0.28332767
 401.2 1.7261766 3.9311662 4.893513 0.22845174 0.39238665
 401.4 1.6013966 2.934606 4.4185495 0.19811325 0.15519053
 401.6 1.3475564 3.0860844 4.823859 0.057743996 0.35826588
 401.80002 2.758866 2.5456958 8.964036 0.36283115 0.1033579
 402. 1.353615 2.8423085 4.565173 0.0892377 0.23743428
 402.2 2.5085797 2.0894907 4.6813183 0.22602424 0.19274905
 402.4 3.0733912 2.945855 6.238858 0.37878346 0.37526882
 402.6 2.199689 2.6897457 5.8109903 0.17148083 0.40629277
 402.80002 1.5134547 3.630941 5.0887046 0.06160852 0.41057226
 403. 2.2246666 2.1009662 4.3605824 0.2911777 0.20611374
 403.2 1.9466314 2.5329986 4.756625 0.1483926 0.24297903
 403.4 1.9279172 1.9332397 3.7641041 0.24540582 0.24823608
 403.6 1.6691484 3.1201632 4.663885 0.27574345 0.39689428
 403.80002 1.4233965 4.9432425 4.665509 0.05366782 0.7168425
 404. 1.9375966 4.754398 6.634841 0.24336502 0.46705347
 404.2 1.8991394 4.6783504 7.815072 0.22431926 0.39600256
 404.4 2.6338372 3.7939022 6.8917756 0.24409442 0.18464373
 404.6 1.7731771 4.761611 6.396132 0.19836181 0.51680934
 404.80002 1.7085903 3.4375663 6.035788 0.24963497 0.19723925
 405. 3.2782865 3.5213838 7.97909 0.23634358 0.2931275
 405.2 1.9471813 3.1595933 6.11371 0.17660122 0.26887068
 405.4 1.8698568 6.3951325 7.771867 0.102212556 0.40870628
 405.6 3.9033504 2.853777 7.7641883 0.2384211 0.22159477
 405.80002 2.1115236 3.3211052 6.9490395 0.25407314 0.4349099
 406. 1.5509835 2.2846045 5.153108 0.13032074 0.18265054
 406.2 1.6790545 2.5164633 4.199611 0.08037039 0.27615884
 406.4 1.9720459 2.6130753 4.0658536 0.13822605 0.3006459
 406.6 1.5381973 2.7423496 4.229602 0.0963289 0.19065544
 406.80002 1.5958523 1.9123783 4.5523067 0.13568607 0.2075501
 407. 1.544124 2.8483162 3.8098965 0.1388965 0.30557784
 407.2 1.1772366 3.68952 4.1701574 0.17629965 0.89816356
 407.4 1.9232124 3.4554229 7.2124124 0.16451824 0.4048757
 407.6 1.7610104 3.2082305 5.027972 0.17179455 0.32191947
 407.80002 1.8685976 3.5730183 3.9096196 0.21684785 0.2966823
 408. 1.9148362 2.239016 3.2758298 0.17216064 0.17197464
 408.2 2.429319 3.3076706 4.559999 0.21644463 0.2906776
 408.4 2.0157194 3.1019552 4.2660594 0.2922455 0.26049942
 408.6 2.2804961 2.4690106 4.0587893 0.2726467 0.42904106
 408.80002 2.7449641 3.5872142 6.9021964 0.33501926 0.3631833
 409. 1.7197263 4.9100685 7.7819242 0.17644027 0.46238694
 409.2 3.055381 2.1388044 4.630782 0.4628934 0.16133802
 409.4 2.599163 3.2860558 9.850117 0.41257745 0.5113025
 409.6 1.687186 5.4747524 7.9544587 0.27284065 0.5611254
 409.80002 2.6212902 3.0115333 6.265578 0.40999368 0.33543086
 410. 1.0474578 3.9949307 4.7046595 0.15688565 0.56679785
 410.2 1.8382864 2.2934804 3.6769001 0.12704217 0.16136597
 410.4 2.1296923 3.6974068 5.2302394 0.17411754 0.86578524
 410.6 2.384008 2.493135 6.0554156 0.15747774 0.24692954
 410.80002 1.7507179 2.7922022 4.2100687 0.16041964 0.10002514
 411. 2.4848945 2.693647 5.950256 0.4348567 0.29218778
 411.2 2.6806579 2.5758235 5.7493553 0.33315757 0.3626163
 411.4 1.4403765 3.0495346 4.992511 0.22145222 0.22706226
 411.6 2.5542405 3.0072784 6.036554 0.38797855 0.2025802
 411.80002 1.3203743 4.0109653 4.5461736 0.12019738 0.51479435
 412. 3.1201336 2.4867218 4.80035 0.25665224 0.24708343
 412.2 3.3435493 2.3839724 5.0193253 0.2605696 0.3102059
 412.4 2.3262408 2.9748285 5.060776 0.3226796 0.36315358
 412.6 2.7116332 4.364252 6.910257 0.27366662 0.28181496
 412.80002 2.4790416 2.1641438 5.8945966 0.21095213 0.24067426
 413. 1.6439145 2.3556414 3.9184175 0.16294634 0.29196882
 413.2 2.5126119 1.0717347 4.1746907 0.16235617 0.09267746
 413.4 2.6940904 1.7416468 4.7088556 0.26987725 0.26995853
 413.6 2.0172772 2.226462 4.730159 0.11049857 0.23250993
 413.80002 1.8603117 3.4952228 5.4689755 0.2822705 0.07097627
 414. 1.6151718 2.7663445 4.963788 0.17330498 0.24558873
 414.2 1.4250052 3.2882257 5.4928045 0.2212579 0.33657265
 414.4 2.3696303 3.7181334 5.5962477 0.22320965 0.29610863
 414.6 1.2130584 3.8013752 5.6592474 0.05740339 0.394965
 414.80002 2.5305285 2.385875 5.3190246 0.10568231 0.20992087
 415. 2.4477048 2.082867 5.026706 0.31151304 0.07671176
 415.2 2.391434 2.8302276 6.364478 0.2730134 0.33773926
 415.4 1.8289305 3.6776874 6.4418044 0.25315142 0.40422145
 415.6 2.8649817 2.2783554 4.5258036 0.3454278 0.20239723
 415.80002 2.1553433 2.318519 4.5288506 0.28832912 0.3472882
 416. 1.8646345 3.1723993 5.6103616 0.13373037 0.47847885
 416.2 1.9400389 2.2990804 5.044551 0.23902634 0.225859
 416.4 0.8960943 3.204134 5.3605447 0.09215949 0.24136509
 416.6 2.3142247 1.9010496 5.048783 0.30000496 0.090389535
 416.80002 1.8294932 2.782646 5.2819867 0.23364797 0.37030977
 417. 1.615262 2.9297044 4.213746 0.1193161 0.2968394
 417.2 1.6229677 1.9112558 4.088987 0.121246316 0.25650147
 417.4 1.2272736 2.5401275 3.3704991 0.2013137 0.3292034
 417.6 1.9541935 2.4680116 4.050015 0.3745443 0.25490117
 417.80002 1.5145075 2.5499835 3.4229481 0.28457493 0.26200807
 418. 1.72817 1.8887298 4.481534 0.2432936 0.2003444
 418.2 1.5089649 2.9039755 4.523746 0.29734483 0.26780635
 418.4 1.8724962 3.1339893 5.6570086 0.35159764 0.3238412
 418.6 2.562577 2.34019 5.373921 0.18923067 0.32014704
 418.80002 2.516071 1.5548025 4.423515 0.11803121 0.120224655
 419. 1.5048003 3.4191117 5.3598905 0.085113294 0.24653715
 419.2 2.0615418 1.5693436 4.016884 0.25774637 0.13038927
 419.4 1.5580416 3.341566 6.126954 0.17539579 0.45771673
 419.6 1.5217396 2.6426911 5.136885 0.24096522 0.4558269
 419.80002 3.030342 2.7547321 5.206834 0.2781646 0.35888374
 420. 1.608935 1.7040882 3.9322834 0.1010438 0.20602612
 420.2 1.4912019 2.2544084 3.8080993 0.05652675 0.19274554
 420.4 2.1535287 1.8605874 4.239099 0.23885937 0.29694173
 420.6 1.9362652 2.8220184 5.31203 0.122145444 0.34493753
 420.80002 2.3940442 2.7734993 4.7273135 0.2788018 0.33355954
 421. 1.5733622 4.061179 4.997483 0.22943778 0.724037
 421.2 3.123942 1.9829471 5.349622 0.3818693 0.18154915
 421.4 2.4418168 3.1019871 5.0931177 0.28524762 0.37785053
 421.6 2.8551018 2.6398196 4.8906455 0.36383414 0.22650254
 421.80002 1.7542944 2.8343759 4.0018454 0.0667733 0.19529442
 422. 3.8513722 2.1244934 4.9706435 0.6027352 0.3723872
 422.2 2.7735076 2.6432023 3.7345893 0.37533772 0.08742571
 422.4 2.1925733 2.8415742 5.3616486 0.112322345 0.38052842
 422.6 2.8346162 1.7319567 4.1631403 0.31117702 0.20968252
 422.80002 1.5309665 3.4266686 5.7660255 0.096455954 0.53839743
 423. 1.4708483 4.1547856 4.722831 0.121602185 0.33829153
 423.2 1.4413941 3.1853995 4.838057 0.18250404 0.20621958
 423.4 2.3335376 1.74433 4.8170652 0.12585022 0.1631822
 423.6 2.539001 3.6377323 6.7514243 0.111606084 0.50849104
 423.80002 1.7358601 3.7166278 6.2964425 0.05148858 0.27940226
 424. 3.0309017 2.308869 5.6386013 0.30842334 0.12020583
 424.2 1.9535621 3.956623 6.0084863 0.25140265 0.4046701
 424.4 1.8533818 3.9682899 5.9388533 0.23216155 0.34241742
 424.6 3.3737705 3.9590793 7.301318 0.23273471 0.43547264
 424.80002 1.9809624 3.3019485 6.4537134 0.25622022 0.49554485
 425. 2.6023545 3.377549 8.433584 0.3006191 0.3826968
 425.2 2.632138 2.8015084 5.7724237 0.14778495 0.21374428
 425.4 2.934668 2.7234256 5.4219294 0.232951 0.31288767
 425.6 2.2312388 4.2603197 6.0732956 0.114524536 0.7089952
 425.80002 2.359374 2.242469 5.3658004 0.0946377 0.25564328
 426. 2.3749065 2.663445 4.1785464 0.122797504 0.41758105
 426.2 1.3804644 3.8247502 4.4697027 0.19466381 0.15369083
 426.4 4.468053 1.9435852 5.6611066 0.5204878 0.14291106
 426.6 2.8139377 2.1229172 5.513427 0.4021584 0.1988186
 426.80002 3.6842556 3.0466027 7.743627 0.20402604 0.3803272
 427. 2.3002546 2.7922435 4.718967 0.31113228 0.26911768
 427.2 2.8141937 1.7585386 4.192964 0.3175702 0.12469049
 427.4 2.1999822 3.4890485 5.371753 0.10173967 0.5939896
 427.6 3.1650617 1.7772729 4.378656 0.51600784 0.16985883
 427.80002 2.4296572 2.4376278 4.4562 0.1783515 0.4299035
 428. 2.1880393 2.1420538 4.420309 0.31361035 0.39134794
 428.2 1.6159661 3.7459755 4.672276 0.16145547 0.58001494
 428.4 3.1096122 2.2030475 4.6547823 0.5680536 0.17483476
 428.6 2.832007 2.6540666 5.595533 0.23508607 0.3873095
 428.80002 2.1474838 3.3291202 4.85383 0.15663327 0.4228014
 429. 2.5351043 3.698686 5.1119895 0.16450712 0.25596663
 429.2 3.4370449 1.7755543 5.9106565 0.563409 0.09202673
 429.4 2.4096253 2.6892188 5.991008 0.20857614 0.27187365
 429.6 2.8479645 1.3708861 4.867699 0.22956863 0.11848588
 429.80002 3.6501133 1.7347345 3.8864856 0.23988412 0.07928982
 430. 2.6212234 2.4556496 4.0892153 0.13606435 0.13187203
 430.2 3.2381237 1.37853 6.7163634 0.32185954 0.07598484
 430.4 2.7769358 3.4257412 5.0453787 0.23215967 0.4231976
 430.6 2.8470304 2.0444865 5.3547926 0.26918882 0.3420812
 430.80002 3.1188216 2.7005742 6.6271133 0.20320357 0.43061456
 431. 3.7663567 2.4429896 6.363052 0.44483393 0.2115641
 431.2 3.079265 2.5891094 7.2834053 0.477482 0.2643658
 431.4 2.5420823 2.23363 6.9013114 0.40265283 0.42290762
 431.6 4.0915337 2.8152375 6.580887 0.578479 0.5655748
 431.80002 4.0335584 2.194285 5.938202 0.26274174 0.25172275
 432. 3.5646749 1.7988459 7.8559637 0.46261385 0.19455616
 432.2 1.83695 4.0000024 8.427386 0.13981551 0.41862804
 432.4 2.6878142 3.2652912 5.7942076 0.3016251 0.47318953
 432.6 3.0214531 2.0958204 6.074479 0.23451945 0.18049632
 432.80002 3.568442 1.997765 5.3917327 0.24855103 0.20058167
 433. 2.7461934 1.9548433 4.9984827 0.2642537 0.14985111
 433.2 2.9990575 2.2189026 5.974717 0.21971671 0.09204197
 433.4 2.90836 2.864435 7.6146154 0.1987332 0.15241468
 433.6 3.5350337 1.4414475 5.1147637 0.2539055 0.1034727
 433.80002 3.1785717 2.233912 7.1636147 0.24192095 0.23760672
 434. 2.5225253 3.3968296 6.2655945 0.37767962 0.23535441
 434.2 3.7259555 1.5988944 7.1838455 0.1088422 0.20017233
 434.4 1.7803301 3.1918266 5.976248 0.31894085 0.45137584
 434.6 2.8523571 2.1083646 3.8516908 0.3497277 0.26120502
 434.80002 2.2777786 2.1069465 3.9699116 0.24989145 0.26347998
 435. 2.1056895 2.0807498 5.4123774 0.105468154 0.38890195
 435.2 1.5704108 1.9054642 4.7964187 0.29618835 0.25985262
 435.4 3.4597988 1.3311926 5.2836227 0.18783453 0.13437432
 435.6 1.2104312 1.8346952 3.5543792 0.082754746 0.20794205
 435.80002 2.5469918 1.9746225 4.7149887 0.21161588 0.29619226
 436. 2.8495643 1.6051743 5.87733 0.4675837 0.22458191
 436.2 1.5050466 2.866274 4.3164897 0.28883678 0.33064234
 436.4 2.1745527 2.0668445 5.066247 0.36596435 0.30598664
 436.6 1.8599608 2.6376598 5.9215655 0.12837939 0.37121636
 436.80002 2.2270691 3.6518478 4.8982306 0.22798765 0.51170707
 437. 3.1986692 2.008251 4.8644695 0.28911236 0.26313403
 437.2 2.435484 1.8704512 4.250574 0.2175324 0.26789153
 437.4 1.1373932 3.230987 4.612277 0.092077725 0.12834966
 437.6 1.8032491 1.1224105 4.5363336 0.106549 0.09437859
 437.80002 1.3600076 2.1704402 3.9113293 0.1962387 0.1677871
 438. 1.8950691 1.887627 3.498457 0.2435017 0.17495817
 438.2 1.8286164 2.5036159 3.726009 0.28783908 0.2489048
 438.4 1.9193455 3.3329768 4.830182 0.2364549 0.58122647
 438.6 1.6861932 2.1298547 4.720084 0.24499889 0.31370217
 438.80002 2.0388684 1.628968 3.3073983 0.20881246 0.15082148
 439. 1.9099977 1.6428671 3.5733402 0.38277176 0.20291741
 439.2 2.1171193 2.115967 4.4231887 0.08028801 0.20712493
 439.4 2.5499816 1.3092588 4.4099894 0.30423862 0.1288437
 439.6 2.404059 0.91212714 3.4018764 0.17454568 0.076361775
 439.80002 4.413203 1.7554855 5.84762 0.32007274 0.09870758
 440. 0.93663025 2.871883 4.2330756 0.11880739 0.35570553
