 300.2 1.4463278 2.8159328 3.878117 1.0811232 1.6607141
 300.4 2.8328047 2.424077 5.1788497 2.0891976 1.0010248
 300.6 1.7922745 2.196014 4.8511267 0.5168785 1.0918257
 300.80002 1.9558274 1.9188433 5.1239233 0.88627785 1.3407352
 301. 2.4845486 1.8479717 4.7019734 1.109404 0.7122489
 301.2 2.3479326 1.6119782 5.238636 0.66233575 0.99365014
 301.4 1.9477339 2.1509023 4.5979323 0.6339531 1.5456957
 301.6 1.2532198 4.2189045 6.10295 0.91431063 1.7061301
 301.80002 2.9062963 2.1692166 4.0570717 1.5718067 1.0671618
 302. 1.2253344 3.076981 5.515052 0.7585662 1.5933886
 302.2 1.9706211 1.9018953 4.0134387 1.0321493 1.0517389
 302.4 1.9741068 2.3916562 3.7614994 1.7284682 1.3495941
 302.6 1.9386055 2.387031 3.8157125 2.1324475 1.5347083
 302.80002 2.161702 2.2189329 4.165846 1.1173728 1.2252482
 303. 3.0778642 1.7141688 4.8304753 1.3302155 1.0499327
 303.2 1.5104736 2.6736188 3.8936222 0.5784618 1.1747938
 303.4 1.9737915 2.349002 4.382251 1.840573 1.4424384
 303.6 2.2969437 2.4533288 4.231501 1.8653992 0.97397465
 303.80002 2.5448875 1.8088579 4.2586584 0.9875325 0.27275768
 304. 2.6764455 1.5261009 4.859652 1.4486051 0.8783255
 304.2 1.3780406 2.0729868 4.975918 0.63774645 0.8758375
 304.4 2.2703824 1.7649477 5.3608947 1.6079515 0.7231789
 304.6 1.0527451 3.5410361 4.463249 0.51410854 1.9339439
 304.80002 2.2488103 1.7143848 4.53878 2.0112092 0.6685978
 305. 2.0544627 2.1891222 4.2176256 1.333506 1.7645004
 305.2 2.621942 2.886828 6.156928 2.8434484 2.4809651
 305.4 2.7401016 2.3739123 5.4439397 2.5938997 0.872602
 305.6 2.9656017 2.6832147 6.6928573 1.3752437 1.1614047
 305.80002 3.4138865 3.6818378 5.578265 1.0880998 2.4226198
 306. 2.3917737 2.9888887 5.3347783 0.94010115 0.72062325
 306.2 3.3947246 3.533381 7.767543 1.4298751 1.2648549
 306.4 3.1015193 1.8662008 5.096322 1.6374627 1.2911733
 306.6 2.8038194 2.9693935 4.8466816 1.0958965 2.5405772
 306.80002 2.6613622 2.6788054 5.1230335 2.4635973 1.4281988
 307. 2.234712 2.485988 5.356645 0.46245244 1.8337905
 307.2 1.1128156 2.3820539 4.69584 0.27494085 1.0084466
 307.4 1.449747 3.246914 4.619302 1.0722628 1.6414704
 307.6 2.8576021 2.147818 5.7227397 1.1368 1.0945772
 307.80002 1.1875002 2.478323 4.7055984 0.8336708 1.6891757
 308. 1.9199517 2.7791488 4.3934317 1.4385275 1.5249783
 308.2 0.8622535 3.2126346 4.309556 0.5931901 2.362775
 308.4 2.0921514 2.5534048 5.834695 1.6055831 2.028556
 308.6 1.7107751 1.7501361 4.5514064 1.2995244 1.3959496
 308.80002 2.5185945 2.5900207 5.4770546 1.1301728 2.7700489
 309. 1.6543105 2.5772898 5.2465563 0.68890864 2.2270975
 309.2 2.1645079 2.175817 3.5457559 1.5410323 1.4037111
 309.4 2.28625 2.576456 3.5341296 2.5582225 1.5222195
 309.6 3.096988 2.9190657 4.968158 2.9351044 2.0991569
 309.80002 2.9909356 3.1331322 5.1432714 3.0780694 1.6127435
 310. 2.32404 2.372658 5.9325333 1.0610557 2.1559443
 310.2 1.763084 4. 7.1474695 1.059039 1.1953309
 310.4 1.2977473 4.446288 5.379449 0.9181801 3.8830214
 310.6 2.905712 3.024746 6.7037888 2.054932 1.0948249
 310.80002 1.4225059 3.0304303 4.5786405 0.58679426 1.6817604
 311. 2.602 3.1210604 5.5503116 1.5320861 2.1549897
 311.2 3.1225448 1.6634085 5.2292204 2.9945788 1.4392645
 311.4 2.3596902 2.138001 3.9964862 2.415388 1.4328991
 311.6 2.298125 3.6118786 4.653018 1.7654109 2.1826913
 311.80002 1.9116722 2.6773143 4.8877816 1.2718276 1.4879171
 312. 2.5377562 1.8195419 6.0677834 1.6440763 0.7113095
 312.2 1.3665965 4.4102473 4.808176 0.6017402 2.5627017
 312.4 2.028872 2.9903038 6.8219314 2.528818 1.3501959
 312.6 2.1249938 2.494815 4.9522943 0.7044228 2.059152
 312.80002 1.8011675 4.6667633 6.554461 2.0732555 2.875711
 313. 2.8236523 2.694236 6.493514 1.6250023 1.6317406
 313.2 1.694727 3.2045593 4.6424074 0.82969403 2.3376374
 313.4 1.9466947 3.4529452 5.4913588 0.8360133 0.9485091
 313.6 1.922924 2.2037625 4.9198046 1.8371005 0.8395332
 313.80002 1.6064886 4.6897345 10.668804 1.2343638 2.0759382
 314. 4.321853 0.9622887 5.987649 0.89879304 0.36308748
 314.2 2.6397755 4.379094 7.6409545 3.0285935 4.5916514
 314.4 2.9722154 4.864091 8.284191 2.367714 1.6241201
 314.6 4.0776253 1.5087872 5.8026705 1.519277 0.46522558
 314.80002 1.9019334 3.3282418 5.861295 1.3018957 2.073648
 315. 2.1764758 1.6997671 5.9798126 0.9495868 0.41030213
 315.2 1.9544618 2.4863472 2.7549078 0.9479586 0.76574266
 315.4 2.3891299 2.2769642 6.3757153 1.8656813 1.2921791
 315.6 3.4166265 3.5989163 6.8414955 3.2372384 2.836066
 315.80002 4.09806 2.9680831 7.8199754 3.8833275 2.2448692
 316. 2.1900315 2.989038 7.857226 2.5098567 1.8039384
 316.2 4.1883173 1.8439859 4.7717323 3.2806513 2.0623226
 316.4 2.8970594 2.2796588 6.2411265 2.3527381 1.1900854
 316.6 2.8136935 1.9361801 5.8552585 1.3444855 0.7088872
 316.80002 1.9101334 2.828837 4.8521957 2.0606143 0.47800717
 317. 2.3422384 2.2010667 5.3397408 0.9864823 1.1641122
 317.2 2.6232333 2.331682 5.0797396 0.7264682 1.2598276
 317.4 2.0851097 1.9964974 6.134191 1.3934369 1.2153035
 317.6 2.1729648 2.0739474 4.306989 1.395434 0.648231
 317.80002 2.8696048 2.3421273 5.161182 1.122885 1.1203535
 318. 2.7308693 2.333287 4.818118 1.0020024 2.111561
 318.2 2.0666037 2.2506704 4.6217346 1.6868033 1.0762366
 318.4 2.0444882 1.7592239 4.0440516 1.4025155 1.0848738
 318.6 1.735218 2.557682 3.8749568 1.0370322 0.4420613
 318.80002 1.2727177 2.7598283 4.093143 1.2529999 1.4759345
 319. 2.0372384 2.1033869 4.3384795 2.3926764 1.217844
 319.2 1.8770794 2.3117871 4.080514 1.508005 2.6311808
 319.4 1.980599 2.4720426 4.6247 1.4525329 2.0265532
 319.6 3.3293166 2.645956 6.458875 1.0164019 1.5771953
 319.80002 2.240175 2.0750167 4.613837 1.3959141 1.902602
 320. 2.2676306 2.4348748 4.0852737 0.6811907 2.514763
 320.2 2.0000148 2.255714 3.3565114 1.2239949 1.6404532
 320.4 3.647533 1.6505566 4.931649 2.4097917 0.69475067
 320.6 1.1943921 3.3982468 5.8551855 0.81298393 2.5769756
 320.80002 4.053869 1.4487658 4.501485 2.5031862 0.5223925
 321. 1.8049986 1.8768383 6.434409 0.8349508 1.4155108
 321.2 2.5965645 2.07089 5.909289 1.0460217 1.3532825
 321.4 2.221703 1.6041819 5.6877737 1.6545795 0.58909464
 321.6 2.29765 2.0602355 3.8060195 1.2487446 0.90430075
 321.80002 2.1838555 2.200005 3.7291641 0.87559056 0.70026827
 322. 3.0029395 1.0132378 3.8478699 1.3757738 0.17207114
 322.2 2.538674 2.1363807 4.1361074 1.0224981 1.3989102
 322.4 2.329213 1.6609716 4.374015 1.2428567 0.51723516
 322.6 3.3883984 1.317385 4.564246 2.288957 0.85946006
 322.80002 2.9235692 1.6191132 5.2457943 1.506917 1.3991714
 323. 2.9433625 1.7812212 5.0393925 1.6912383 0.83710176
 323.2 2.2129831 3.8276756 5.427616 1.468453 2.0174143
 323.4 3.7325637 1.8813789 5.694989 1.7490851 1.057624
 323.6 2.2129738 2.458429 5.270562 0.8280102 1.3357751
 323.80002 2.7552552 1.9443489 5.275001 2.2225323 0.7915488
 324. 2.7538714 1.6206348 5.2216144 2.84861 0.58128315
 324.2 3.2640004 2.2047806 6.9751625 1.2501564 0.51156086
 324.4 3.4067814 1.9329296 6.3462057 1.5068041 0.86962855
 324.6 3.648433 1.6299393 5.0416784 2.9324007 1.5737166
 324.80002 3.0399356 1.0016072 4.5209546 1.7685207 0.8382499
 325. 2.4780211 3.4835167 5.4841156 0.49214423 1.480796
 325.2 3.1161923 2.243691 4.8748007 1.5091646 0.38144708
 325.4 3.0617566 2.5597644 5.387127 1.8150245 2.2922528
 325.6 2.9507442 2.187448 5.1634073 0.84627837 1.9149314
 325.80002 1.877087 3.1253104 4.8332243 1.0029074 1.4667995
 326. 3.3571038 1.8229752 4.985185 2.1817713 0.94935876
 326.2 3.725922 1.4048634 5.5727534 3.0979602 0.89049697
 326.4 3.0558836 1.4430304 4.148332 1.8228734 0.598397
 326.6 2.2109408 2.315638 5.6687584 0.9763483 1.3091077
 326.80002 3.2254844 1.2328802 4.3210998 1.8022588 0.33050644
 327. 3.725348 1.4616817 13.872864 1.9093319 0.8782094
 327.2 2.190934 2.2836885 5.920305 0.6841331 1.385743
 327.4 2.3850317 2.6043339 6.372223 0.8748892 0.5863199
 327.6 3.0168421 2.777209 8.608095 1.9441401 1.3443636
 327.80002 2.5007577 1.5242755 4.610284 0.9302531 0.57149124
 328. 2.5391452 1.8734274 5.7618766 1.1240959 0.7186939
 328.2 2.5953436 2.1984818 5.632054 1.1423287 0.8774741
 328.4 2.5394397 1.5237129 5.425167 1.4815573 0.7692389
 328.6 1.9910132 2.0431287 4.780204 2.481346 1.3073504
 328.80002 3.044698 1.7532028 5.885254 2.7210886 1.2895513
 329. 2.5557122 2.5095804 5.3798265 1.8377515 2.0268135
 329.2 2.084341 2.426926 4.2014594 1.9783481 1.2315754
 329.4 2.1728961 3.437941 6.8980265 0.9570305 1.8668094
 329.6 1.9864819 3.1311753 9.200199 1.4391361 2.4230225
 329.80002 2.4131742 2.1144233 6.09941 1.8814666 2.1047692
 330. 2.7048256 1.850441 5.821862 1.8475261 0.8111484
 330.2 2.5665526 1.9433523 5.234645 0.9008534 1.2461188
 330.4 2.1127515 2.2059355 5.778779 0.9412236 0.95697796
 330.6 3.08396 1.7943871 4.812706 1.2993358 0.61936784
 330.80002 2.0425553 1.9903733 4.770115 1.8677555 1.3368545
 331. 1.918096 1.652268 4.2026834 1.3848128 0.7861268
 331.2 1.7250597 1.9936173 4.336874 1.5384167 1.6127522
 331.4 2.0424023 1.9757322 4.347736 0.7523511 1.1820838
 331.6 1.9256322 2.4138138 3.335425 1.9084808 1.7059306
 331.80002 2.621231 1.2761524 4.5710483 2.2866886 0.6193406
 332. 2.0664952 1.8553689 4.170039 1.4533087 2.0527003
 332.2 3.2163692 1.6082795 5.189596 1.6464576 1.634903
 332.4 1.6909136 2.3759098 4.1235337 0.3755974 1.5033144
 332.6 2.7346635 1.5101886 3.8840344 0.8824199 0.7340374
 332.80002 1.9006336 1.727742 3.6073277 0.60966516 0.9665691
 333. 1.5049633 1.4804966 3.8265717 0.79165655 0.60331047
 333.2 1.4592404 2.6192026 3.8320339 0.5872094 1.297444
 333.4 2.6093369 1.0138372 3.3862972 1.930319 0.6612132
 333.6 1.6623604 1.1010891 3.379876 0.47511068 0.52673954
 333.80002 1.6295004 1.9010292 3.4805512 0.849075 1.1709702
 334. 1.6315982 1.8204911 2.9984214 1.5814996 0.9784032
 334.2 2.314588 2.8562856 5.1599865 1.2587851 2.7228913
 334.4 2.392058 1.4337984 5.1275883 0.5818723 0.92095745
 334.6 2.113745 2.2697537 4.5108175 0.71703804 1.2077811
 334.80002 1.0416671 4.3943653 4.8281584 0.9094579 2.3584802
 335. 3.8006637 1.6138862 5.055631 2.65706 1.2517962
 335.2 2.7950938 2.7223828 5.706807 1.397998 1.9016627
 335.4 1.8380222 3.0267386 5.4791 0.9689025 1.6203518
 335.6 1.3506929 2.5912063 5.6684337 0.55325043 1.4574802
 335.80002 4.051442 2.4300213 6.755043 2.0090632 0.90862393
 336. 1.7694709 2.2333274 4.9976244 1.035027 2.5211332
 336.2 2.5634434 1.8671072 4.8004127 0.65508556 1.8983494
 336.4 2.0372925 2.7452388 4.5727143 1.6212672 1.0998275
 336.6 1.5190566 2.550899 4.12996 0.7969484 1.3812287
 336.80002 2.6896183 1.9334459 5.168684 2.2571218 0.55110526
 337. 2.0641031 3.0240715 4.7316303 1.4081459 1.4327569
 337.2 2.7623334 1.9857922 7.0977755 1.8522199 0.7549296
 337.4 2.1168914 2.708007 4.984488 1.362191 1.0492189
 337.6 2.5476937 2.2923775 6.58629 2.1124206 1.7175156
 337.80002 2.6053596 1.9092286 4.5849986 0.6576782 1.2466403
 338. 2.5773997 2.2948709 4.490592 1.2869588 1.9854993
 338.2 2.6076326 1.2963117 4.680196 0.63771087 1.7383511
 338.4 1.5795968 3.4179547 4.041093 0.90411735 3.2096772
 338.6 2.1752179 1.8419771 3.8754132 0.8575499 1.1027043
 338.80002 1.7153059 2.392434 4.0459657 0.9113951 1.6162199
 339. 2.6367579 2.6402988 4.506596 1.2659099 1.5123048
 339.2 2.0640469 3.0010858 6.992636 1.1516938 1.9594198
 339.4 2.287469 1.7785747 8.439734 0.8857011 0.75016767
 339.6 2.335374 1.8697256 5.8596497 0.5218057 0.88325953
 339.80002 3.2957604 2.154253 5.3887963 1.4438263 0.94714594
 340. 3.0007355 2.7937922 5.719882 1.1743538 1.410385
 340.2 1.984153 4.0317535 5.855712 0.9065729 1.3939086
 340.4 2.536779 1.8824337 3.7417731 0.8599648 0.63838667
 340.6 1.7813613 3.0387092 4.3628206 0.62815416 1.9488305
 340.80002 2.3080108 2.3611028 3.5584674 0.6096 1.0576009
 341. 2.7253487 2.5289187 4.892027 1.4262332 1.219837
 341.2 2.2483785 2.3747306 6.9392457 1.886535 1.4972254
 341.4 2.666912 2.9332347 5.7413607 1.166239 2.103272
 341.6 2.2622638 2.4964614 7.3038917 0.83332014 2.178437
 341.80002 2.7588696 1.9519113 4.9816656 1.0467451 1.3628724
 342. 1.990848 3.1446958 4.9084897 1.2055072 1.2623303
 342.2 1.9813219 1.669273 3.6879303 0.9462688 0.4408667
 342.4 1.6098973 2.4580066 3.988032 0.9831227 1.280665
 342.6 2.3394608 2.4742389 6.613398 2.1306305 2.1900635
 342.80002 3.528653 1.8186121 7.558487 3.3764908 1.341853
 343. 2.818977 3.331079 6.388578 1.2861028 1.0529583
 343.2 2.1121025 2.7332118 6.128265 0.502372 1.8466642
 343.4 2.3346386 2.9787648 4.613767 0.49995825 1.7988585
 343.6 2.5690322 3.0588489 5.2220454 1.8317646 1.0527123
 343.80002 2.4351268 3.3946636 7.912305 1.5416625 4.3215566
 344. 3.0710034 2.3049824 5.4921446 1.1037276 1.7906836
 344.2 3.6431699 2.2444837 5.31055 1.4723526 2.5780842
 344.4 1.726299 4.013766 5.635566 0.81044436 1.7750984
 344.6 3.5973613 2.1467032 5.643374 2.6702056 1.3206981
 344.80002 3.1722934 1.3989347 4.699591 1.6864879 0.58303815
 345. 2.1460009 4.448372 5.7899594 1.3248087 4.9991317
 345.2 2.815477 3.8934777 5.4025927 1.8378929 3.7580855
 345.4 3.4519749 2.5136807 5.7149262 2.1568224 2.6022396
 345.6 3.2792213 4.016176 7.9409103 1.7962273 2.9243572
 345.80002 4.051842 3.013857 7.348633 1.9473274 0.9131363
 346. 2.1299808 3.025701 5.0640097 1.0746306 3.438357
 346.2 3.218306 3.1585765 5.7576947 1.4041617 2.2715323
 346.4 2.8121688 3.4178505 5.399287 1.7792939 1.8013918
 346.6 3.9825585 1.9241774 4.5732546 1.9597849 0.55037457
 346.80002 3.1710362 3.1425898 6.668372 3.5272515 3.4652493
 347. 2.98695 3.2772338 6.159969 1.9033594 2.156916
 347.2 2.4051101 2.4431555 4.600866 0.91253 1.4428195
 347.4 2.6046689 2.0661054 6.0451846 1.1154175 1.7830757
 347.6 2.5015035 2.589696 4.8025255 1.8319466 1.148634
 347.80002 2.9632611 2.5510392 5.8093805 2.915578 1.4915231
 348. 2.6526804 2.575337 6.246696 1.8224465 1.0184468
 348.2 2.6456022 1.6921428 7.135484 0.80195665 0.8500595
 348.4 1.8150275 2.6943293 5.47935 0.7285198 0.6438604
 348.6 1.670455 2.284444 4.0383434 1.1639202 0.69188994
 348.80002 2.1728244 1.5951416 4.635408 1.1253885 0.7808597
 349. 2.1076329 1.6827257 3.7512221 1.3068094 0.8063207
 349.2 2.0086255 1.8975928 5.099828 0.9060095 1.6175563
 349.4 1.9646959 2.061412 4.8270826 0.69376236 1.1784393
 349.6 1.9776258 2.543412 3.9640527 0.75840545 1.2910514
 349.80002 2.0920742 2.2610478 3.944062 1.1028531 1.499158
 350. 2.0103066 1.9312356 3.8910592 1.0031017 1.7537283
 350.2 1.4297361 3.1985953 4.5601196 0.95515865 0.91286117
 350.4 2.4945676 1.5445286 4.7574234 1.4477607 1.0089465
 350.6 1.6204695 2.4446416 4.1661334 0.4754387 1.7119665
 350.80002 1.9100767 2.0095944 4.4242253 1.2818717 2.2619908
 351. 2.8750482 2.2734857 5.458134 1.5356171 1.4546522
 351.2 1.9816402 3.1331954 5.047913 1.5817053 1.6622347
 351.4 2.7174602 2.3481147 5.2895656 1.1946331 1.2743887
 351.6 1.494136 3.2388196 4.724736 0.25308624 2.4449632
 351.80002 1.9709425 1.8935413 5.18956 2.968108 0.7512412
 352. 1.3591744 3.3184319 5.5099688 1.1511385 1.6691381
 352.2 1.2671661 4.126437 4.787216 1.1032901 1.7807924
 352.4 2.14893 2.3015878 6.846799 1.8324943 1.191821
 352.6 2.3520226 2.0961158 5.228117 1.2743535 0.95764995
 352.80002 1.1439729 2.6573594 4.6268344 0.59869426 1.3278408
 353. 2.2134967 1.3971024 4.093359 1.8666767 0.3824325
 353.2 0.84966505 4.395299 5.9674845 0.23316212 2.657964
 353.4 3.9229603 2.321437 7.6361985 4.896218 2.5466888
 353.6 2.1016417 3.1276572 4.6484804 0.50884587 2.538241
 353.80002 2.098139 2.4540644 4.035883 0.89525044 1.4250946
 354. 1.8867544 3.0693858 5.2409945 0.7196531 0.9744516
 354.2 1.3619707 2.631482 3.5851197 0.5953249 2.1715665
 354.4 1.5350164 3.0502248 3.7096982 1.3273746 1.0354933
 354.6 1.64263 3.2636502 4.7441173 1.4545332 1.2494485
 354.80002 2.8156753 1.5968373 6.360665 1.1185617 0.54006326
 355. 1.5029414 3.2787354 4.979777 0.8077393 2.3906822
 355.2 2.3993623 2.546995 5.590368 1.3804811 0.9627534
 355.4 2.0335 2.7143226 6.2052236 1.4372789 1.9143401
 355.6 2.0585508 3.1981466 6.082539 0.7260606 1.8221389
 355.80002 2.3102946 2.6282442 5.256572 1.3322024 1.2469938
 356. 1.9787924 2.7952788 5.0205584 0.47156817 1.0320917
 356.2 2.562518 2.749032 4.6699443 1.2350587 1.5321385
 356.4 1.9369376 2.8524523 5.3137584 0.3068037 1.68993
 356.6 1.7266455 6.9905953 9.345239 1.0547146 3.6022742
 356.80002 2.4477437 2.426497 6.4345193 1.6260334 0.86380893
 357. 3.8913918 2.6345685 6.536055 2.8719153 1.4912331
 357.2 2.3354614 3.9358227 6.611974 0.8708341 2.1781673
 357.4 4.307762 2.659125 6.5859947 4.618852 0.7587812
 357.6 1.0726249 3.9864361 5.150257 0.7338089 2.5002146
 357.80002 3.2487156 4.0287714 8.708995 1.6837043 2.5692437
 358. 3.8878884 2.1475055 5.693122 4.0263324 1.3587117
 358.2 1.9258999 4.200586 8.518125 0.7909027 2.7982273
 358.4 4.371733 4.50829 9.020479 3.3339362 0.8360344
 358.6 2.005858 3.8684902 7.2096176 0.6824338 1.400446
 358.80002 2.8981392 3.45634 12.252413 2.5556781 2.1346145
 359. 3.152467 2.9883847 6.979003 1.5194896 1.1769773
 359.2 2.633785 2.9166052 5.190024 0.98795396 2.682208
 359.4 2.3394668 2.1803195 4.256078 0.8394005 1.5991303
 359.6 3.1261125 2.9100757 5.341834 1.2194746 2.0397637
 359.80002 2.1123748 4.4945283 6.158198 1.482187 3.7686267
 360. 3.1464412 2.0904272 7.3896055 2.0745342 1.660166
 360.2 3.596704 2.183565 6.734216 1.4192868 2.0052748
 360.4 3.1651654 1.8538389 4.9664655 0.903002 1.0087075
 360.6 3.338777 2.6587164 6.2214727 2.1364317 2.0843039
 360.80002 1.9422604 3.2367978 8.051088 1.4609782 2.6558654
 361. 4.641904 1.6351067 5.887783 2.919303 0.5684657
 361.2 2.0245051 3.083427 5.7267547 0.93031204 1.3491597
 361.4 1.8949404 2.6285458 4.679061 1.4184824 0.8108973
 361.6 1.6650221 3.69337 5.0370374 1.1533003 2.4447894
 361.80002 3.7555153 1.8969431 6.8968263 2.0570931 1.8433686
 362. 2.245236 3.816021 4.9095216 1.9002315 4.008136
 362.2 2.175061 2.3698738 5.1002502 1.7543343 1.333053
 362.4 2.4075065 2.045919 4.452317 1.4208468 1.1744949
 362.6 2.1918852 4.032457 5.634365 0.43014485 3.02476
 362.80002 2.6421432 2.0404947 7.149514 1.265022 0.76911026
 363. 2.4012542 2.568856 6.6372285 1.0417807 0.9742765
 363.2 1.943919 1.917373 4.2060804 0.645364 0.60447705
 363.4 2.518608 3.6772132 5.7429476 0.42262304 2.5188801
 363.6 1.4968317 3.437902 4.565528 0.05818518 2.3732
 363.80002 2.66581 2.0464463 4.615394 1.1830631 1.1818799
 364. 1.8783077 2.6533422 4.830163 0.97228914 1.8997258
 364.2 1.9297155 2.4159229 4.361806 1.4654174 1.5673097
 364.4 2.1698518 1.9097189 4.155366 2.1636336 1.7428235
 364.6 1.9796852 2.1943312 5.515874 0.88924265 0.9359379
 364.80002 2.2925916 2.0939546 4.33462 0.67844516 1.572043
 365. 1.7231367 4.5537734 4.258855 1.0099368 1.8382066
 365.2 1.2999907 3.0817904 5.755494 0.29122287 2.4899995
 365.4 3.731713 2.3191078 5.786435 1.1931254 1.7982388
 365.6 1.9677874 2.1723213 6.1441307 1.1055013 1.6310837
 365.80002 1.924289 5.273972 6.384292 2.2590866 3.2238507
 366. 2.5167994 3.002604 5.2417355 2.3710892 0.5329388
 366.2 1.3356607 2.8130195 4.287762 0.601993 2.0994911
 366.4 1.9331442 2.3388276 5.0303144 0.54331475 0.60653114
 366.6 1.8619368 2.7282774 4.2426476 1.269607 2.8293972
 366.80002 2.2073092 2.1287766 3.358656 1.625821 1.6764446
 367. 1.7526376 3.0550518 4.784161 1.0752007 2.3272402
 367.2 1.6026888 2.7318366 4.15556 0.99742824 1.5000819
 367.4 1.843903 2.291614 4.72029 0.7305811 0.34261364
 367.6 1.696427 2.7598784 4.8503184 0.9737374 2.3274682
 367.80002 1.8101158 3.2435842 5.886615 1.1873397 1.731453
 368. 2.2627652 2.5641546 7.339801 1.5537535 1.7385918
 368.2 1.6634836 5.7972927 6.756354 1.1070185 4.108839
 368.4 3.623064 2.7954803 6.986449 1.7712219 1.2132554
 368.6 2.2273102 2.6735647 5.793017 1.510121 1.6833568
 368.80002 3.8833847 1.8414482 5.6710787 3.1153853 0.5167713
 369. 1.8135952 2.7474258 8.692814 1.4026414 1.4773407
 369.2 1.9565408 3.4146907 6.783937 1.8333796 2.1156929
 369.4 2.5783381 1.7399142 4.836496 1.9138018 0.51711476
 369.6 2.2861776 2.073931 3.4514854 2.052471 1.1432791
 369.80002 1.9866924 2.6804109 5.122367 1.9889132 2.0789382
 370. 3.8559127 2.0254917 5.3585477 2.8881762 1.0872089
 370.2 2.463522 3.0733135 5.442607 1.9899793 1.3260597
 370.4 2.8510008 2.1084645 5.799966 3.293271 1.1618563
 370.6 2.3604078 2.812945 5.981498 1.8990403 1.6895305
 370.80002 1.8519924 1.9454067 5.1118517 1.5402193 1.0880603
 371. 2.1105795 3.0969093 5.0309076 1.3105016 1.7990465
 371.2 2.0707707 1.9994835 5.1112914 1.2044197 1.2957855
 371.4 2.549553 2.0987518 4.7748046 1.8233627 1.9394572
 371.6 1.413916 1.6901045 4.3449774 0.65449613 1.8557469
 371.80002 1.9817955 2.2377467 4.454712 1.1626847 1.4781144
 372. 2.5146987 2.096596 4.4759474 0.8994822 1.9352365
 372.2 1.7822106 2.7310612 4.4724054 1.1184297 1.4241296
 372.4 1.4408872 1.7992985 3.4874148 1.2935957 1.1456907
 372.6 1.5931158 2.2128007 3.8347592 1.4597733 1.3033723
 372.80002 1.7779013 2.4597247 3.9720273 1.2396111 1.520957
 373. 1.5842124 2.354517 3.5941596 0.94660294 1.9845076
 373.2 1.8427588 2.9435768 4.361694 1.5193981 2.2362907
 373.4 1.340339 2.806066 5.511892 0.5135821 1.547838
 373.6 1.3746768 3.3318048 5.1453595 0.6871104 2.0266705
 373.80002 1.1043484 3.5812862 5.2697225 0.8214821 1.708602
 374. 2.2053998 2.9353135 4.95635 1.8469186 0.9834706
 374.2 1.5493133 4.1311636 6.309524 0.8115575 1.6147004
 374.4 2.4702916 4.331255 7.7433496 1.4436777 2.9559343
 374.6 2.3782508 4.2806654 9.068506 2.3153412 3.0592864
 374.80002 1.9547266 2.9858081 6.802748 1.408888 2.5339203
 375. 3.0119557 1.7769225 4.8183265 1.5998962 0.69653386
 375.2 2.3633199 2.1787493 5.116947 1.5051678 2.2043085
 375.4 2.7810636 1.770478 5.772163 1.2445415 0.76566875
 375.6 3.0923297 3.4347405 5.5187626 2.0358894 1.6188213
 375.80002 2.8514342 2.0648146 3.963229 1.3518853 1.1175357
 376. 2.8316407 2.253413 5.4206967 1.5425057 1.0441773
 376.2 3.9747226 1.166728 5.762095 2.1539075 0.8556381
 376.4 3.0524032 2.3451238 5.6485915 1.3922253 1.1328611
 376.6 3.723185 1.6214895 5.978235 0.8707346 1.1328028
 376.80002 3.2407944 3.228646 5.518443 1.5748489 1.4543473
 377. 2.6192222 2.261495 7.2432237 2.480071 2.2359014
 377.2 2.0556262 3.3570333 5.8025727 1.2936167 2.814102
 377.4 2.7507834 2.2972596 7.8152275 0.7588315 1.6633683
 377.6 1.4965438 3.4079247 5.267474 0.69647634 1.4107596
 377.80002 2.0116534 2.219466 5.2514567 0.97756183 1.0640002
 378. 1.8579992 2.3367772 4.1789465 1.0143229 1.1647329
 378.2 2.2071435 1.5373851 3.830201 1.2631223 0.48420832
 378.4 2.011065 2.5824394 4.3816104 1.2625513 1.8534013
 378.6 2.3073955 1.9059128 4.8755116 1.1490707 1.2487166
 378.80002 2.3508973 1.6803305 4.282037 1.8249086 1.054622
 379. 2.205711 2.775766 4.6343737 1.0594373 1.8393356
 379.2 2.2122986 1.1456707 4.09774 0.8930409 0.5753129
 379.4 2.475797 2.3797412 4.2449393 1.7016866 1.0293853
 379.6 1.5674518 2.696191 4.814838 0.5629509 0.84259444
 379.80002 2.2380044 2.4040525 5.098995 2.33453 0.79950494
 380. 3.1241112 1.1172513 4.6349783 1.744194 0.86820453
 380.2 2.591063 2.6820073 3.9186547 1.3920125 0.8731728
 380.4 2.726807 1.9227178 4.309584 0.5908393 0.5631156
 380.6 2.2724495 2.057952 5.1113725 0.97222877 0.8394299
 380.80002 1.9592369 2.591044 6.8414507 1.0690384 1.6903816
 381. 2.3629298 0.97720194 3.8884327 1.0516559 0.18441631
 381.2 2.217029 2.7852213 4.6688128 1.7490071 1.1530116
 381.4 3.4462166 2.0314586 6.7541695 1.354614 0.85043263
 381.6 2.505273 2.6053462 6.234578 1.3902736 2.323243
 381.80002 3.4909375 2.1914623 5.6584425 3.5607448 1.1173322
 382. 2.6294024 2.9913146 6.127458 0.7879018 1.2052926
 382.2 2.2741797 3.647966 5.5267615 1.4182674 3.492987
 382.4 2.099431 1.6063169 5.0360055 0.94353515 1.7111484
 382.6 2.0605023 2.848919 4.430636 1.6090235 3.172822
 382.80002 1.890411 2.361961 3.936357 1.0992979 1.5735992
 383. 2.6018138 1.9195435 4.663489 0.766298 1.7400008
 383.2 1.147994 4.010205 4.385108 0.544855 2.0709445
 383.4 2.0686479 3.1250832 5.3166666 1.5373689 2.870702
 383.6 4.0365086 2.460457 4.546622 2.475758 2.1134424
 383.80002 1.2011051 2.4151835 4.190685 0.7544092 1.3189702
 384. 1.3437611 2.715933 4.2569523 0.60419184 1.0097448
 384.2 1.5870581 2.4052424 4.111232 0.4881761 0.8262839
 384.4 2.1571927 2.1663418 4.1307025 1.5575423 1.215725
 384.6 1.4944712 2.2287042 4.416346 0.70725703 1.1802942
 384.80002 2.224294 2.263699 4.972656 2.1457372 1.6898026
 385. 2.5462506 2.1196785 6.220771 3.0373454 0.93956465
 385.2 3.1924767 2.9187164 5.6785364 2.0815449 2.1692498
 385.4 1.7606236 5.095356 6.6028876 1.038495 3.3618777
 385.6 2.7244604 2.0100574 4.630212 2.3618925 1.6431173
 385.80002 1.4489731 2.1301227 4.5759835 1.1000241 0.72806495
 386. 1.8955326 1.7162186 3.5758643 1.1408316 1.4590883
 386.2 1.9017919 2.338663 4.0578585 0.9671402 1.7047721
 386.4 2.4621432 1.7258947 3.9342563 1.1518841 1.5228456
 386.6 1.6577139 1.9971212 3.8681042 0.841603 1.0359643
 386.80002 1.4195915 1.8005066 4.7268453 0.83299214 1.0369623
 387. 2.5259013 1.2958224 4.020757 1.9944571 0.65780896
 387.2 1.4657446 1.9914862 2.9289055 1.2623374 1.1574718
 387.4 2.8780208 1.0890496 4.232846 2.076674 0.9874505
 387.6 1.5139772 2.9983373 4.009231 1.0241827 1.8559109
 387.80002 1.9966938 2.0307808 4.761234 1.0516516 1.3817087
 388. 2.2458444 1.6091751 4.3792696 1.5162671 1.1457287
 388.2 2.8208287 2.6040978 4.957581 3.1135142 1.9640368
 388.4 2.6853888 1.8955896 4.6224833 1.2783964 1.8238177
 388.6 2.8797116 1.1723402 4.795635 1.4381568 1.0446368
 388.80002 2.4243596 1.6464465 3.5577037 0.99192184 1.1436417
 389. 1.3970659 2.2995284 3.731392 0.8602221 1.6144788
 389.2 1.5616119 2.1535144 4.194297 0.9884013 1.0367414
 389.4 1.824475 2.3730626 3.5509572 1.4611857 0.8303403
 389.6 1.8061901 2.1341097 4.4126797 0.9433581 1.8011342
 389.80002 2.5121217 2.1668696 4.447052 2.049025 2.001772
 390. 1.2427003 2.033361 3.2618184 1.3219047 1.0915681
 390.2 1.6178291 2.5732915 3.6194236 0.85656327 1.4636471
 390.4 2.2450786 1.3788168 4.2152 1.2281278 1.040359
 390.6 3.5384078 3.6697395 4.9393196 0.4701326 1.5481719
 390.80002 2.052663 1.678167 6.313663 1.0782348 0.95293623
 391. 1.4901888 3.4695053 5.270034 0.597046 1.5744185
 391.2 1.8520687 1.5346761 6.5623016 0.9357108 0.26416263
 391.4 2.0278106 2.825102 5.4484763 1.5319961 2.7352228
 391.6 3.381651 1.5693202 6.8430467 1.9012136 1.0197134
 391.80002 1.3554324 3.4922016 6.159275 0.62239623 1.1152052
 392. 3.9237828 1.8732208 4.254697 3.0164735 1.1948568
 392.2 1.6164215 4.7974176 6.8090925 0.84851307 5.086617
 392.4 3.3913684 2.1080537 4.962126 2.1711323 2.792624
 392.6 1.5033352 2.074365 4.6070857 0.5804581 3.186278
 392.80002 2.2484794 2.8319507 5.29476 1.0793612 2.076585
 393. 1.1898571 3.0252433 4.21269 0.4624991 1.7855694
 393.2 1.7038584 1.8980486 5.0843644 1.6883984 1.2198352
 393.4 1.7549549 2.5507169 5.2715883 0.68903494 2.2141426
 393.6 4.8357058 1.1937897 5.9746737 4.403806 0.4124163
 393.80002 1.2647853 3.1437504 4.307412 0.854297 2.665355
 394. 2.026651 2.7776585 3.8100486 0.7670025 1.6190575
 394.2 1.0864747 2.8662136 3.6612618 1.3556201 1.3003278
 394.4 2.0411172 2.0565124 3.590115 1.3672693 1.0882157
 394.6 1.8490883 2.5060112 4.6898203 2.0199323 1.3379803
 394.80002 2.7814178 2.108917 4.6586437 1.9622281 1.0525525
 395. 2.3578584 1.853215 4.694084 2.4529557 0.749165
 395.2 1.6884234 2.6920586 4.8095236 1.1126562 1.0169896
 395.4 2.501019 2.534851 4.353039 0.8846909 1.0904764
 395.6 3.0538504 1.6171074 4.3188148 1.3602533 1.0075011
 395.80002 2.1008422 2.8602374 4.912721 0.65592986 1.8719199
 396. 2.86157 1.8185536 4.3569937 2.1764727 1.1514845
 396.2 2.265551 1.7736613 3.7621524 1.1339699 0.42665154
 396.4 2.8279533 1.5714014 3.8868937 1.2395386 0.8744542
 396.6 2.2731063 1.4377892 3.7208436 1.204574 0.63469476
 396.80002 1.7554575 1.9643862 5.9884133 1.2496095 1.0498598
 397. 3.4685433 1.061214 4.4839263 1.181357 0.47437975
 397.2 2.7299514 1.9490368 4.413466 1.6882848 1.2755277
 397.4 2.1718354 2.2842731 4.0630665 1.3730223 1.7287797
 397.6 1.5829203 2.0673854 4.40901 1.1775082 1.148392
 397.80002 3.06745 2.1108515 4.6281977 2.4433146 1.9257131
 398. 2.3507066 2.4779115 5.362287 2.7552545 2.01764
 398.2 1.5416639 3.4622188 8.971334 0.75205404 2.0661783
 398.4 2.3740604 2.6028638 5.4743495 2.4862008 2.1067774
 398.6 2.1127105 4.1865764 7.822113 1.4798485 2.6740856
 398.80002 2.618567 3.2180438 5.7576046 1.1500881 1.6468867
 399. 2.5933433 2.8382897 10.586238 1.8689605 2.281172
 399.2 2.9706194 3.4544845 7.493647 1.346494 1.3604765
 399.4 2.8428395 2.5779374 5.7096276 1.4621837 1.2714196
 399.6 5.6018386 4.2569885 10.333334 4.255292 3.368616
 399.80002 2.495954 4.002657 7.638204 0.8086125 1.7520721
 400. 3.5433183 2.7791085 6.388591 2.1872683 2.3876657
 400.2 2.2941875 2.4952006 5.813812 1.0122209 0.7637932
 400.4 3.7932007 2.3668704 5.1948776 2.8508596 1.216286
 400.6 2.2368193 3.4027781 5.0917616 1.4126261 2.2443516
 400.80002 4.135537 2.2697515 5.679284 2.4592612 1.7839813
 401. 1.8101193 3.5680022 5.8069997 1.1143572 1.5432304
 401.2 3.2901254 4.302813 4.645004 1.3876933 1.3868504
 401.4 2.4908922 2.6199307 4.7451396 1.6189665 2.2840643
 401.6 2.34199 2.3681004 4.4996023 0.95536727 1.590416
 401.80002 1.9420351 3.571059 4.4021974 1.1936392 2.7185016
 402. 2.5693004 2.054541 3.4233298 0.9460923 2.0947185
 402.2 1.5918152 2.466271 4.1295576 1.0644776 1.1727417
 402.4 2.925799 2.2312667 4.6687183 2.5173032 0.7549347
 402.6 2.0834897 3.5602577 5.204425 1.8166384 1.9011103
 402.80002 2.5620196 2.5180142 4.4947863 2.2343693 1.3047149
 403. 1.6491728 3.5007534 5.507317 0.45322573 2.707546
 403.2 3.11114 2.456232 5.3708878 1.650141 1.5068647
 403.4 3.195378 1.5869168 6.216949 1.450242 1.2348278
 403.6 2.8027966 2.616776 5.805619 1.5372785 1.8389547
 403.80002 3.3269277 1.6062495 5.519946 1.548621 1.0349246
 404. 1.8448054 2.1048758 4.7390566 2.0513806 0.6879864
 404.2 2.2076647 2.5033875 4.130803 1.3785329 1.4289604
 404.4 1.4262869 3.6403413 4.4616637 0.7933239 2.574393
 404.6 3.6480396 1.9111164 5.036908 1.6136355 1.1280991
 404.80002 2.7624545 1.6114185 4.460039 1.7068589 1.3656459
 405. 1.8397055 2.7884536 4.8217893 2.336466 0.5017027
 405.2 2.393806 1.1580042 4.554409 1.8258805 0.79776
 405.4 1.9746042 1.8815815 5.5266843 1.1127192 1.3305031
 405.6 1.6901453 2.0945754 3.9550622 1.2345973 1.1869993
 405.80002 2.0569227 1.4628603 2.9140534 1.432143 0.61903244
 406. 1.5150433 2.1862493 4.2886453 1.4471983 0.7230653
 406.2 1.4510952 2.1107955 4.346785 1.3781207 1.5577542
 406.4 2.883412 1.3426845 4.6200924 2.1945214 0.6772661
 406.6 2.769435 2.1548448 4.8295484 1.0326945 1.0957805
 406.80002 1.5482688 2.0713372 4.643175 0.83659405 1.0060202
 407. 2.9371727 1.7887018 6.1539145 2.900973 1.5444521
 407.2 2.0896027 1.8643948 5.007938 0.8300469 0.73440236
 407.4 4.193988 1.3673909 5.0834475 3.0216937 0.8537331
 407.6 2.885578 1.7183872 5.5234084 2.2331018 1.5180972
 407.80002 2.795364 2.1469517 5.262841 1.5636591 2.163872
 408. 2.3169467 1.215436 5.0200157 2.5460885 0.84580034
 408.2 1.5399554 3.331284 6.4183006 0.7248422 2.6306276
 408.4 3.464227 1.3167415 4.420223 1.2401371 0.8838154
 408.6 1.9504932 1.3716161 4.1203566 0.90210414 0.70322794
 408.80002 3.601972 2.2927296 4.5776258 1.3693947 0.8542073
 409. 2.5335505 3.4461627 4.906429 1.240903 3.97605
 409.2 3.0435417 2.2211788 4.0863414 1.3099364 0.7171265
 409.4 2.1151066 2.0749376 3.9778981 1.3460288 0.9378156
 409.6 3.7253265 1.8497553 5.040609 1.216142 0.9714502
 409.80002 2.1742408 3.0959952 4.4233313 1.8743414 1.2237923
 410. 3.058555 2.9408162 5.052899 1.3061403 2.5073404
 410.2 2.9735932 4.269229 6.973489 1.5707692 3.271587
 410.4 3.8712502 2.9529424 7.380333 2.0697021 2.1656442
 410.6 2.386108 4.594409 7.3057184 0.62303454 2.6359715
 410.80002 4.8370547 1.6646178 7.3914833 1.4761435 0.67420447
 411. 1.853914 4.5425434 8.385965 0.8098735 2.9751482
 411.2 4.8988237 2.2339787 8.106062 2.0264437 0.96973675
 411.4 3.0350256 2.4944286 9.321946 1.0516175 0.88809264
 411.6 3.0089123 3.1206913 6.635783 0.8168566 1.3150269
 411.80002 2.2963526 3.603965 7.8587236 1.2401061 2.7061691
 412. 2.5652566 2.505817 6.5227175 0.8421258 1.4638104
 412.2 3.3245063 3.7269006 5.218531 2.2361789 3.463834
 412.4 2.163326 3.5450432 6.69141 1.1758405 2.4145439
 412.6 1.7854254 3.099488 5.007016 0.53240854 2.4775088
 412.80002 2.5651212 4.765016 8.130859 1.2269106 6.4728355
 413. 3.2080905 2.8523355 4.6150794 1.7763746 2.2695203
 413.2 1.7920831 2.5203447 4.9155426 1.3666803 1.2932864
 413.4 2.4867153 4.1066875 6.5618286 2.070962 2.283836
 413.6 3.3608952 3.1503782 5.8568525 1.6694362 1.6776592
 413.80002 1.3920095 4.071571 7.2765565 0.98691386 2.1493428
 414. 1.8345836 2.673118 5.188534 1.4880705 2.143986
 414.2 4.133872 1.811318 4.9722385 2.669686 1.592727
 414.4 1.360152 3.231519 4.82343 1.0469049 1.6294402
 414.6 1.7269049 2.5685723 3.866737 0.8287286 1.0005113
 414.80002 1.598666 2.564035 4.6064215 1.0335933 1.4941783
 415. 2.4990714 2.53484 5.4590583 1.8739148 2.1432512
 415.2 2.21746 3.0119717 6.655797 1.3375492 2.858638
 415.4 2.3578382 3.2725673 5.8790865 0.85256773 2.64666
 415.6 2.1729906 2.4738717 5.4708786 0.42123964 0.7269903
 415.80002 3.6502528 1.768178 4.42181 1.4083765 0.792401
 416. 2.7797878 3.0313404 7.5780168 0.9385244 4.0446606
 416.2 3.010457 3.0348258 6.97537 2.363575 2.9345973
 416.4 2.1076612 3.3156998 6.0674825 0.4649354 3.3182805
 416.6 2.2353263 2.0148997 4.2360973 1.6915209 1.0687106
 416.80002 1.3308339 2.2216244 4.448855 0.6086301 1.0673987
 417. 1.2889875 3.468949 5.4976997 0.77449733 1.560252
 417.2 2.405474 3.2731278 6.0942755 1.0761803 1.8218179
 417.4 2.3600652 1.9334549 4.1507025 1.3642141 1.4867822
 417.6 2.7976196 3.5123806 5.6820793 0.9244962 2.6510487
 417.80002 2.526141 2.562157 4.5308003 1.445725 1.6146275
 418. 1.2034917 4.0290785 4.591902 1.092461 3.403844
 418.2 1.6248878 2.7228286 5.100015 1.6119006 1.5966096
 418.4 1.6005691 3.8040485 4.7231555 0.91282743 2.1398785
 418.6 2.3027472 4.4503775 6.1244674 1.6467845 4.9164133
 418.80002 1.756903 4.1400986 5.113524 1.6854817 2.629901
 419. 2.302648 4.1986604 4.2968435 1.5010868 3.2794552
 419.2 1.865509 1.9392624 4.6650095 0.68810785 1.30337
 419.4 2.7538323 2.8924031 7.876751 2.8204696 3.1165195
 419.6 1.8119309 3.3092282 5.2455993 0.8270274 2.452212
 419.80002 3.517046 2.2712674 5.923407 2.3993008 0.7138891
 420. 2.5707245 3.270696 6.782724 1.3034216 2.3182862
 420.2 3.0622244 3.5036576 5.4760737 1.9652644 1.5497116
 420.4 2.5016313 2.3698661 4.783384 1.1180147 2.721409
 420.6 2.0805323 1.6904964 3.958561 0.7886885 0.31044018
 420.80002 2.0104852 1.8873358 3.9604783 0.92917514 0.36983043
 421. 1.867171 2.0614793 3.7865243 0.9446171 0.7277362
 421.2 2.6968365 1.6503996 3.7502823 1.1225262 1.0663875
 421.4 2.5404634 1.5380799 5.480256 1.5790268 0.5712836
 421.6 1.8088067 1.7300112 4.093328 0.47157502 0.9563424
 421.80002 1.9496448 1.3727266 3.6134045 1.4844537 0.92126685
 422. 1.3615465 2.324316 3.266499 0.5266786 1.0206584
 422.2 3.9155593 1.5390154 5.075636 4.852625 0.9405225
 422.4 2.2077315 2.3914762 4.3871183 0.74697834 3.0229232
 422.6 2.1732345 2.5261054 5.181678 1.4942507 2.447056
 422.80002 3.9330456 2.0174892 6.105321 3.1817982 0.93079484
 423. 1.6031383 2.0059168 5.282803 1.2726253 0.99481976
 423.2 1.5336329 2.925109 5.0360384 0.5608169 1.90302
 423.4 1.3696483 3.491286 5.038219 0.530795 2.2418756
 423.6 1.031059 3.1984932 4.785836 0.52210265 1.6673702
 423.80002 2.0112336 2.0647655 4.3794794 0.8961758 1.2217125
 424. 1.7883606 2.5781476 5.9209967 0.48775265 1.8619636
 424.2 1.1414086 2.9554024 4.690146 0.31880218 1.2691493
 424.4 1.3044473 2.284733 3.3899205 0.5563126 1.061919
 424.6 1.7238659 1.6659788 5.3273673 1.0665153 0.6378945
 424.80002 1.5064952 3.308303 8.320248 0.88408405 2.1793716
 425. 2.4121416 1.8688443 6.2906265 0.5791275 1.0886445
 425.2 1.574096 2.6852403 3.8646436 0.9462668 1.8385751
 425.4 1.6057892 3.487156 5.002658 0.7440027 1.4592083
 425.6 2.714396 2.3083375 4.514789 1.3450832 1.4427843
 425.80002 1.5313563 2.550149 5.972583 0.42974374 1.9101807
 426. 2.5220492 1.6525825 4.4130044 2.1966753 1.2592947
 426.2 3.0243058 1.9067751 4.0703244 1.5320492 1.7686965
 426.4 1.9129851 3.2670155 4.196006 0.7064783 1.6030407
 426.6 3.1015544 2.1824148 5.471428 3.3106463 1.6748444
 426.80002 2.9462838 2.5801826 6.313039 2.7303445 2.4032764
 427. 2.4308934 2.4639459 5.90195 0.421373 1.9099629
 427.2 1.9006288 2.5330553 5.5869055 1.3505086 1.2170961
 427.4 2.2296438 2.0912788 5.0977583 1.3239335 0.75809973
 427.6 2.0178914 2.66194 4.9714265 0.798978 0.73825055
 427.80002 2.3830276 2.7942214 5.4932356 1.0233291 1.0046406
 428. 1.5538993 2.2996535 6.349432 0.5167518 1.0807012
 428.2 2.8284924 2.4753966 5.30747 2.350686 1.2787338
 428.4 1.2149067 3.9159038 5.169372 0.9976345 1.4674628
 428.6 2.0267177 2.2700682 5.2118173 1.3521978 1.1276796
 428.80002 1.3563253 3.1467175 5.2811165 0.8440587 2.6793587
 429. 1.7725575 3.365497 4.7936506 1.453151 1.5062418
 429.2 2.683603 2.641929 5.418372 2.1707258 0.71931934
 429.4 2.7403076 1.3781831 5.070579 1.4234082 0.6232404
 429.6 2.0369542 1.7379305 3.6747003 2.2050033 1.4209771
 429.80002 1.7889954 2.7777076 4.611177 2.002751 1.1994534
 430. 2.0706327 3.4737847 3.5278823 1.896003 1.4560926
 430.2 1.8791424 1.7702882 3.9232936 0.63157344 1.3445889
 430.4 2.2555318 1.8499883 4.5307193 1.5958328 1.59415
 430.6 2.126429 2.6584625 4.2276554 1.4419942 2.216157
 430.80002 3.12352 2.1558354 5.148716 1.3550805 0.8699287
 431. 2.8523333 3.1816056 7.527446 1.9402419 1.5524168
 431.2 3.4048035 2.4934773 5.1475387 1.509825 1.602156
 431.4 3.119082 3.7660263 6.2968783 2.2674122 4.7886987
 431.6 3.0568922 3.7331944 6.6108217 2.1734545 2.2615168
 431.80002 3.0468206 2.1873412 5.019099 1.4887445 1.5727141
 432. 2.5820177 2.2494 5.9104114 1.5625563 0.84236777
 432.2 2.583241 2.88314 5.510339 2.0032482 0.8422619
 432.4 1.5177634 2.8503666 5.480277 1.6367255 0.91832995
 432.6 1.8416979 2.6598668 5.502898 1.3456717 0.9110115
 432.80002 1.7046115 2.73356 5.3578634 0.8511582 2.2104237
 433. 1.7378502 3.5683656 5.4744263 1.0234431 3.299957
 433.2 3.3727894 2.5053005 7.435898 2.669602 2.0019403
 433.4 1.878485 2.076091 4.5746727 1.1885432 0.5219441
 433.6 2.1070313 2.776507 5.516854 0.9573684 1.9961652
 433.80002 2.1809633 2.4096398 4.7096844 2.0894723 1.6186812
 434. 1.9635086 3.2045128 4.624823 1.3784668 3.4876132
 434.2 1.645351 2.5996058 4.6972194 1.4395447 1.3653494
 434.4 1.7648188 3.0046384 4.5286193 0.8973835 1.2478576
 434.6 2.3228178 1.9973875 4.7586336 0.6531977 0.9760799
 434.80002 1.5926578 1.8220661 4.919272 0.7659012 1.1058508
 435. 3.3032112 2.0212665 4.662736 2.057998 0.9341951
 435.2 1.7038136 2.9118772 4.341177 0.69273335 1.9392068
 435.4 2.3049865 1.6269528 3.9609418 0.8304724 1.2362361
 435.6 1.5298134 2.2953734 4.270872 1.327437 1.255962
 435.80002 3.0903695 1.6270365 5.0317173 2.7374737 1.0517124
 436. 1.912151 2.773998 6.0277205 1.6008201 1.5067843
 436.2 2.156333 2.2238116 3.5505059 1.3434409 1.8069156
 436.4 1.9110985 2.43041 4.0495663 0.86505276 1.3808303
 436.6 1.6387085 2.128182 3.9710019 0.6798372 1.2437048
 436.80002 2.4377995 2.2201073 4.6528444 1.3628241 1.4845263
 437. 1.9924507 2.4578571 4.7602816 1.0270344 1.5564504
 437.2 2.327323 2.4588404 5.78279 1.099986 0.98388904
 437.4 1.96302 3.0204887 4.767424 0.83229953 2.182562
 437.6 1.9036099 2.1183846 4.7462564 1.1653932 1.2921108
 437.80002 2.152452 2.4356732 5.6227374 1.5222839 1.2981181
 438. 2.3627193 1.8458656 4.7305975 1.0983943 1.054066
 438.2 3.0373511 1.9353619 4.373746 1.4789175 0.9829942
 438.4 1.2123681 4.665053 10.187035 0.49118942 3.2846887
 438.6 4.044463 1.4621769 5.1995516 2.4416296 0.35754105
 438.80002 2.6170645 4.498902 8.090814 1.3077425 3.9869611
 439. 2.7281775 1.6758645 4.7992907 1.1559014 1.0422006
 439.2 1.8664179 2.8828154 4.9621577 0.4877261 1.5572412
 439.4 3.3850842 1.2579393 5.139228 1.6458598 1.0457802
 439.6 3.3101926 2.576762 5.281117 1.9215122 1.0218968
 439.80002 2.0936494 2.7983675 5.405244 1.3382292 1.421174
 440. 2.7612216 1.4846128 5.4120784 2.0665739 0.80066204
