 600.2 3.1910768 3.2669182 -1.9431359 2.2648642 0.97230566 0.8298855
 600.4 4.5589433 2.6533782 -3.2853491 1.4842986 1.31813 0.8077895
 600.60004 3.5251865 3.0714293 -1.9440026 1.4513391 1.0079594 0.75659424
 600.8 4.0444446 4.7443066 -1.2154208 3.030884 0.58453786 1.4116019
 601. 3.098603 4.400544 -2.9493465 1.8328875 1.0075556 1.3935796
 601.2 4.6627126 3.2143083 -2.2699192 2.2389517 1.0574168 1.1197207
 601.4 3.9875426 3.8004222 -1.446878 0.6199554 0.7756799 1.1095104
 601.60004 4.195013 2.2660441 -3.308037 1.0657827 1.4453281 0.6191779
 601.8 12.737874 3.0484505 -3.5614018 1.0819453 2.7609272 0.53149456
 602. 6.4273515 2.3603802 -2.1356373 1.1333293 1.0815932 0.9230584
 602.2 9.349826 3.3803623 -9.047264 2.1410017 4.4579487 1.0947946
 602.4 7.2228484 3.3172784 -4.129512 1.5148586 1.440046 0.943435
 602.60004 6.4170403 3.1680107 -3.407072 1.9804263 1.5917264 0.90802586
 602.8 3.9974487 2.8165154 -1.3812095 1.4304434 0.9536973 0.7473744
 603. 3.6209157 3.4671206 -3.0428352 2.608721 1.5623716 1.1109267
 603.2 3.9794877 4.5095525 -1.999152 1.8511465 0.9484001 0.86087316
 603.4 3.242026 4.4728394 -2.7111554 2.026876 1.3517314 1.0864366
 603.60004 3.134449 3.877618 -0.08133964 2.4655676 0.7572712 1.6185809
 603.8 5.5028324 3.681319 -2.4696639 2.0010726 1.2262632 1.101527
 604. 4.5068545 3.3130326 -1.2477248 2.3281958 0.84242636 1.1705644
 604.2 4.882777 3.1873734 -2.2306137 0.8731569 1.1313157 0.3514348
 604.4 4.9451 3.141531 -0.1716041 3.374001 0.28132093 1.7385507
 604.60004 3.0020142 3.0952392 -2.6053908 2.296126 1.3984743 0.99955654
 604.8 3.5961754 2.7935712 -2.1498911 1.8132722 0.8275536 1.1066754
 605. 4.193036 1.8221114 -3.2407274 1.5885148 1.6166812 0.5973745
 605.2 4.63953 3.694336 -1.2105311 2.5388262 0.6807759 1.3802733
 605.4 3.623455 4.797017 -3.0524871 3.3874836 1.4876202 1.421096
 605.60004 4.102074 3.971835 0.25377867 2.7773137 0.8793669 1.7117225
 605.8 5.2615385 3.219892 -4.1752715 1.9405057 1.9351652 0.4237
 606. 3.7653072 7.148019 -3.5622466 5.8465614 1.4795445 2.9352973
 606.2 3.0373394 5.1168838 -3.9234502 1.3257707 1.8253877 0.8309253
 606.4 4.4641943 6.952877 -3.8487306 3.8797348 2.133244 2.0293376
 606.60004 4.6131 6.509713 -3.1310842 0.6794958 1.3663809 0.57166755
 606.8 3.709928 4.571945 -1.8574889 1.7765088 1.1041682 1.1846865
 607. 3.267736 5.0733676 -3.7043505 2.2820635 1.8124743 0.86322856
 607.2 2.95592 6.7510834 -1.8170575 2.302114 0.99303716 1.3225931
 607.4 4.267546 6.5854034 -3.199337 3.8126254 1.5795586 1.5778961
 607.60004 5.681575 3.393645 -1.9502996 1.589678 1.4225267 0.8594727
 607.8 4.5241127 5.3043156 -3.4938269 2.4799469 1.7500561 1.2433732
 608. 5.987836 3.1493073 -2.9604495 1.3573501 1.0255667 1.0128634
 608.2 4.3578644 3.1544724 -3.647215 0.96999663 1.8865591 0.78556705
 608.4 3.531611 3.0700626 -1.7569891 1.2565898 0.76820266 1.0575801
 608.60004 3.9229794 3.4851575 -2.1253507 2.715054 1.1057146 1.2704849
 608.8 3.385903 2.3094165 -1.1363561 1.7083559 0.73100007 0.9051323
 609. 3.6363358 3.2045395 -3.5266001 2.594731 1.7362427 1.2903248
 609.2 6.87395 2.6146493 -4.0378733 1.4085251 1.560438 0.7972555
 609.4 3.376326 3.7270405 -3.2746313 2.165082 1.6142025 1.1816792
 609.60004 3.092584 3.0718834 -1.8194685 2.4265516 0.9760861 1.2420306
 609.8 2.853683 3.3602836 -3.0453637 2.4287994 1.5253888 1.2512003
 610. 2.980529 3.608844 -2.6074448 3.1279242 1.3593806 1.648046
 610.2 4.126985 4.165635 -2.7662768 1.573718 1.4470941 0.87518907
 610.4 2.9789708 3.1856296 -0.6876216 1.3847044 0.63692737 0.7349921
 610.60004 2.5057492 4.0442605 -3.2250314 1.752126 1.6042919 0.90556073
 610.8 2.75941 3.043984 -3.21476 1.1675079 1.5391504 1.0152086
 611. 2.9710155 3.9484935 0.4490531 1.1673905 0.8447002 0.98049676
 611.2 2.5000007 3.3569865 -2.022817 1.7172126 0.5903899 0.9705114
 611.4 2.658731 2.5397785 -1.0853845 1.140172 0.79382807 0.71470076
 611.60004 2.0493693 2.410518 -0.79850155 1.676731 0.37580493 0.8191173
 611.8 1.8750694 3.7391307 -1.2817262 -1.0207636 0.74597764 0.67363805
 612. 2.6689987 3.243182 -2.1730123 2.1081476 1.091262 0.9530657
 612.2 3.047964 5.054487 -1.4983205 0.31760854 1.05399 0.44482112
 612.4 3.2555416 2.792943 -2.055988 2.315752 1.0558254 1.0889989
 612.60004 7.063197 2.7268474 -4.550731 1.8896511 2.4407814 0.9141579
 612.8 4.6717196 4.2930202 -1.5764866 2.3097048 0.94774675 0.9638675
 613. 3.8114178 3.059753 -1.2061136 2.5394557 1.0050045 1.3266678
 613.2 3.818182 4.1097374 -1.8908477 2.3701308 0.916442 1.3029761
 613.4 3.5454888 4.428571 -1.712653 1.5605602 0.8670037 1.1857287
 613.60004 3.1487803 3.279943 -0.9818117 1.6673229 0.45865238 0.7182885
 613.8 2.778224 3.5300899 -0.9944562 0.5781886 0.67111623 0.5787396
 614. 2.0662694 2.8573105 -1.5576278 2.137221 0.7456469 1.0632824
 614.2 4.7955184 3.5422027 -1.8173707 0.4625684 0.93189746 1.2359576
 614.4 3.809524 3.3554025 -3.1236851 1.7077949 1.5540336 0.71396774
 614.60004 3.5647063 3.284132 -2.7530398 2.4578567 1.0314052 1.3647641
 614.8 3.177629 2.6526132 -1.6080017 2.9592655 0.696227 1.0221131
 615. 4.211436 3.6506271 -0.54275155 1.4560726 0.48508248 0.8145322
 615.2 3.802316 1.7636677 -2.3299088 0.836693 0.93254495 0.42795807
 615.4 4.44127 2.9288516 -3.1053236 -0.6790296 1.6329954 0.46730676
 615.60004 4.074803 1.7141552 -4.1666923 1.0193825 1.8978579 0.59369886
 615.8 3.0895295 2.099962 -2.2201555 2.9377456 1.1968601 1.7383806
 616. 2.1043777 4.57474 -1.6417584 5.6441536 0.44787714 3.0180411
 616.2 2.8320808 4.205247 -1.9620363 0.40836275 0.88425076 0.97329235
 616.4 2.429355 3.0105114 -1.8726474 2.741025 0.902535 1.5706072
 616.60004 4.0829344 3.0992606 -5.418786 1.8785223 1.9751544 1.097614
 616.8 3.5947628 3.7199585 -3.0630043 2.3762395 1.5531932 1.1271652
 617. 4.014846 3.3725705 -1.2160435 2.034536 0.5343201 0.9640006
 617.2 4.1630096 3.4103928 -1.3665812 -0.6667387 0.7856189 0.93033785
 617.4 4.452424 4.1552114 -2.7206364 4.229183 1.6584291 2.034462
 617.60004 6.148955 4.308703 -4.6137104 2.214772 2.3292937 1.2423987
 617.8 3.5285313 2.769763 -2.1762905 1.4722104 1.206951 0.79033864
 618. 2.2867908 2.5883965 -1.8798512 3.0410106 1.0195795 1.5281183
 618.2 4.6787443 3.2080078 -4.607783 2.1635633 2.4628243 1.1833988
 618.4 3.0304203 1.5715464 -2.834187 0.7983682 1.0815226 0.4925056
 618.60004 4.2095237 2.6467605 -1.5064338 0.76181585 1.2927984 1.0644157
 618.8 4.7395005 2.571854 -4.3078227 2.1282685 1.5346314 0.86236644
 619. 4.583333 2.3421316 -2.7714047 2.1921852 1.3117672 1.2032849
 619.2 2.975273 2.4139733 -1.6259673 1.4493941 0.82896185 0.67259896
 619.4 4.9313135 3.0564144 -4.658772 2.7383108 2.220888 1.2902187
 619.60004 3.0330694 2.4005084 -2.85768 0.7594452 1.1720259 0.68789214
 619.8 5.187139 2.742082 -6.0340395 1.2463461 2.7553055 0.8873226
 620. 5.5738473 2.8948708 -7.317133 1.2742498 3.4924831 0.61658704
 620.2 4.705043 2.268514 -3.5968888 1.8815547 1.860545 0.8536515
 620.4 4.1483316 4.056297 -0.62877685 2.92975 0.54487956 1.5075392
 620.60004 3.7777781 3.057693 -3.235185 1.9174122 1.4442586 0.9535977
 620.8 3.2068996 3.9314704 -1.2766461 2.4520478 0.5643537 1.1412172
 621. 3.4263122 1.7730812 -2.3830066 1.1922048 1.2434373 0.39338705
 621.2 2.6897686 2.9926896 -0.23112577 3.9057224 0.41981623 1.8935498
 621.4 2.1212132 5.107784 -1.0309176 4.233602 0.56744033 1.8755968
 621.60004 2.2519054 3.326709 -1.9272625 2.8663344 1.057115 1.1163918
 621.8 2.6192565 3.000586 -1.8695564 0.7208986 1.4127297 0.46150982
 622. 2.233781 2.6500678 -2.279205 2.3863676 1.323718 1.2468444
 622.2 3.0418477 3.347198 -1.6707145 2.6122844 1.639059 1.4646567
 622.4 4.46476 5.314815 -1.8191321 2.8437104 0.91145563 1.4016794
 622.60004 2.6200397 4.0816865 -2.832444 2.8316524 1.2743094 1.5788351
 622.8 3.4569564 3.543679 -2.6817224 2.445387 1.2713903 1.437834
 623. 3.3220696 3.373441 -1.9201931 2.3240986 0.732388 1.191339
 623.2 3.7028992 4.4065027 -0.49943882 1.858655 0.7130437 1.0571489
 623.4 3.0439568 3.4464638 -2.390733 2.4988866 1.2169679 0.749637
 623.60004 3.363919 3.9312673 0.6155913 2.68551 1.2376682 1.2784917
 623.8 2.8678641 3.3453572 -1.3804073 1.4480014 0.64106876 0.9776623
 624. 2.135045 2.199439 -1.1218568 1.773735 0.45940572 1.1155992
 624.2 4.3814406 3.0769238 -0.44698006 1.7890747 1.28411 1.0183144
 624.4 2.7004077 2.6964142 -1.7679274 2.7488377 0.6779505 1.4169012
 624.60004 5.8817453 2.4685836 -4.600975 1.3907459 2.31417 0.84637105
 624.8 8.550209 2.5050068 -3.1329288 0.9441195 1.6812586 0.7739455
 625. 7.6155677 2.716157 -3.2740898 2.2207854 1.6980479 0.91173524
 625.2 6.7792206 3.1784637 -4.9438806 1.9249184 2.45392 0.9930803
 625.4 5.658112 2.7423751 -2.4109445 2.1154237 1.1701955 1.1594169
 625.60004 4.7588654 2.6405082 -3.4905696 2.1203244 1.4719203 0.87446207
 625.8 4.5384016 2.401629 -3.271896 1.3322952 1.6118846 0.6359053
 626. 5.502565 3.5778937 -2.3727152 2.5013566 1.5229883 1.0304644
 626.2 5.9428344 3.232203 -2.417249 2.3035927 1.2720153 1.2722994
 626.4 6.518902 2.6662095 0.30728874 1.202729 0.9342325 0.79924196
 626.60004 4.77906 3.0758147 -3.0394402 2.0079184 1.2524407 1.184072
 626.8 4.3537884 2.913402 -2.4547377 0.3449122 1.477653 0.66254926
 627. 7.030748 2.602888 -4.815176 3.4824781 2.3452713 1.6901314
 627.2 5.829172 3.770356 -2.1864867 2.2828784 1.1138564 1.1638308
 627.4 3.6584728 3.651652 -2.2347717 2.7935414 1.1468822 1.2510433
 627.60004 4.8205595 5.835967 -2.5532718 4.1811023 1.2964715 2.2679374
 627.8 6.3603244 4.574549 -4.46941 3.3467078 2.1060984 1.5148283
 628. 4.652196 5.8800664 -2.918963 3.2984643 1.3602133 1.6564742
 628.2 5.7152014 6.6766653 -1.6378126 1.5635068 1.1264987 1.0777242
 628.4 4.742774 3.6997364 -0.9172216 1.5477911 0.53137565 0.7897164
 628.60004 5.3344574 4.7950344 -3.2024112 0.8390902 1.5678495 1.0264996
 628.8 4.7550035 4.151841 -0.78368044 1.618445 0.96246636 0.9905525
 629. 3.6648107 4.0717654 -3.9327865 2.237088 1.8480712 1.1086917
 629.2 3.9582582 4.0854783 -3.2271864 2.0190506 0.8133598 1.1125329
 629.4 4.6578946 3.4699864 -3.4053612 2.329167 1.853306 1.2545038
 629.60004 4.2141943 4.253941 -0.97241163 3.52595 0.8357389 1.6863062
 629.8 3.552693 4.2635603 -3.0349805 2.8739958 1.4204092 1.2836756
 630. 3.6666713 3.407447 -0.7186144 2.6860955 0.29753956 1.2210284
 630.2 3.705645 5.046377 -2.4056962 4.888081 0.93477005 1.4545077
 630.4 6.1342835 4.062167 -2.2461586 4.3822656 1.0518906 2.1248171
 630.60004 3.447803 3.406754 -1.6934094 2.112335 0.6230154 1.0745718
 630.8 4.546499 4.0368834 -3.7922747 2.2352836 1.8089 1.0026618
 631. 5.2527475 3.6094646 -2.1550303 2.304429 1.1520687 0.90407944
 631.2 4.1146326 4.342448 -2.070606 3.101989 1.1881529 1.5531791
 631.4 5.3748746 2.468117 -5.642329 1.6015531 2.0171223 0.74700826
 631.60004 5.349061 3.659448 -4.492885 3.088045 2.2714686 1.3815877
 631.8 5.1750364 3.1854844 -1.3226432 1.6100005 1.3848014 0.8712108
 632. 3.6423461 3.1581702 -1.8309875 1.797201 0.8913544 0.8292793
 632.2 4.387755 3.1764076 -2.3481033 0.75673795 1.2744404 1.1332334
 632.4 4.9867716 2.7240903 -1.584925 3.3436112 1.1738026 1.2782326
 632.60004 5.14787 6.795952 -1.6663721 4.4342732 0.80802506 2.304869
 632.8 4.695767 3.1243954 -1.6655958 2.168477 1.2670175 1.2197379
 633. 4.811861 3.794669 1.4382107 2.700909 0.16452235 1.2211072
 633.2 6.288516 3.4471862 -4.5695143 2.9748418 2.0688605 1.2321423
 633.4 7.550313 3.118795 -3.2700362 3.0509098 1.6498456 1.5303321
 633.60004 6.0681005 2.8615725 -0.98195606 1.1948698 1.0182664 0.8894631
 633.8 5.161838 2.2055564 -0.9390856 2.1353462 0.4846704 1.0683914
 634. 3.7144394 3.4898956 -3.2039912 -1.6030409 1.7178086 0.46774283
 634.2 2.7573109 2.7111084 -1.9715536 1.9245819 1.5091633 1.3031796
 634.4 2.9674642 2.3775172 -1.8727489 0.17011933 1.7331408 0.42324558
 634.60004 3.028572 1.8727783 -2.1119123 1.6945982 0.96875745 0.8426486
 634.8 2.054408 2.4199903 -1.6751742 1.2981248 0.94806176 0.58963567
 635. 2.7802296 2.664887 0.41696835 1.8947601 0.8060675 1.0467558
 635.2 2.188629 4.1801996 -1.4663879 1.8058751 0.83552235 0.9894144
 635.4 3.3459332 2.7461827 -4.2167673 2.2758245 1.985702 1.1923002
 635.60004 4.5513673 3.6337006 -1.5450755 3.432215 0.7147701 1.5040387
 635.8 3.7924309 4.408653 -0.77265614 3.2524402 0.36997014 1.6894668
 636. 4.3844976 3.5307128 -1.451805 2.7555592 0.7560552 1.0407522
 636.2 5.1001825 2.6821103 -4.0871735 1.7444599 1.9750854 0.8679041
 636.4 5.151852 2.6962907 -3.0088937 0.9369617 1.7638135 0.48620483
 636.60004 6.3103495 3.6124344 -4.8038487 1.0951045 2.3363063 0.28171358
 636.8 6.1052628 2.2292752 -4.5054207 1.7772816 2.2559536 0.8855601
 637. 4.335484 2.7944841 -1.2971593 1.8220907 0.72438645 0.92526615
 637.2 4.0992384 3.4804368 -3.296565 1.4929906 2.1078167 0.7165974
 637.4 4.4283166 3.4637325 -1.395395 1.5772787 0.99975735 0.947321
 637.60004 3.6287112 2.6141393 -1.5149463 1.8700842 0.8009397 0.77005094
 637.8 5.305963 2.44846 -4.45653 1.3286309 2.921135 0.75248754
 638. 5.303304 3.012839 -2.667348 1.0796057 1.4026437 0.7702252
 638.2 4.3546934 2.2705321 -1.8114235 2.041531 0.8870722 0.9879453
 638.4 3.7231686 4.070695 0.325031 1.8873186 0.75909424 1.3772557
 638.60004 2.2743297 3.854058 -1.4864607 2.6064646 0.74936944 1.6186227
 638.8 2.9171484 2.8050132 -2.983609 1.7924864 1.555493 0.661994
 639. 3.2004344 3.9297428 -3.6040368 2.5366364 1.6420865 1.7737164
 639.2 3.361084 3.5900345 -2.9590328 2.5500677 1.22662 1.2531809
 639.4 2.3701026 3.9793923 -3.0471756 0.64406484 1.6938857 0.988068
 639.60004 2.0636203 4.0544267 -1.9130491 0.3147654 1.0442204 0.57165545
 639.8 3.2527747 3.33326 -1.1288494 2.6996744 0.6723373 1.3719158
 640. 3.1403794 3.4696736 -1.799968 2.0493689 0.9353466 1.3787341
 640.2 3.3317642 2.7042606 -2.3039455 1.6435156 1.1562523 1.517829
 640.4 2.7471132 3.583556 -2.0998092 2.3631513 0.8645498 1.7868066
 640.60004 6.0286393 3.7681167 -6.5556087 0.43774635 3.2831888 0.2941315
 640.8 5.5363245 4.591805 -3.663537 -0.31629536 1.7313915 0.20813866
 641. 4.833461 3.0712538 0.085013054 2.3341005 0.5245414 1.2601912
 641.2 4.1532755 6.0871086 -1.9427699 3.6210518 0.9290671 1.720365
 641.4 6.476191 4.6888824 -0.69546324 2.0488732 0.89375156 1.0763105
 641.60004 6.0706367 4.3195424 -3.5187364 3.3371582 1.6988426 1.16058
 641.8 8.803178 4.7049656 -2.9104125 2.9198794 1.0533204 1.5067495
 642. 5.0619574 6.368511 -1.409608 2.8063543 0.5561497 1.6287861
 642.2 3.8278992 4.285714 -0.6981293 0.97803843 0.48742482 0.9524059
 642.4 5.6600075 5.2432227 -1.2587209 2.65596 1.354518 1.5024029
 642.60004 5.322184 3.7205327 -3.612138 2.6143742 1.5614376 1.0754296
 642.8 5.699588 3.8716216 -3.0408475 3.4687681 1.552704 1.5595142
 643. 5.6896553 3.0370207 -2.8625438 2.7685275 1.4591442 1.2563236
 643.2 5.6330113 4.3076925 -4.6078944 4.6544676 2.3391347 2.2091036
 643.4 5.920747 3.5739353 -1.0281773 3.436067 0.92457885 1.6309941
 643.60004 5.5374804 3.6885543 -2.4033225 4.0216923 1.0599573 2.032885
 643.8 4.941392 3.449884 -1.7855825 2.741037 0.92250997 0.99613905
 644. 3.7555306 3.2388415 -1.278635 2.5812757 0.71720093 1.3685546
 644.2 3.082046 3.8835187 -1.9632753 1.5448917 1.077949 0.99500746
 644.4 5.725624 2.9645078 -5.7312684 0.591035 1.2912816 0.59478664
 644.60004 3.7392693 3.945869 -1.5919319 2.3699546 0.8303111 1.3223053
 644.8 3.306797 3.2724159 -1.5961816 2.8055086 0.8329599 1.2532358
 645. 4.416022 3.3940766 -2.5457587 2.1654556 1.3231562 0.94354427
 645.2 3.0877202 3.4430976 -0.0789378 2.8081872 0.10985378 1.3950024
 645.4 6.9330416 3.4449222 -4.4620023 2.2348711 2.0626404 1.082383
 645.60004 4.570418 3.1528945 -0.6817245 2.106362 0.613168 1.0389825
 645.8 4.5451555 3.700629 -4.6764593 1.3829602 2.2040653 1.0755957
 646. 4.2707005 3.9306812 -3.1815913 3.9161842 1.9019297 1.9653074
 646.2 3.8391767 4.0662484 -3.3901556 1.2150862 1.9065824 0.9088214
 646.4 3.868436 3.3010151 -1.0143541 2.5360208 0.5107203 0.9023473
 646.60004 3.475331 3.513024 -1.9077641 1.8994459 0.9615242 1.1389898
 646.8 3.1837416 2.0260036 -0.9799593 2.2781458 1.0557469 1.1323545
 647. 3.6614335 3.5373497 -3.7997699 1.8343563 2.0474193 0.8464179
 647.2 5.6406746 4.1096487 -5.674215 1.4105781 2.874072 0.5723963
 647.4 3.2816906 2.522223 -1.7847145 1.5978383 0.8575447 0.8034419
 647.60004 3.7526383 2.8715732 -0.74725485 0.9361187 0.42246717 0.9433462
 647.8 2.2476392 2.3936517 -1.7070055 2.6054316 0.86246705 1.073599
 648. 2.5466113 2.4660206 -1.5277153 2.598245 1.0330831 1.5513827
 648.2 4.118484 2.726984 -1.1604183 0.8991833 0.7108069 0.71039075
 648.4 5.2543287 3.7354503 -1.7769101 2.0832462 1.0559224 1.2038416
 648.60004 3.7306094 2.620055 -2.4509938 2.225513 1.2630419 0.9980933
 648.8 5.16597 2.3957233 -1.8007342 1.8718747 0.80066854 0.9155408
 649. 4.6746035 2.2051303 -2.7382798 1.334561 1.5380731 0.6860772
 649.2 3.9420505 2.9443285 -3.4272332 -0.01245903 1.2439802 0.95972216
 649.4 7.7222238 1.5416675 -2.2830124 1.5826701 1.1585326 0.7328989
 649.60004 4.844443 2.6200929 -2.3744042 0.94753903 1.2165135 0.4569698
 649.8 5.905797 2.1611462 -2.266468 1.2090083 0.55400115 0.700018
 650. 5.989139 2.7790961 -2.915851 0.8653887 2.382499 0.54949224
 650.2 5.8991704 2.800403 -1.9868594 0.5420855 1.2909482 1.0893795
 650.4 5.820803 2.949091 -6.33178 0.77061343 2.588804 0.64582324
 650.60004 5.6430373 2.4108827 -4.009424 2.1863942 2.036793 1.0750117
 650.8 4.8990183 2.7298696 -2.9456391 1.398896 1.4507116 0.6070178
 651. 4.9117775 3.131594 -2.4861882 0.2295323 1.2557366 0.41384578
 651.2 3.72821 2.1943793 -2.338017 2.4936655 0.9756727 1.2115091
 651.4 3.2179883 1.6023401 -1.908583 1.6912435 0.9424147 0.8611246
 651.60004 4.338624 2.9831555 -4.105209 2.9066575 2.033429 1.4704124
 651.8 4.489159 3.3006034 -2.1556194 1.1756914 1.2449327 0.49879214
 652. 3.1212757 2.2758372 -1.5338887 2.6284776 0.7879501 1.2520988
 652.2 3.8975742 2.3090868 -3.0946403 0.7583003 1.4614441 0.49748486
 652.4 4.525723 3.170238 -2.2949183 2.013485 1.0098544 0.85253793
 652.60004 4.5822725 3.3351135 -1.3121216 0.43413207 0.5784595 0.58127034
 652.8 3.8494728 4.2824187 -2.05676 2.8522444 1.0070198 1.5455153
 653. 4.1921234 5.800681 -3.2016535 3.7359467 1.5949548 1.7644237
 653.2 3.720712 5.2995853 -0.75533277 1.948733 1.0139819 1.0437834
 653.4 4.390747 5.064421 -4.997594 2.0059805 2.4766657 0.94644725
 653.60004 4.302899 4.518116 -1.034871 2.6991692 1.721976 1.3994638
 653.8 3.9301991 4.1238756 -2.6341558 2.3729868 1.353005 1.0233648
 654. 3.1650162 3.9348664 -0.90519565 2.54525 0.7923646 1.1919147
 654.2 5.448901 4.4260693 -4.6725082 3.9079945 2.3367593 2.0122392
 654.4 4.4444447 2.9634154 -0.59658307 1.2343456 1.2145658 0.50056887
 654.60004 3.1058207 3.3171184 -1.4994595 2.5601993 0.6069305 1.2926571
 654.8 3.0828886 2.102636 -1.5808184 1.6767529 0.7810161 0.9304896
 655. 2.2648726 2.8617635 -1.4798756 2.0199177 0.75372225 1.0731905
 655.2 2.32942 3.7393336 -1.112364 2.3938358 0.50249934 1.336388
 655.4 3.4886956 3.875838 -0.4024499 3.3859284 1.1242965 1.7289788
 655.60004 2.9666672 3.8508682 -2.7141771 2.2001681 1.080557 1.1811365
 655.8 2.9885883 2.9329622 -2.4820778 1.1955298 1.2174935 0.68118757
 656. 3.6200516 2.6856077 -3.4410775 0.950606 1.9027903 0.7735585
 656.2 2.91438 3.2384067 -0.57530427 0.47344476 0.65946907 0.49025288
 656.4 3.7118058 3.0341134 -3.312642 2.0698879 1.5790159 1.0385529
 656.60004 2.9103875 4.071429 -2.4443934 0.6849495 0.8117441 0.97512543
 656.8 5.593173 2.9056926 -5.972633 1.8099151 2.9679687 0.92125964
 657. 4.985884 4.1994386 -2.9824467 0.2849055 1.3902014 0.26685855
 657.2 3.7296119 3.2460907 -0.8250138 1.5128543 1.1009151 0.9005276
 657.4 5.166667 3.0104537 -4.7373395 1.5259162 2.24902 0.41371858
 657.60004 3.215117 2.0399191 -2.4816482 1.4257855 1.1996435 0.7325338
 657.8 3.9964416 2.1162179 -2.4423923 1.0876299 1.2280631 0.67530704
 658. 5.312128 1.987962 -2.5265133 1.5375752 1.8494627 0.95031196
 658.2 5.167388 2.775935 -3.7858367 2.0052772 1.7750194 1.1578693
 658.4 3.8809123 2.7157373 -2.3534977 1.9383252 1.0861454 1.0481493
 658.60004 3.3134925 2.7790852 -2.384393 1.8635068 1.1439773 1.3600773
 658.8 3.3430161 2.7474754 -2.1688478 2.2210839 1.0732208 1.2914934
 659. 4.5650215 2.0174444 -2.8842297 0.5662474 1.5563986 0.6303308
 659.2 4.55475 3.051929 -1.5992529 1.0978208 1.2574477 0.7988981
 659.4 3.2456143 2.5314548 -2.2138922 1.8708447 1.6742184 0.9476301
 659.60004 4.3609304 4.931079 -1.1293977 2.131292 1.1912029 0.8722607
 659.8 3.5864918 2.4908433 -2.0921419 1.7729261 1.015633 0.9851883
 660. 3.8886402 2.9299333 -1.0380992 1.3007491 0.923711 0.9498046
 660.2 2.087115 3.692308 -1.3408159 0.31113976 0.83623105 0.7305885
 660.4 2.7272735 3.954546 -1.1133236 3.4394207 0.55153304 1.6137127
 660.60004 2.7213986 3.6676579 -2.1674833 3.471283 0.8944273 1.5514868
 660.8 4.9691296 3.5101686 -2.096931 2.2933638 1.0978546 1.091251
 661. 4.3404565 3.2645733 -3.815806 1.9130675 1.820046 1.0389104
 661.2 7.150998 3.1941578 -1.1333071 1.5976853 1.848131 0.9580574
 661.4 5.61529 2.806008 -3.4831793 1.2842782 1.7632674 0.6877606
 661.60004 3.9380722 2.7047455 -1.0977707 0.5725092 0.81039816 0.31945342
 661.8 3.843464 1.4813688 -3.3480496 1.4443824 1.6599361 0.8295647
 662. 3.4155517 3.8835983 -2.119587 1.2869856 1.0107669 0.5042262
 662.2 3.2715416 2.7814438 -2.07699 1.6305779 1.0320156 0.6434902
 662.4 3.5271175 2.541184 -2.3155782 1.3627244 1.5857629 0.7011374
 662.60004 3.887717 3.7805557 -2.350198 1.8696586 1.2049284 0.45220435
 662.8 2.6839576 4.567149 -2.5890307 1.5594473 1.2016442 1.0349289
 663. 7.39738 3.6100373 -2.8089702 3.0075402 1.3513886 1.4437953
 663.2 4.954955 3.2845535 -0.8160982 2.0891283 0.98045987 1.1570815
 663.4 5.357806 3.028323 -3.4521935 1.4604787 1.6309655 0.9262328
 663.60004 6.6530976 1.9407997 -2.1442657 1.2015678 0.94943583 0.64388525
 663.8 4.6679564 2.5572395 -5.4128222 1.7887102 2.8362694 0.6262713
 664. 3.8189073 2.8793702 -2.8039558 2.2474658 1.4299463 0.69453174
 664.2 3.443933 2.384721 -2.726504 2.1223824 1.2864141 0.8694598
 664.4 4.9373617 2.9719167 -3.2404149 0.84816384 1.625642 0.9527588
 664.60004 3.498798 1.8436283 -1.6982559 1.7646757 0.62318575 0.63752645
 664.8 3.4090915 4.635025 -3.1648784 2.009732 1.547572 1.5482881
 665. 2.9122818 3.5889459 -2.1418264 2.3262558 1.4085914 1.0330634
 665.2 3.1926131 3.3905292 -3.4422753 1.0922681 1.7856319 0.8885738
 665.4 3.4277902 2.31062 -1.8766124 1.6025736 1.152475 0.7025948
 665.60004 4.0032425 2.419099 -3.6207418 0.9893747 1.8459731 0.54953444
 665.8 3.7152176 2.6181922 -2.2980413 3.4063687 1.5597895 1.6879227
 666. 3.3577905 3.756017 -2.3089285 1.8309247 1.1385577 0.98709023
 666.2 3.0249875 2.807275 -0.1535865 2.0669308 0.78696674 1.109384
 666.4 3.6581502 2.6871626 -1.3787086 0.9627196 0.83166337 0.49416623
 666.60004 3.174604 2.5858598 -2.5617673 2.0522242 1.2024484 1.0575583
 666.8 3.0224094 4.9830275 -1.0716318 0.6598953 0.7542314 1.1166205
 667. 5.6111116 3.2671573 -2.539408 3.2855334 1.3382283 1.501394
 667.2 3.6261573 3.7164738 0.6919654 -0.38712317 0.80811393 1.1814774
 667.4 3.0192451 3.5707138 -2.0484388 2.8576014 0.9628242 1.3778785
 667.60004 4.7278686 3.873874 -2.3046837 3.2363665 1.0598897 1.5016991
 667.8 3.828813 4.6259737 -2.0592108 3.992043 1.0209976 1.622674
 668. 3.4148154 5.721154 -1.7608268 3.1221051 0.8234965 1.394502
 668.2 4.21727 4.1085763 -3.9478664 1.8274701 1.6429439 0.75584906
 668.4 4.307359 4.4797807 -3.5269558 3.5263884 2.0737748 1.6138811
 668.60004 3.41517 3.6215541 -3.761324 1.5972863 1.7408838 0.6862202
 668.8 4.2723484 3.4601269 -2.3440573 1.216126 1.3823512 0.61161274
 669. 4.914331 2.8354983 -1.1456674 1.0733967 1.1202134 0.5472931
 669.2 3.5654728 3.1529865 -0.7503654 2.1693938 0.7667093 1.0596421
 669.4 3.4164948 3.2645195 -3.271147 1.7770433 1.3775145 0.89808875
 669.60004 5.081914 5.131043 -3.5910532 4.554818 1.9443698 2.5270655
 669.8 3.6572309 4.3488765 -0.34013683 2.765134 0.4209371 1.4027208
 670. 3.758596 4.353398 -0.8360095 2.8321478 0.7699227 1.6124465
 670.2 4.0168386 3.1239076 -1.6778114 0.9730076 0.80893236 0.92012143
 670.4 3.9436474 4.2010465 -1.3720621 1.95291 0.62674695 1.1796494
 670.60004 2.914104 3.7794876 -1.47791 2.4657302 0.9745188 1.213604
 670.8 2.4163175 3.5484333 -1.9822569 1.9353017 1.153282 0.6843875
 671. 4.3807487 5.4218664 -0.45027542 1.660091 0.55657077 0.8961252
 671.2 3.334723 3.2701728 -2.3476412 1.0283737 1.0232111 0.7185726
 671.4 4.5317683 4.108696 -2.2984872 1.429365 1.2681049 1.103739
 671.60004 4.546546 4.4662313 -2.3239896 3.2332141 1.1873018 1.5562077
 671.8 5.5392885 4.439394 -5.3280096 2.772126 2.3977528 1.4885036
 672. 6.03974 3.5420837 -2.7204494 3.2891297 1.3822047 1.9023349
 672.2 3.8173916 2.904347 -2.1229873 3.6521251 1.0328083 1.8571643
 672.4 2.911719 2.4636002 -0.22755776 1.7373421 0.8049668 1.1036667
 672.60004 3.1471038 2.678985 -2.0513723 2.4505415 1.0704018 0.9496432
 672.8 3.8201861 2.7895718 -2.1525898 2.435992 1.0364329 1.1596401
 673. 4.1877594 3.2165494 -2.3439837 1.7526028 1.4715558 0.909721
 673.2 6.491156 4.5807014 -5.5406227 0.895268 2.7354872 0.78170097
 673.4 4.9007936 4.256813 -2.9468963 2.5767293 1.4242338 1.183672
 673.60004 3.9234643 3.0505054 -3.0484464 1.8155196 1.5252109 0.81046796
 673.8 2.4522073 3.3876083 -1.254432 0.84729224 0.58805656 1.3232992
 674. 5.1549907 3.2105956 -7.827444 3.0216286 2.1315386 1.5059608
 674.2 4.409371 3.7591991 -3.0809414 1.8013626 1.4454292 1.8056662
 674.4 4.300495 3.4979603 -1.5283731 1.4452087 0.65171516 0.94365233
 674.60004 3.1261256 3.4709134 -1.700251 1.2688477 0.8170807 0.70679337
 674.8 2.7561421 2.631726 -0.58696425 1.1470872 0.4200157 0.78162557
 675. 3.2869308 3.1056626 -1.8732686 1.266226 0.8992927 0.67339426
 675.2 3.8482094 3.0233936 0.4269141 1.989769 0.4752817 1.046272
 675.4 3.636024 2.9321036 -2.6560078 1.6744974 1.2636204 0.90736043
 675.60004 3.6072342 3.9858978 -2.521596 0.86548877 0.99004126 0.53895
 675.8 3.7309341 2.3592997 -1.3541536 1.5577127 1.1452622 0.5405537
 676. 3.8770466 3.376557 -1.4398463 -0.54901683 0.7080014 0.7218485
 676.2 7.0577507 3.5059407 -3.3011627 2.189783 1.6384192 1.1063896
 676.4 5.3006973 4.219616 -4.1450777 1.5692288 1.6161374 0.9585634
 676.60004 4.5020437 3.1111114 -2.0855024 3.3414662 1.0218987 1.5402938
 676.8 4.9277983 3.4239929 -6.177812 1.3521683 3.0052462 0.8281812
 677. 4.6640263 2.7028306 -2.401272 1.2518437 1.5084296 0.47041386
 677.2 4.2596827 3.275042 -1.305853 2.0294127 1.277948 1.2470235
 677.4 4.2984133 2.8830209 -1.1023375 2.2057025 0.9512977 1.3237169
 677.60004 4.232051 2.9605725 -1.8808194 2.1359634 0.95375335 0.91045016
 677.8 5.0952387 3.152942 -1.4829053 1.3720108 0.7145131 1.0920047
 678. 3.4297435 2.2479339 0.6186902 2.3691907 0.28310177 1.1934448
 678.2 2.0479133 2.8371346 -1.5907671 2.0438135 0.7209235 1.0290428
 678.4 4.376631 3.1652665 -0.768002 2.2368195 1.2801737 1.0554354
 678.60004 2.82729 3.234404 -3.4366605 1.846273 1.7149049 1.0708376
 678.8 3.9685967 3.1282458 -0.073800765 1.3290428 0.48874527 0.7863266
 679. 5.5229564 2.4367158 -1.1213561 1.6836737 1.535578 0.9384192
 679.2 3.1887267 2.3835988 -3.1700306 0.13072379 1.4153782 0.6609537
 679.4 3.7202384 2.4726262 -2.538297 1.7167642 1.2913353 0.7454355
 679.60004 4.7142863 2.532475 -1.1641536 1.7388788 0.58086 0.97911566
 679.8 3.4366016 2.805608 -3.6630905 1.0507755 1.6975939 1.007558
 680. 3.554639 2.5145776 -2.033871 1.7482702 1.4964755 0.9887293
 680.2 3.7153525 2.0187244 -4.1780787 1.6180409 1.9106063 0.8800149
 680.4 4.356562 2.5605328 -4.0947876 0.4218896 2.0734518 0.54987454
 680.60004 3.4793866 2.3481274 -0.54546434 1.6257447 0.77722853 0.8617657
 680.8 3.890464 2.4603183 -4.5615726 -0.95428705 2.5614657 0.48072234
 681. 4.4269295 2.121071 -1.6674739 2.297802 1.3245595 1.2682449
 681.2 3.366796 3.2270794 -3.3145757 1.64112 1.5922616 1.0155331
 681.4 4.7153096 3.956227 -1.8285369 3.3986897 0.8129382 1.7118851
 681.60004 3.1025646 4.1342382 -2.3687005 1.3587207 1.1203682 0.95035654
 681.8 2.6767826 3.3055832 -1.4483749 2.9833848 0.74207175 1.4479389
 682. 3.2028987 5.273519 -1.2951398 3.7432508 0.7303934 1.6769165
 682.2 3.4518523 3.4188037 -0.35057497 2.9166949 0.45556957 1.3103784
 682.4 3.5615635 3.7439027 -2.0916345 0.305296 1.0345802 0.4806756
 682.60004 2.5275588 2.0030308 -1.4046266 2.1588805 0.8491959 1.2757791
 682.8 3.492064 2.0039744 -1.9625396 2.0536659 0.8660509 0.89552534
 683. 5.006091 3.2682424 -0.7473572 2.9511776 0.7119725 1.5561537
 683.2 3.1895804 2.9158256 -1.9962544 1.2900758 1.071368 0.98544776
 683.4 3.9945652 2.8298378 -1.2626381 1.6821415 1.2704831 1.0233622
 683.60004 5.142135 2.7834623 -2.0185359 1.4096533 1.0174377 0.6647486
 683.8 7.1190476 3.4338048 -2.6000373 1.4213606 1.3869644 0.69709367
 684. 2.8151498 3.591432 -1.759522 0.44120598 0.7189265 0.9160313
 684.2 3.2422874 5.177942 -3.6653454 3.272468 1.8767904 1.3057195
 684.4 3.6041207 2.9962268 -2.080649 1.6390985 1.0130315 0.8340697
 684.60004 5.1484385 5.520858 -4.3239465 3.739774 2.3036382 2.1764216
 684.8 4.0028787 5.006788 -2.6249008 1.177284 1.1794188 0.75430304
 685. 4.481481 5.243903 -1.6991645 3.2558393 1.0782465 1.653553
 685.2 4.120083 4.216794 -2.6341546 1.7470065 1.3634001 0.7704507
 685.4 4.2981253 3.3341136 -2.3075192 2.064333 1.2203119 1.0118328
 685.60004 3.288154 3.4455051 -1.5579922 2.8541913 1.0439397 1.1058931
 685.8 3.5050507 4.004287 -2.4249294 2.3122091 1.438562 1.0032595
 686. 4.3271036 3.2406335 -1.6809223 0.70577955 0.9670956 0.87168026
 686.2 3.671854 1.7981758 -0.39004204 1.6634836 0.6919702 1.0632867
 686.4 3.1865058 4.121076 -3.8360524 2.667383 1.7300656 1.6006341
 686.60004 4.605181 5.929347 -4.8742013 3.7194076 2.614283 2.3767097
 686.8 3.1327069 6.111854 -2.1296067 2.4951112 1.1659353 1.4322462
 687. 3.6574242 4.320608 -2.651346 2.471225 1.3110358 1.3976737
 687.2 4.1852393 5.669265 -1.9181017 2.168607 1.0207831 1.0820476
 687.4 3.7259262 7.5703254 -2.276217 3.7518172 1.5310494 1.9349061
 687.60004 2.6916962 4.5679975 -0.9551109 1.7235557 0.611997 0.79765296
 687.8 3.4114966 4.624339 -2.8875334 2.2270343 1.4962454 1.2165481
 688. 4.260274 3.5374427 -0.57705724 2.1784747 0.7739608 1.2036096
 688.2 3.1038692 4.607707 -1.997873 2.0561335 1.110329 0.8860228
 688.4 4.676287 4.318603 -2.314252 2.3573723 1.1297677 1.2155892
 688.60004 4.9675636 3.9571476 -0.4667856 0.8759063 0.29660797 0.5955625
 688.8 4.07817 2.2870004 -1.8262612 1.2009256 0.8889573 0.639065
 689. 3.6871486 3.2928898 -0.71289885 0.80489415 0.96262914 0.72373706
 689.2 2.8743637 2.899399 -1.9712889 2.189552 0.92032194 1.329601
 689.4 5.954124 3.733733 -2.6625564 2.666619 1.4516639 1.2854018
 689.60004 6.8651323 2.6396394 -6.0856333 2.1255403 3.5974824 0.9642972
 689.8 5.5682344 3.5149117 -3.7871563 1.8410078 2.0562165 1.0664419
 690. 5.1595893 3.758862 -4.088321 1.3423995 1.9792134 0.90352404
 690.2 3.6124344 5.0232086 -1.8647387 4.9618435 0.84478676 2.4045918
 690.4 2.8134346 3.4095886 -2.8529425 2.3046074 1.5157079 0.9923116
 690.60004 3.9960198 2.6369078 -1.0574602 1.3125087 0.49910113 0.6184841
 690.8 3.2705383 2.9675403 -2.3629594 1.6044704 1.2092341 0.9887492
 691. 5.833334 3.8148143 -6.4880257 2.12318 3.2983632 1.094264
 691.2 3.539842 4.1143255 -1.5252576 2.467421 1.12666 1.3858494
 691.4 4.06571 3.5743275 -1.8016012 3.2182255 0.9243543 1.5414066
 691.60004 3.4885292 4.3548055 -1.7321616 4.2900796 0.8054707 2.0596802
 691.8 3.981324 5.093567 -1.659965 -0.3164579 0.90735185 0.30546415
 692. 3.2087276 3.618177 -0.7491806 2.9780774 0.65005946 1.6090316
 692.2 3.732058 3.8241112 -1.8965288 2.6856916 0.96605337 1.0964056
 692.4 3.795159 5.0687833 0.23489031 5.221538 0.58094037 2.665535
 692.60004 2.9957478 6.0279813 -1.2365657 2.9876704 0.9361814 1.4756683
 692.8 4.102181 4.9362288 -5.3072376 2.724841 2.1042166 0.9295606
 693. 3.5723357 6.978839 -1.7825801 1.5648646 1.3098814 1.2821527
 693.2 7.902565 4.7708526 -8.038763 1.5528835 3.9081328 1.7794349
 693.4 5.0429325 4.625885 -2.2804735 4.2422934 1.2063109 2.3293993
 693.60004 4.668891 2.4827197 -2.5001745 1.5688375 1.2461113 0.7545131
 693.8 5.3968263 2.418077 -2.4928608 1.4381166 1.1190352 0.7066234
 694. 3.5062034 2.7991571 -1.4092525 1.624156 0.71835417 0.9313394
 694.2 4.123771 2.432201 -2.8318992 0.9073543 1.2067552 0.61214185
 694.4 4.1041293 3.0133266 -2.413012 2.2145185 1.0899991 1.194976
 694.60004 4.002294 3.2626705 -1.1697557 2.4123359 1.3030607 1.1090071
 694.8 3.3350387 3.544498 -2.4110327 2.9081168 1.1141299 1.5387975
 695. 3.7463899 3.420649 -2.4299233 1.2202727 1.3110567 0.84446365
 695.2 2.671991 2.8378303 -1.7263988 1.5564014 0.8897644 0.9027029
 695.4 4.5325923 2.3270326 0.08590053 0.27862173 0.88641655 0.6671663
 695.60004 3.78453 2.9466321 -1.8079857 1.7039262 0.95589435 0.8616685
 695.8 3.0437717 3.2888806 -1.13779 3.0143583 0.60355544 1.6215477
 696. 3.5511613 3.1287072 -2.2196858 1.1666281 1.0718963 0.75094754
 696.2 2.8696983 1.7811239 -1.8158923 2.401219 0.29797944 1.1541276
 696.4 3.1152909 2.3540573 -2.4422362 0.07356326 1.566936 0.64984816
 696.60004 3.8461041 2.1543229 -0.8779873 1.4157144 0.84813166 1.0378028
 696.8 2.7771459 1.7663105 -1.7860817 1.2737114 0.8394525 0.67926127
 697. 3.1640666 1.1782557 -0.2623436 0.80668545 0.923076 0.82207453
 697.2 2.713136 3.3604844 -2.8507915 2.1249268 1.3934121 1.1028972
 697.4 3.7608228 3.1307702 -1.817456 1.2520142 1.4298351 0.7429911
 697.60004 4.1146116 2.1868846 -4.2297554 1.8023124 2.1062121 0.79389507
 697.8 3.2462234 2.1874137 -2.6212602 2.390306 1.4600441 1.2270088
 698. 3.0472586 3.7399411 -1.7586074 1.0714722 1.1608846 0.70325917
 698.2 2.1356432 2.8815231 -1.6792061 1.7958063 0.69098026 1.0103099
 698.4 3.1481488 2.4805202 -1.999082 -0.30079138 0.83813983 0.6096354
 698.60004 3.80303 3.1284404 -4.775794 2.155492 2.224341 1.0772159
 698.8 2.7584367 5.613994 -2.60196 -1.8746952 1.4392279 0.98976886
 699. 4.51422 3.7660089 -1.2852229 3.0360665 0.41250363 1.3261855
 699.2 2.7128868 4.7540803 -1.070148 1.8461277 0.43838122 1.0721751
 699.4 4.3571424 2.5756743 -4.1695123 2.536593 1.9474466 1.2433864
 699.60004 4.4759474 4.1020446 -2.0686297 2.2515323 1.8432302 1.2153531
 699.8 3.3550754 3.7376513 -2.540659 1.8247746 1.2027715 0.9516564
 700. 4.8366914 4.033335 -2.1123 2.594737 1.2019305 1.3790802
 700.2 5.305379 4.4124293 -3.115559 2.7056842 1.3992532 1.293993
 700.4 4.1959906 3.6375556 -1.1451797 0.32877606 0.9069208 1.1055595
 700.60004 3.5057347 3.123905 -1.5934027 3.1414862 0.99309367 1.3129988
 700.8 3.960846 2.5333345 -3.268991 2.2490249 1.3911096 0.89128363
 701. 5.7875824 2.1230779 -3.83347 1.1018957 2.023355 0.8597629
 701.2 5.6346807 2.50376 -3.6544225 0.69048613 1.7678677 0.37285712
 701.4 2.654609 2.2692318 -1.7892392 1.3205535 0.845217 0.67162025
 701.60004 4.4690127 3.3539987 -3.8800325 1.1142387 1.7756587 0.5906402
 701.8 4.960352 4.8613524 -2.3184762 3.605295 1.2342526 1.546568
 702. 4.0746365 3.805556 -0.6765019 2.258551 0.618026 1.1600639
 702.2 4.6702175 2.8802447 -1.1044675 1.631861 0.53105915 0.87489736
 702.4 3.5806165 2.529881 -0.32633674 0.82809556 0.79802763 0.46414244
 702.60004 3.059234 2.3667579 -1.5674192 1.581181 0.76899266 0.86821234
 702.8 5.000244 3.7745197 -2.2728515 2.27143 0.9895807 1.2791233
 703. 4.7198377 4.2236447 -3.800372 2.7844548 1.5842556 1.3200301
 703.2 5.77267 3.2664056 -2.2377806 1.1133395 1.6430564 0.90402144
 703.4 5.472945 2.8571434 -3.4871092 2.0662048 1.7931479 0.8188592
 703.60004 4.894326 3.069643 -3.0896597 1.8962367 1.2432983 0.96928513
 703.8 4.5112414 2.7106235 -1.5322433 1.4894495 0.91102856 0.72951907
 704. 3.1460145 3.1733708 -3.5232413 1.7329648 1.7431706 1.2378863
 704.2 4.2328043 4.183808 -1.9521749 4.9470453 0.8421953 2.5755684
 704.4 4.304958 2.8091903 -2.3973753 1.5065757 1.2770267 1.0296248
 704.60004 4.616435 3.0537899 -1.9697857 2.5212915 1.0249712 1.6205575
 704.8 7.502022 4.9404836 -6.8103867 4.7680683 3.3542242 2.2693827
 705. 5.8059034 3.0479507 -3.834829 1.279426 1.8494562 0.7768857
 705.2 3.547847 2.8636374 -2.2201734 1.3764061 0.98094064 0.37660503
 705.4 3.5238101 3.0694766 -2.9413974 1.7736315 1.7737321 0.9226991
 705.60004 2.6909318 3.7584102 -3.0773938 2.4550412 1.5284653 1.2662991
 705.8 3.2829463 2.453443 -1.8011068 1.3844995 1.3411288 0.946926
 706. 4.501851 2.9542491 -2.45089 2.621958 1.2519795 1.2149305
 706.2 3.2295635 1.5950232 -1.8371596 2.1436896 1.0413542 1.1757679
 706.4 3.079401 2.965297 -1.7940469 0.31092012 0.823033 0.7810725
 706.60004 4.064011 1.7251253 -1.6864216 0.97342545 1.2461866 0.45965368
 706.8 3.2174497 3.496241 -2.8792386 3.4430897 1.4633102 1.8902018
 707. 2.7835963 3.4188743 -1.5325203 2.545808 0.88036156 1.2953835
 707.2 5.279902 3.0496185 -0.0066285683 0.8665243 0.9835364 0.78704065
 707.4 5.960521 2.2675385 -0.70524246 2.034471 0.79308456 1.2562315
 707.60004 3.1158175 1.9442084 -3.093899 1.2506416 1.6629058 0.552452
 707.8 5.894116 2.2435906 -2.6261015 0.2578783 1.4636106 0.43144742
 708. 4.1007833 1.76695 -3.2850611 0.45726284 1.6545053 0.5806443
 708.2 2.947206 2.2589035 -1.4593748 0.6594261 0.61940396 0.55822676
 708.4 2.756511 2.5673478 -1.4873618 1.233942 0.73970395 0.6572162
 708.60004 3.3631954 3.1310606 -0.3603303 2.7734818 0.45527673 1.303097
 708.8 4.9439454 4.1338644 -4.3268256 3.5307708 2.1719558 1.1793795
 709. 4.046137 4.4066286 -0.60202044 2.6114438 0.50740707 1.6640499
 709.2 3.821822 2.8754406 -2.961454 2.6706128 1.4815284 1.3920563
 709.4 3.5199692 2.9085867 -1.9642917 1.7560036 0.8018529 0.960352
 709.60004 4.1835027 2.3405406 -3.6706364 1.6282004 1.1320636 0.9889072
 709.8 3.7083335 3.003402 -0.3426286 1.6041707 0.5497788 1.0398383
 710. 2.6666677 3.0007222 -2.9839718 1.6975663 1.4745011 0.97125626
 710.2 4.4812026 2.0103831 -3.6230721 1.7929776 1.8111334 1.0337534
 710.4 5.4733324 3.4874146 -3.2859373 1.8386418 1.5985026 0.58899647
 710.60004 5.0949607 3.0428016 -3.5620565 2.1653337 1.7669823 1.130523
 710.8 5.265029 3.7409382 -2.9122198 1.1695378 1.6495981 0.6499592
 711. 5.0733285 3.852632 -1.9547216 1.992124 0.9693356 0.99625146
 711.2 6.87028 4.697259 -5.044102 0.51985604 2.7242222 0.80361253
 711.4 4.87166 4.903868 -4.8931 3.221664 2.432981 1.526545
 711.60004 5.283194 4.815529 -2.2537308 1.467587 1.0644292 0.6539596
 711.8 5.2826495 4.7406635 -3.054852 3.317924 1.5367527 1.7220067
 712. 4.2739496 3.1847637 -0.9105265 2.1828249 0.5362546 0.92942345
 712.2 3.462644 2.844625 -0.25617844 2.8720949 0.61884946 0.95976174
 712.4 4.6712103 3.0223048 -1.7878535 0.95295984 0.9957771 1.1907699
 712.60004 4.54486 3.9441268 -3.5903435 -0.38072702 1.9696326 0.8102228
 712.8 4.5225883 4.0903215 -1.967006 3.3266168 0.9917657 1.5448298
 713. 3.4978995 3.9109619 -2.747114 1.4089159 1.3623493 1.4127337
 713.2 3.9619446 3.2262127 -2.7463117 2.208699 1.3695918 1.0392407
 713.4 4.697109 3.381167 -1.7597262 1.4713386 1.3229926 0.88224304
 713.60004 3.514768 4.139871 -1.7871445 3.9488332 0.97342783 2.383957
 713.8 3.3001258 3.8634923 -1.8373805 3.641767 0.7667861 1.8208454
 714. 2.7476468 3.8565693 -1.2513665 1.4853655 0.32788214 0.77285045
 714.2 3.1630557 2.7267807 -2.0467427 0.7343621 0.9956318 0.3568477
 714.4 5.7731485 3.226211 -3.3156223 0.26397264 0.75387734 0.47960946
 714.60004 7.231801 2.449337 -3.4681287 1.98029 1.3978696 1.1811854
 714.8 6.643538 2.381319 -1.9564576 1.6414192 1.4913117 0.93213844
 715. 3.6420128 2.526109 -2.46127 1.4246899 1.1684774 0.747238
 715.2 4.715177 2.3846161 -3.841297 0.64073354 1.8318633 0.23633312
 715.4 3.326894 2.681213 -1.3295709 0.6460417 0.90327674 0.8752341
 715.60004 4.853572 3.885154 -5.5581155 3.125679 2.7610521 1.8477411
 715.8 4.575107 3.8227997 -4.6388636 2.4246535 2.2502992 1.1634789
 716. 3.699347 3.8020177 -1.83366 1.2543676 0.8373172 0.64183503
 716.2 3.2247288 2.8924687 -2.4955935 0.847935 1.2742356 0.32513604
 716.4 3.8995128 3.0371387 -0.48085567 1.9476062 0.9457447 0.92742085
 716.60004 3.245422 2.3549209 -2.7265534 0.5342242 1.4471928 0.5190956
 716.8 4.6587305 2.1938682 -0.14112292 2.2017944 0.9111986 1.2903316
 717. 4.180612 2.8918936 -3.2500877 -0.80201256 1.7539897 0.71679544
 717.2 4.7628813 3.1919787 -2.6057158 2.3953006 1.0583756 1.4140123
 717.4 3.303168 3.2022922 -1.4581393 1.8690077 1.3216044 0.4010482
 717.60004 2.7666366 3.03281 -2.26674 1.9609898 0.9393278 1.0569205
 717.8 3.334198 2.8668392 -2.1863632 1.236385 1.3325764 0.838372
 718. 3.4084466 3.484858 -3.7161286 3.3062527 1.7837685 1.60477
 718.2 3.998977 4.4504957 -3.4704928 0.74548084 1.4152534 2.0787842
 718.4 4.4027786 4.8592634 -1.645776 4.7085457 0.93805206 2.3677096
 718.60004 4.1998186 4.932692 -4.512021 2.3163168 2.3955648 1.1693153
 718.8 2.2782454 3.0480726 -1.9550096 0.9193666 0.84547037 0.54876447
 719. 5.3769846 3.6665149 -4.5594916 1.0817324 2.257391 0.79243374
 719.2 4.6096506 2.8528237 -2.2156122 1.2143784 0.72592825 0.80637604
 719.4 4.03675 4.233941 -2.5515506 3.6160603 1.6362519 1.5543703
 719.60004 3.6971505 5.326924 -1.5714663 1.9398427 0.72681135 0.9894188
 719.8 2.683659 3.506543 -1.2361901 3.402128 0.7921021 1.752742
 720. 3.6426075 4.7690206 -2.0208232 2.9742532 0.8178895 2.0139158
 720.2 3.4764328 3.9771914 -2.1352422 3.1151824 1.0727184 1.5653982
 720.4 2.8683822 2.9030004 -1.4044164 1.8150774 0.75348455 0.59771645
 720.60004 2.8892825 2.8258379 -2.1048877 1.9789119 1.0708393 0.9563723
 720.8 2.4485135 2.764645 -0.8722203 1.6382912 0.3355268 0.6590792
 721. 3.3684201 2.0971823 -2.154551 1.9176325 0.8449437 0.9985452
 721.2 5.45331 3.2296169 -4.3396573 1.4032307 2.0856607 0.84134674
 721.4 5.1882925 2.3457022 -1.7425547 2.057699 0.9076036 0.9843078
 721.60004 4.543993 5.1623774 -1.9069841 4.6420636 1.1615589 1.5347693
 721.8 4.0946736 3.5812333 -2.76765 2.756213 1.5286745 1.4442228
 722. 2.9754696 2.6714294 -0.4361447 1.1615498 0.8260821 0.4971516
 722.2 2.6795406 2.5968227 -1.0785822 1.8985343 0.5093738 0.9095899
 722.4 1.5533936 4.3333335 -1.2080718 2.1295855 0.67054754 1.2498395
 722.60004 7.3612747 2.2098575 -5.9583135 0.9804863 2.992029 0.55513513
 722.8 6.4106903 3.2160022 -2.6386058 1.505293 1.3329312 0.7923706
 723. 4.979686 2.2149646 -2.9990842 0.82551694 1.4724579 0.5269383
 723.2 7.641118 1.4059343 -6.344172 1.0279657 3.0255718 0.8050539
 723.4 3.9545429 1.9808162 -3.6205215 1.1071315 1.9439589 0.68137836
 723.60004 4.1683464 1.8954246 -3.4926143 1.9613642 1.7441936 1.1496644
 723.8 4.101024 2.628226 -4.449923 1.3656685 2.3579392 1.0016099
 724. 2.9285724 3.120042 -1.2681799 3.1854753 0.40582994 1.6529753
 724.2 4.875732 3.4669259 -2.48585 1.7292256 1.337397 1.1363548
 724.4 10.840457 2.7445347 -7.4918694 2.6341865 3.170664 1.3333249
 724.60004 7.002973 2.780805 -2.06745 1.1520115 0.9006686 0.52831733
 724.8 3.2230396 3.1243865 -1.3366734 3.2997088 0.6084583 1.5912758
 725. 3.8790028 2.7259514 -1.2986932 1.3366662 0.94840306 0.668297
 725.2 3.6918023 3.972324 -2.193819 1.6058284 0.8290404 1.0097028
 725.4 3.5252109 2.9946957 -1.9780095 1.9922824 1.2938033 0.94902605
 725.60004 6.290728 3.5119052 -5.4376454 1.5377365 2.7108274 0.9828637
 725.8 6.4227057 3.269998 -5.3023376 1.459879 2.6088064 0.822947
 726. 4.868367 4.125946 -2.9664333 0.21233717 1.426536 0.86532044
 726.2 6.648692 3.5447094 -3.2502244 0.9870304 1.7775339 0.5779372
 726.4 6.7209153 2.3462412 -1.8708211 2.7342246 1.1043402 1.3019009
 726.60004 4.816573 2.6048725 -4.371893 1.9104198 2.191217 0.95820045
 726.8 5.3959374 2.9924192 -2.713304 0.8223879 1.2570237 0.69713956
 727. 3.7285976 2.0166154 -2.3469446 1.7705393 1.0627793 0.8980228
 727.2 4.2578444 2.152728 -2.8227115 1.3053893 1.3588487 0.6623871
 727.4 3.9667122 2.353847 -0.54473585 1.8249296 0.34733066 0.90757185
 727.60004 3.0913455 2.593844 -2.8471293 1.7381064 1.3632519 0.58358663
 727.8 3.0078554 1.548013 -1.7175964 2.3843942 1.0413564 1.1961197
 728. 3.6650796 1.910203 -2.8606346 1.3867329 1.3461668 0.7737026
 728.2 4.4581604 3.1997476 -0.61956704 1.6482053 0.38547072 1.057515
 728.4 3.7917209 3.108184 -1.6007165 1.662691 0.6727463 0.9637956
 728.60004 3.8220227 4.1666665 -2.514848 2.567667 1.2009639 1.3877995
 728.8 3.3975818 2.7161183 -1.5587963 1.0949816 0.88700265 0.44595838
 729. 4.3579426 3.5273666 -3.223338 2.71656 1.250766 1.240635
 729.2 4.6212225 4.0051913 -3.375231 1.8415767 1.6503835 1.0513319
 729.4 4.6247993 2.7258654 -2.5271525 0.8175225 1.4641951 1.0603285
 729.60004 4.6735334 4.323688 -3.580993 1.9647073 1.6467764 1.4708048
 729.8 7.350395 3.3818862 -3.6198137 2.2115896 1.8288853 1.1591341
 730. 4.565827 3.0915182 -0.53422076 0.419826 0.5971432 0.94576216
 730.2 3.7518165 2.8216224 -1.96428 -0.24994525 0.9874294 0.44090468
 730.4 3.001877 4.257869 -1.3911616 3.8075416 0.66567135 1.9340388
 730.60004 2.5088658 4.316514 -1.8107927 1.1401122 0.73938376 0.9368184
 730.8 3.1582637 3.819014 -4.1341763 3.5395749 2.0049071 1.7155308
 731. 4.391638 4.1410255 -1.3587193 2.2848692 1.6179072 1.0991436
 731.2 6.318652 3.42693 -3.028383 1.671401 1.2636348 0.90142
 731.4 4.332315 3.508065 -1.6813413 0.9183352 0.8044202 0.75138915
 731.60004 4.6656265 3.8514569 -2.2190897 4.2199087 1.135464 1.9792867
 731.8 7.071626 2.579471 -3.2087808 2.4648533 1.953829 1.1073849
 732. 8.238382 3.6879592 -5.030365 2.421492 2.532019 1.1519495
 732.2 7.0898285 4.0374084 -4.1986403 4.089061 1.9671267 2.026026
 732.4 4.420455 3.6371608 -2.7834888 2.189359 0.96636695 1.4214165
 732.60004 7.6458793 3.1292207 -3.280909 0.9645625 2.073416 0.52127385
 732.8 6.6094475 3.1866436 -2.5752113 1.3423811 1.3678191 0.9615968
 733. 6.9088798 3.547831 -4.2241116 0.92839944 2.1282158 0.6274673
 733.2 6.6428576 2.6599615 -1.5547434 1.4346917 1.2197697 0.7710219
 733.4 5.0508223 2.9163768 -4.50556 0.7429853 2.2787025 0.6420095
 733.60004 5.219278 2.7564778 -3.0995016 2.0479374 1.5668873 1.1425147
 733.8 4.4776535 4.486522 -1.2575215 2.4066749 0.77682173 0.9887572
 734. 4.7272725 3.8634381 0.5106537 3.760628 0.5173909 1.6896486
 734.2 5.370675 3.2813103 -0.48212162 0.69759 0.80036575 0.73881185
 734.4 3.8436189 4.9511504 -3.8695157 4.501746 1.5137221 2.2040622
 734.60004 6.8802366 5.1617293 -5.6753087 2.2496765 2.774557 1.2772733
 734.8 6.541027 3.8353176 -3.9044309 2.3895478 1.8457999 1.1701137
 735. 4.0140142 3.6002362 -1.6995674 2.7913554 0.8585775 1.5026579
 735.2 4.362372 3.356134 -1.0921677 2.0889826 1.0151306 1.2116334
 735.4 4.1057644 3.8721004 -3.7536309 4.271969 1.8978746 2.1098218
 735.60004 4.1994143 4.4188643 -0.45362818 2.5530193 0.7470307 1.4863434
 735.8 4.8307276 4.682433 -3.6249537 2.6499202 1.8185542 1.3358169
 736. 4.3675456 3.9819252 -1.7054899 2.261271 1.4250398 0.8859484
 736.2 2.9063575 4.397538 -2.7961774 2.3959944 1.2977718 1.2499403
 736.4 3.514098 2.790384 -0.96369857 1.4570186 0.53244215 0.36492997
 736.60004 3.4650865 3.2013295 -2.3224213 2.216756 1.061872 1.1663564
 736.8 4.177913 3.2181382 -2.7291741 2.014482 1.5054706 0.70860976
 737. 3.3624387 2.8916154 -1.0371639 2.2895339 0.9524796 1.3324734
 737.2 3.8162766 3.4744408 -2.792746 1.4549814 1.0523351 0.7435053
 737.4 3.7797523 3.2185147 -3.8173604 1.0650449 1.6770462 0.9026086
 737.60004 5.0615897 2.4278886 -5.0130982 1.741243 1.8798515 0.9305643
 737.8 4.166667 2.467831 -2.9845777 0.8375299 1.4477099 0.66041535
 738. 6.8167396 1.981115 -6.8050284 1.4055893 3.4037406 0.6740806
 738.2 6.085715 3.3638592 -4.484774 0.13394146 1.94882 0.501984
 738.4 4.357179 2.3174613 -2.1513197 1.341614 0.91063905 0.78011304
 738.60004 5.3181815 2.2667623 -1.6785035 2.427865 1.0307636 1.2370886
 738.8 4.5470395 2.311392 -4.9073434 1.2029891 2.4613001 0.54186684
 739. 3.704213 2.0210538 -3.29511 1.5136583 1.7879198 0.7587803
 739.2 2.5527775 2.7780225 -0.84353507 1.7729578 0.9025138 0.8684734
 739.4 3.2584043 4.0793653 -2.25216 2.1462228 1.2228634 1.1284974
 739.60004 2.4227262 2.828034 -1.492524 1.6161476 0.75609416 0.6926556
 739.8 3.4943733 2.2341835 -2.4421444 1.3756064 1.3007985 0.6616271
 740. 3.2028992 4.1138997 -1.715313 3.051221 1.0609149 1.6361303
