 300.2 3.6861832 1.3653494 5.655627 0.17265256 0.07612916
 300.4 1.9575628 1.6644112 5.045977 0.1513706 0.078493804
 300.6 2.919614 0.8250438 4.6737885 0.060879737 0.032210086
 300.80002 2.88027 2.1945496 4.6997924 0.18677855 0.106004775
 301. 1.5426513 2.2116747 5.4361672 0.05095261 0.099723935
 301.2 3.4011302 1.4890424 6.1456046 0.22736138 0.08395833
 301.4 1.6763273 4.2310166 6.539987 0.11142398 0.35998932
 301.6 3.9876213 4.0491176 9.74359 0.25460434 0.19377597
 301.80002 1.333672 4.697816 5.637769 0.076479234 0.19909203
 302. 3.4002895 1.7339866 5.9175196 0.17423202 0.029402727
 302.2 2.5017056 3.3243318 5.5586634 0.13478057 0.3417491
 302.4 3.604856 1.698768 7.4976835 0.5366437 0.115068965
 302.6 1.5219301 3.0761836 4.9184155 0.08944223 0.21756107
 302.80002 3.412046 2.64535 6.4828043 0.049747527 0.26287374
 303. 2.883871 2.8958561 6.9778457 0.2151094 0.3656951
 303.2 1.2950144 2.9794028 5.8618765 0.04025099 0.18701488
 303.4 3.6288521 1.0777692 4.864131 0.17248116 0.07194961
 303.6 2.993311 2.4790218 4.4116426 0.23631467 0.15031375
 303.80002 2.3795364 2.088228 5.625095 0.15406832 0.14072973
 304. 4.0699506 2.586248 6.351498 0.34967843 0.06473866
 304.2 2.8227763 1.4940594 6.1671886 0.11387932 0.11490781
 304.4 1.7206986 3.0391014 6.2424245 0.21476115 0.09064072
 304.6 2.4544947 1.6036828 5.803288 0.2167257 0.17352061
 304.80002 2.6630657 2.2003653 6.005291 0.07784906 0.122128665
 305. 3.1575007 0.57423973 3.8978188 0.10582259 0.072335325
 305.2 1.3704174 2.1771188 8.472222 0.072179705 0.18855411
 305.4 2.996097 2.017596 7.060687 0.4230676 0.16440703
 305.6 2.431663 1.0464952 4.7391305 0.12108048 0.082098715
 305.80002 2.6989398 1.853741 4.4550266 0.15764318 0.11012772
 306. 2.1070058 1.0323253 4.252645 0.13687308 0.041403364
 306.2 1.4648454 1.6336304 2.7832515 0.05204658 0.04096316
 306.4 2.314581 1.1198186 4.303127 0.066462725 0.12024363
 306.6 1.9194673 1.5825769 5.3659163 0.104365565 0.15032677
 306.80002 0.50477207 1.6266253 5.665768 0.033926334 0.21682666
 307. 1.9413506 1.1504653 3.1942725 0.1368468 0.07467721
 307.2 0.54390097 1.9098237 2.9357884 0.042107243 0.17406775
 307.4 0.6442178 2.0381722 3.5899186 0.03343616 0.10441508
 307.6 1.6325798 1.0443939 2.5336013 0.13393338 0.062202945
 307.80002 2.1885076 0.24344197 2.4680607 0.17335843 0.02088035
 308. 1.4591982 0.95324486 2.090452 0.07629975 0.018384496
 308.2 1.1953796 0.64102614 2.247047 0.017434828 0.024087878
 308.4 1.0041912 1.3186564 2.5493293 0.060030043 0.03614331
 308.6 0.40285936 2.0245478 2.6777527 0.032303777 0.026048167
 308.80002 0.39325023 0.70582503 2.597524 0.01270391 0.019772476
 309. 1.7190688 0.5826861 3.6120403 0.09773344 0.031325314
 309.2 1.0488194 1.1210227 2.8248086 0.06754713 0.024711644
 309.4 0.3387537 2.8092499 4.2030597 0.00878977 0.15451194
 309.6 0.5504705 4.003869 4.2665567 0.028965956 0.10939038
 309.80002 1.882361 0.43628684 3.401897 0.07645181 0.008566873
 310. 0.45838642 3.857283 6.1721616 0.0071141105 0.24472111
 310.2 1.5782763 1.4241171 5.0801287 0.03860947 0.017175535
 310.4 0.38916832 0.4668869 5.0000005 0.00983216 0.026500134
 310.6 2.855553 0.47066107 4.226191 0.14385854 0.0073275175
 310.80002 0.9100844 1.1015131 4.794292 0.055550214 0.08494588
 311. 0.9957625 3.030912 4.9970155 0.047055658 0.21672475
 311.2 0.5219319 2.681748 5.2163744 0.02452257 0.06243868
 311.4 1.5310032 1.2721785 4.5746284 0.15900034 0.0740347
 311.6 1.2387121 1.4869722 2.7528582 0.08428797 0.09720284
 311.80002 0.86050177 1.1540616 3.0907578 0.052103758 0.04425469
 312. 2.0991566 0.47937965 3.0171268 0.24887115 0.013540368
 312.2 0.5669407 0.8359458 2.7484593 0.023257801 0.09086106
 312.4 1.1098636 0.7475432 3.3049774 0.12761506 0.023326943
 312.6 1.5829294 0.39215714 3.1745656 0.14406414 0.02313561
 312.80002 0.8435577 0.71613294 2.5672524 0.040941074 0.042811465
 313. 2.0921187 0.3773588 2.4038472 0.202969 0.009083173
 313.2 1.0810573 0.8571426 2.2859225 0.04753268 0.059968736
 313.4 0.9028368 0.2741899 2.1758194 0.05536073 0.0008718635
 313.6 1.6534399 0.80438596 1.8831215 0.07240548 0.038695995
 313.80002 1.6439651 0.6266452 2.2881107 0.1113571 0.008745694
 314. 1.6092179 0.4010566 2.401595 0.12769152 0.00638402
 314.2 2.4692826 0.6837442 2.4918547 0.16749895 0.045669626
 314.4 2.526655 0.9192537 3.5544744 0.17919512 0.053066287
 314.6 1.5881141 0.8487471 4.299179 0.09761286 0.025007904
 314.80002 1.1446267 2.0332289 4.530423 0.056355838 0.07910693
 315. 1.1988904 1.469718 4.3566427 0.11354492 0.041806404
 315.2 3.691225 1.1779299 4.5676804 0.2569866 0.11313292
 315.4 1.5575452 1.9313374 3.8838756 0.18807681 0.114604436
 315.6 1.5136687 0.7381065 4.5454555 0.08392433 0.08848988
 315.80002 1.8507627 3.483804 7.749709 0.037598804 0.20992474
 316. 1.7939093 2.2201269 3.9588044 0.15541428 0.1356818
 316.2 1.1019256 1.5784601 5.621693 0.051361855 0.09306762
 316.4 2.3340468 1.3389261 4.4422565 0.14174454 0.037682902
 316.6 1.1773092 2.467543 3.7382216 0.104685195 0.16320556
 316.80002 1.4444453 1.3197607 2.8545692 0.078472085 0.010709096
 317. 1.1306251 2.583255 3.685426 0.10847879 0.21405393
 317.2 0.7361968 1.5397441 2.993895 0.009914926 0.13398717
 317.4 0.48832068 2.103407 2.1139622 0.012860102 0.09304699
 317.6 1.2358809 1.2965434 1.6545916 0.11237521 0.044183344
 317.80002 1.5824183 1.0631701 2.1282115 0.111532725 0.03931046
 318. 1.2300477 1.3374016 2.235209 0.09114942 0.061135832
 318.2 1.1223724 2.1337934 4.0367956 0.04521141 0.05721976
 318.4 1.7652355 1.2894602 2.4277837 0.12532258 0.044665083
 318.6 2.3325462 1.9356464 3.8489194 0.1318026 0.24725409
 318.80002 2.289411 0.78533655 3.7019787 0.011879788 0.042100456
 319. 0.6762798 3.143074 4.942704 0.027526693 0.09536307
 319.2 2.186224 1.3936696 4.771616 0.019326223 0.06886821
 319.4 0.98619974 1.5819798 4.779215 0.01637139 0.04265542
 319.6 2.0290413 2.0978255 4.612637 0.08305549 0.15571631
 319.80002 1.6825002 0.51820457 4.8489256 0.032791637 0.059061546
 320. 0.3508525 1.9613831 4.447331 0.0134297935 0.037478026
 320.2 2.239099 1.7492311 5.482572 0.16153766 0.07362381
 320.4 2.843264 1.3352106 5.1462975 0.14090955 0.065816425
 320.6 0.49643478 1.8605242 2.9112062 0.005848397 0.052105475
 320.80002 1.7190138 3.1143036 5.106018 0.19929443 0.12573475
 321. 0.7692033 1.748441 3.5690238 0.021617046 0.038290013
 321.2 2.8006732 1.6066132 5.138461 0.17109518 0.110167064
 321.4 0.43746638 3.2711997 5.0743284 0.001439118 0.14924325
 321.6 4.994946 0.6489701 5.1385818 0.59582824 0.037740886
 321.80002 2.2642035 1.7669843 4.43738 0.19434214 0.16116463
 322. 1.7649027 1.0336254 2.808848 0.08863617 0.10218362
 322.2 1.5051692 1.1389618 3.130082 0.09357884 0.0752718
 322.4 1.563165 1.7094667 3.4667938 0.14984298 0.086446635
 322.6 2.4496188 1.024036 3.975827 0.09520507 0.052047957
 322.80002 0.43723193 2.1752415 2.6878362 0.0054723024 0.1864953
 323. 1.8720925 0.9558107 3.4523811 0.104085185 0.05200777
 323.2 1.2904369 1.4853384 3.3893409 0.05984992 0.1250955
 323.4 2.1594882 1.195637 3.5398498 0.12270144 0.077903956
 323.6 0.9535073 2.7479284 4.980159 0.13458963 0.15296912
 323.80002 1.3682227 2.8179905 4.1516423 0.09961218 0.20242822
 324. 4.149451 0.34173068 5.566239 0.24050488 0.043711722
 324.2 3.238871 1.4821438 4.0740743 0.021547975 0.15192308
 324.4 2.6296709 1.8204075 4.9017563 0.09322824 0.12992314
 324.6 2.1873574 1.6536932 4.373509 0.018346006 0.05078079
 324.80002 1.1722777 2.06663 5.6184683 0.0827159 0.0587391
 325. 0.81542224 3.6115544 5.539607 0.033699505 0.16630404
 325.2 0.4161687 4.634724 5.08989 0.028435707 0.20525579
 325.4 2.7067094 1.5739491 6.3333344 0.14648056 0.05846186
 325.6 0.5584558 3.265173 3.470452 0.03599428 0.15086019
 325.80002 3.2227912 1.4809169 6.6975923 0.15612619 0.18495482
 326. 3.151504 2.7860568 5.838658 0.12709677 0.26174948
 326.2 0.7916428 3.508432 4.13346 0.006867904 0.19184367
 326.4 4.8903136 1.4860846 6.6146383 0.3070563 0.092056714
 326.6 0.44577152 2.9272866 3.7868717 0.011999082 0.20762114
 326.80002 2.388279 1.9763263 6.1295557 0.0859407 0.033047374
 327. 0.50961196 3.3683362 3.6182342 0.028250756 0.14456189
 327.2 2.1600251 1.9791676 5.892932 0.06875046 0.17735277
 327.4 1.3100126 1.36259 3.1927447 0.07356902 0.1678342
 327.6 0.52061945 1.4695255 3.893188 0.0482785 0.08410289
 327.80002 0.62883854 2.0595021 6.0100245 0.014104649 0.12640835
 328. 1.0406396 2.5854313 4.134921 0.009221044 0.3873955
 328.2 2.692609 1.3668501 4.39475 0.12850016 0.08351383
 328.4 1.8951145 2.2354803 5.4627466 0.14844757 0.123266704
 328.6 0.93112314 1.3050916 4.3200827 0.05119465 0.09976093
 328.80002 1.1037676 0.88086605 4.506505 0.07470418 0.022604661
 329. 0.88403356 1.4808191 2.5974033 0.02749932 0.055710156
 329.2 0.36492416 1.7358968 3.9200997 0.022634812 0.11180878
 329.4 0.49943408 1.6571312 4.0208673 0.012457088 0.17194913
 329.6 0.5250732 2.1243012 3.0698006 0.016698439 0.051877405
 329.80002 1.0248007 1.1536764 2.7604294 0.032561418 0.093034334
 330. 1.4871217 1.6299473 3.9005864 0.11144646 0.11585194
 330.2 0.31802973 2.5802479 3.849207 0.02918674 0.14320642
 330.4 0.5464617 0.7727312 1.9453363 0.030850185 0.027058661
 330.6 0.42253557 1.206115 2.5291257 0.008888837 0.04038958
 330.80002 1.5644362 0.79814386 3.2195125 0.028319344 0.036753487
 331. 0.5532093 1.5768244 2.7883396 0.0041019707 0.09053862
 331.2 1.0279845 0.41494378 2.4420853 0.072435156 0.009839529
 331.4 0.8207282 2.395908 3.458477 0.07158599 0.088198036
 331.6 1.0801919 0.8585488 3.185695 0.083421804 0.044032153
 331.80002 0.3219511 2.944528 3.7885442 0.017455539 0.17606594
 332. 0.6506305 2.3757753 3.7725925 0.015533785 0.16639106
 332.2 0.79139835 2.334422 3.5149784 0.019407662 0.1762396
 332.4 0.8722094 0.7070161 2.494802 0.031008558 0.056351546
 332.6 0.30441257 2.27713 2.8152413 0.007425932 0.12182492
 332.80002 2.3076932 0.9815658 3.4970767 0.18398947 0.07933567
 333. 0.47329545 2.0348344 2.993606 0.0172889 0.12557815
 333.2 0.4869442 2.0456512 2.3512204 0.02439815 0.11729274
 333.4 0.9199107 1.939395 2.5954056 0.05307129 0.074735306
 333.6 0.6918174 1.0530264 3.1647804 0.023995722 0.008769664
 333.80002 0.5071276 1.3178346 2.8676474 0.008232534 0.014244996
 334. 0.6176629 1.3674074 3.3074691 0.023123538 0.034374345
 334.2 0.5792977 1.9475272 3.0779228 0.029447572 0.06968092
 334.4 0.49871835 2.2567601 2.9220164 0.0050088824 0.2431836
 334.6 1.1444075 0.7909966 5.1375093 0.07227895 0.01135975
 334.80002 1.495002 1.5469561 4.509609 0.10228893 0.09542576
 335. 1.7305415 0.50744516 3.7200933 0.054487247 0.0057808156
 335.2 0.7009307 4.2937374 3.5701263 0.023835674 0.37198356
 335.4 1.0721662 1.2793529 2.8467686 0.03454229 0.08308461
 335.6 0.39041412 3.048797 3.6508472 0.028689973 0.17318033
 335.80002 0.96712685 3.552236 4.3846154 0.028515145 0.12650026
 336. 1.8968941 2.8012376 4.6672273 0.13885553 0.30043796
 336.2 2.1758173 2.3494258 5.052381 0.15101041 0.19549106
 336.4 0.49564934 4.668544 6.038462 0.019351738 0.31325126
 336.6 0.38440013 4.7499995 6.0406303 0.016696375 0.4558626
 336.80002 1.6712964 3.4603527 8.570379 0.0777244 0.34464335
 337. 0.4413877 3.1585293 5.1566405 0.025163094 0.118941955
 337.2 2.081963 1.4555781 4.9523807 0.050127696 0.07978227
 337.4 1.9540828 1.8151684 3.8429406 0.057585537 0.048988555
 337.6 0.7851143 1.9514792 3.7899559 0.015387398 0.16048013
 337.80002 0.60643095 2.0250044 4.167924 0.06963851 0.10085547
 338. 1.9726746 1.61711 5.31021 0.1493563 0.12875739
 338.2 1.2994502 1.5513103 4.7550035 0.059337515 0.027983502
 338.4 0.63030446 2.6503453 4.55256 0.030308032 0.16095696
 338.6 1.5217237 0.5646013 3.0246556 0.09399102 0.026703177
 338.80002 1.2144003 1.4313552 2.8100305 0.026070273 0.020201335
 339. 1.4333642 0.49408793 2.1063662 0.024476737 0.019779453
 339.2 1.0316646 0.4967943 2.8107905 0.083216496 0.022552567
 339.4 1.9182589 0.34521058 2.8382862 0.1531268 0.02349026
 339.6 0.30274138 1.8855251 3.501351 0.012663414 0.09874127
 339.80002 1.3810384 0.64681876 2.0460396 0.06371783 0.04521897
 340. 1.1737539 1.1389048 2.1977677 0.049762774 0.02538632
 340.2 0.54572487 1.9796711 2.5316167 0.048553836 0.14375664
 340.4 1.3519233 1.8589752 2.5925937 0.031762794 0.12259719
 340.6 2.9854913 0.42116857 3.151516 0.20493825 0.021723153
 340.80002 1.7617111 1.0100384 2.9166675 0.05418104 0.055941354
 341. 1.1992662 4.4040413 2.7412915 0.050264288 0.3788905
 341.2 2.0178537 1.9539942 3.252591 0.11461392 0.20410417
 341.4 0.9557146 1.0645752 2.74422 0.032904327 0.05861853
 341.6 1.0288439 2.1487737 3.1589432 0.074987344 0.11473786
 341.80002 1.5398595 1.9131029 2.9142356 0.11974662 0.073503956
 342. 1.665814 2.8910713 3.9029744 0.015109417 0.16090296
 342.2 1.2185858 2.7589622 6.2291026 0.08355334 0.14943357
 342.4 2.0584328 1.0879128 4.6208167 0.112039864 0.1565911
 342.6 1.3223622 3.3866258 3.5480645 0.023389772 0.21249564
 342.80002 2.0342364 2.6437469 3.3369 0.15148301 0.13851638
 343. 1.5320129 3.7777781 4.3152075 0.11802215 0.50998706
 343.2 1.5785952 2.9452968 5.147465 0.06324199 0.18988235
 343.4 2.866829 1.7848504 5.1895657 0.424064 0.11625102
 343.6 1.7394174 3.5148335 6.042781 0.13442995 0.45832333
 343.80002 3.46758 2.8334763 7.240616 0.35692438 0.2202906
 344. 2.4301267 4.50383 6.6306167 0.23907141 0.41611984
 344.2 2.3227763 3.5037875 6.162465 0.2279508 0.17349912
 344.4 2.9292934 1.8547179 5.840659 0.09023023 0.0802921
 344.6 3.6931221 1.7823932 5.7037034 0.3243179 0.045445766
 344.80002 2.7758574 2.4730957 7.32887 0.17412877 0.13248998
 345. 2.9958675 4.168117 8.203239 0.20648907 0.50514
 345.2 4.366515 2.0730205 5.9939027 0.40305355 0.055894878
 345.4 1.6777385 3.4360905 4.155454 0.08233907 0.28551707
 345.6 5.080222 2.2807133 7.056853 0.36643064 0.15235406
 345.80002 1.2196126 5.920876 7.3571424 0.047191214 0.34276366
 346. 1.9831136 3.9365082 5.9683523 0.21872874 0.18629234
 346.2 3.1699352 1.6514953 6.482812 0.17435682 0.13076222
 346.4 1.763725 2.4454486 5.561905 0.11726624 0.14613335
 346.6 2.9472191 1.6264013 3.9385731 0.2523897 0.060106743
 346.80002 1.1877799 3.904903 4.125486 0.09686 0.102849774
 347. 2.7868268 1.6397613 5.437543 0.2086664 0.09903592
 347.2 2.2737634 2.8288295 4.5629625 0.0904096 0.07273766
 347.4 1.3817017 1.1899219 4.656085 0.070465185 0.041570358
 347.6 1.8657246 2.2462509 4.05 0.14835967 0.08786249
 347.80002 4.049642 0.80940264 5.050685 0.14092441 0.017030647
 348. 2.3106403 1.4259758 4.5328445 0.20896901 0.071823485
 348.2 1.9151869 1.2545462 7.3292327 0.27109402 0.032349274
 348.4 0.8762515 3.601954 7.729399 0.048693 0.24415551
 348.6 2.686164 2.772947 5.64338 0.29110053 0.12392359
 348.80002 2.4973497 2.9299555 6.777818 0.28029227 0.111636154
 349. 4.211789 1.3847982 6.3589754 0.2172861 0.12072501
 349.2 2.9159737 1.5095961 7.410054 0.1037988 0.1899233
 349.4 2.476909 1.5319828 5.307277 0.15198492 0.031999465
 349.6 1.6626718 2.943311 3.5289712 0.11503697 0.2885405
 349.80002 1.8744017 0.8967222 5.6833735 0.077270724 0.03072037
 350. 1.1461413 1.5632651 4.6199427 0.0619628 0.12446857
 350.2 1.7748152 1.193549 3.4432893 0.1255004 0.081220396
 350.4 0.34840012 2.0080023 2.9543166 0.012999333 0.19772641
 350.6 1.4186653 0.9523815 2.9754128 0.13644135 0.059062198
 350.80002 0.9122775 1.8124349 4.8476343 0.054242168 0.098606355
 351. 0.331492 4.082418 5.1894536 0.0057537057 0.17608686
 351.2 1.9420879 0.9919095 4.7157297 0.23625411 0.066432565
 351.4 1.9419568 0.8216894 5.3375354 0.1929924 0.08947047
 351.6 3.3342566 0.403184 5.6417627 0.13988422 0.020922465
 351.80002 2.3462558 0.37462038 4.9080167 0.1976121 0.017989356
 352. 2.51841 0.2612688 2.5632863 0.30832335 0.014602059
 352.2 1.8112276 0.9446505 2.9129243 0.19689234 0.03555296
 352.4 2.0108895 0.123608015 2.102633 0.17838258 0.02011853
 352.6 1.4270831 0.6581532 2.4681423 0.15370286 0.042844128
 352.80002 1.2701757 0.32803097 1.7644402 0.10650615 0.00799389
 353. 1.0871022 0.2734111 1.4041765 0.08593614 0.0014876622
 353.2 2.1874793 0.63219917 2.9750762 0.1795453 0.008799959
 353.4 2.1237385 0.287445 2.6379943 0.018971901 0.002888207
 353.6 1.8797203 0.2257313 2.2037709 0.04033273 0.018509785
 353.80002 1.2963796 0.25039712 2.19439 0.081782185 0.016319476
 354. 4.237506 0.18925446 3.6323535 0.32098225 0.010290025
 354.2 1.5032198 0.79996437 5.217767 0.034364957 0.023103254
 354.4 2.6589081 0.34577447 3.5437312 0.038866892 0.010924339
 354.6 2.0400085 0.17093857 3.334945 0.10557774 0.0018558208
 354.80002 0.5393138 2.5682225 5.367995 0.032094765 0.1087948
 355. 2.1874053 0.254691 4.0806017 0.0865922 0.007305211
 355.2 3.1184475 0.20343809 2.115049 0.20662107 0.012672427
 355.4 0.9166854 1.310565 4.6097856 0.039266836 0.031838957
 355.6 0.43296957 0.72740805 2.0200539 0.020633692 0.018121935
 355.80002 0.457874 1.0146447 2.4531646 0.016619788 0.04114533
 356. 1.4897997 1.0202299 3.6762302 0.1515715 0.047218274
 356.2 0.79145265 0.67714775 3.603157 0.10732948 0.028260395
 356.4 0.89083356 0.6359624 2.6569529 0.07163634 0.036577165
 356.6 1.0451106 0.44686875 2.1461217 0.05526044 0.032997742
 356.80002 0.88218194 0.9017607 2.5327735 0.043860365 0.046607092
 357. 0.5443654 0.9350623 1.7281364 0.044731516 0.05576856
 357.2 0.6827208 0.42709106 2.1568556 0.043976065 0.036286116
 357.4 0.66035885 0.6330054 1.3398359 0.031786468 0.045979828
 357.6 0.5111759 0.46461535 1.17402 0.031211823 0.035257485
 357.80002 0.78648293 0.77419406 2.8125927 0.010142867 0.055117268
 358. 0.35218233 1.8955851 3.3528314 0.016988888 0.114624776
 358.2 0.97514755 0.5251385 2.2987165 0.061720863 0.028809972
 358.4 0.470318 0.4719464 1.9643734 0.025877377 0.04045844
 358.6 0.36090946 0.44223803 1.2357332 0.02312689 0.0124358395
 358.80002 0.27959487 0.42769146 0.63715464 0.021455938 0.03779767
 359. 0.29593602 0.62775975 1.9777447 0.023825401 0.050693434
 359.2 0.310473 0.43902794 2.2446866 0.015442244 0.01273929
 359.4 0.30894768 0.7970091 1.8534229 0.008903158 0.030925663
 359.6 0.3861176 0.64273334 1.4698089 0.012661771 0.03116568
 359.80002 0.17751323 0.49807304 0.8685457 0.012240141 0.0134113645
 360. 0.31229118 0.6693533 1.8620484 0.018920861 0.015364107
 360.2 0.721037 0.29979903 1.5311363 0.014606598 0.019006079
 360.4 0.16997007 1.2574431 2.6390052 0.004363024 0.08921891
 360.6 0.2661754 1.4709153 3.5658684 0.008820198 0.030846687
 360.80002 0.6118331 0.6419675 3.2887974 0.015081424 0.030756801
 361. 0.4897963 1.2534857 1.696928 0.026344389 0.044250768
 361.2 0.60301554 0.46099073 2.4299388 0.007466637 0.03429423
 361.4 0.8391614 0.460564 2.119484 0.042597983 0.038146358
 361.6 0.37383208 0.57187307 1.9511286 0.000070531845 0.04989974
 361.80002 0.3498545 0.92820156 2.307693 0.010247006 0.05807376
 362. 1.1649637 0.5893396 2.6893516 0.004793539 0.056294274
 362.2 1.1300312 0.3985665 3.3377194 0.057429582 0.02340172
 362.4 0.8393673 0.5886292 3.579036 0.07865572 0.07700023
 362.6 0.42106652 0.47355002 2.067021 0.050972655 0.044867758
 362.80002 0.28037363 1.5840461 2.4253628 0.027527342 0.12921266
 363. 0.5908505 1.0412376 1.9654665 0.05173694 0.09613622
 363.2 0.3848574 0.35098386 1.6237135 0.03285499 0.014687189
 363.4 0.40898222 0.4388594 2.1080565 0.02992154 0.021420881
 363.6 1.3066039 0.42259273 1.4635239 0.07540005 0.017038742
 363.80002 1.2006586 0.44387776 1.8515072 0.089043744 0.03281471
 364. 0.43210736 0.52631617 2.924485 0.007358016 0.036857393
 364.2 1.3345871 0.25707206 2.837684 0.065847956 0.008558425
 364.4 0.47259814 0.40509376 2.5299149 0.032234576 0.028420642
 364.6 0.81018573 0.820953 3.101191 0.029307326 0.06737293
 364.80002 0.56740135 1.6216224 2.4359658 0.043610558 0.07028992
 365. 1.365247 0.38444552 1.6577427 0.037967395 0.030111268
 365.2 0.41141874 0.63492113 3.6 0.017083721 0.061602384
 365.4 2.369566 0.3225809 1.9580158 0.10331187 0.024597092
 365.6 2.4009614 0.30150777 2.509805 0.066510536 0.0033438408
 365.80002 0.17063685 0.7152349 2.2177427 0.009438653 0.022124724
 366. 0.6558211 0.47717577 2.151334 0.013778453 0.011630462
 366.2 0.2193633 0.5383921 2.3684218 0.0026853296 0.033415705
 366.4 0.2276051 0.8564785 1.7938305 0.019027194 0.09865589
 366.6 0.1767289 1.0139867 2.1756506 0.0016849862 0.15063098
 366.80002 0.4290387 0.78870285 2.6712234 0.0076252897 0.08267713
 367. 0.5476111 0.824214 1.8140812 0.033064608 0.048551884
 367.2 0. 5.332955 5.353229 0. 0.37008366
 367.4 0.33754817 1.4167144 3.9329994 0.007727004 0.08744731
 367.6 0.2284036 1.9279301 3.9668286 0.0078293355 0.1757346
 367.80002 0.12671432 3.1816316 3.6752257 0.00022480392 0.23588984
 368. 0.27884242 2.8344674 3.9480603 0.0052708206 0.22307311
 368.2 0.34604174 2.4354498 2.8121781 0.018558113 0.16886783
 368.4 0.13690433 2.708371 2.7837453 0.004483052 0.22342153
 368.6 0.4251482 1.3368641 3.237037 0.018915763 0.105245344
 368.80002 0.1943814 1.685703 2.8626983 0.013776037 0.15365733
 369. 0.13964418 1.8094113 1.8956978 0.011101037 0.048822735
 369.2 0.19251767 1.8030021 2.2015917 0.0056029386 0.14113063
 369.4 0.106475845 1.4544919 2.009561 0.002231031 0.18017249
 369.6 0.6081332 0.7361968 3.2484055 0.020599559 0.09061366
 369.80002 0.106005535 2.3502383 2.5276828 0.0030496332 0.10601307
 370. 0.22448461 1.5766999 2.7367618 0.015614629 0.16105886
 370.2 0.29884854 2.2955005 2.5256891 0.014252902 0.10719956
 370.4 0.24206209 0.8030559 2.1176054 0.01272557 0.066783935
 370.6 0.11787659 2.541676 2.9279754 0.006592615 0.116953075
 370.80002 1.020615 1.0823365 2.5353305 0.06483365 0.07833103
 371. 0.12752229 1.9877319 2.046687 0.007821946 0.093775846
 371.2 1.3169334 0.3681959 2.4403238 0.052690733 0.034389798
 371.4 0.26101056 0.683243 2.8480396 0.010820787 0.05660103
 371.6 0.6123717 0.39288336 2.464454 0.044638377 0.034071516
 371.80002 0.21038537 1.0252852 2.0398576 0.014901254 0.09332337
 372. 0.29690853 0.4485937 1.0095814 0.015864262 0.012974569
 372.2 0.5344489 0.3029039 0.6766922 0.037649695 0.018352712
 372.4 0.3645758 0.56265146 1.0223482 0.035667036 0.037599135
 372.6 0.39331284 0.527211 1.4419085 0.06674017 0.04729526
 372.80002 0.80423975 0.2637357 1.4055418 0.0103042 0.034486398
 373. 0.47497934 0.42107064 1.5567144 0.02425895 0.03852855
 373.2 0.21069857 0.5812241 1.9886516 0.020582061 0.04135518
 373.4 0.31662294 1.5384678 2.0098376 0.019129695 0.18172163
 373.6 0.5991849 0.57676154 2.4952989 0.028354844 0.07473495
 373.80002 0.32640493 0.6051876 2.6644502 0.019224236 0.037699122
 374. 0.61855716 0.5681039 3.854772 0.03666309 0.036032572
 374.2 1.1908633 0.5656829 2.5661576 0.108050376 0.046099123
 374.4 0.19261491 1.6134943 2.31776 0.02298258 0.10884961
 374.6 0.339768 0.6133545 1.4836665 0.02365368 0.06379912
 374.80002 0.24872279 0.45299405 2.0886226 0.024254873 0.024061585
 375. 0.24947946 0.6179095 1.2103493 0.009284248 0.07014429
 375.2 0.33046225 0.5128209 1.5140668 0.023540251 0.086353
 375.4 0.24048002 0.81464195 1.1789328 0.00099265 0.12409806
 375.6 0.24640572 0.70314395 1.0814838 0.01732123 0.08009594
 375.80002 0.3192207 0.42857176 1.5546772 0.027647799 0.05157089
 376. 0.29985845 0.4787256 1.427206 0.022104234 0.06544981
 376.2 0.21293049 1.165519 1.5803049 0.023499554 0.13471106
 376.4 0.39357325 0.6483089 2.1836674 0.0133376615 0.082591444
 376.6 0.4569253 0.68715274 1.7360109 0.02333532 0.08308986
 376.80002 1.0813782 0.16393282 3.0809932 0.07192746 0.012813055
 377. 0.33597246 0.31030208 1.0435543 0.012692575 0.032000195
 377.2 0.76843894 0.20282277 1.0530341 0.04281746 0.027369672
 377.4 0.38521272 0.1503743 1.0532613 0.021034544 0.008290851
 377.6 0.34898108 0.25369906 1.3408787 0.017171094 0.034283295
 377.80002 0.6725661 0.14723763 1.7392172 0.05547059 0.016158001
 378. 0.45563373 0.27670178 0.9875256 0.02715688 0.043743175
 378.2 0.6393379 0.1507521 1.048979 0.02379621 0.028444769
 378.4 0.39738637 0.17391144 0.53781426 0.01808952 0.0017184714
 378.6 0.427637 0.1524761 0.5040187 0.02056112 0.026342152
 378.80002 0.31768733 0.17045294 0.49443737 0.016342957 0.0038039777
 379. 0.31077713 0.17290907 0.4453807 0.027100468 0.02703107
 379.2 0.29548106 0.17266028 0.48108783 0.04036436 0.026810823
 379.4 0.14388326 0.22409041 0.60884774 0.0025366899 0.020341223
 379.6 0.1379294 0.250996 0.48993444 0.0008151364 0.021272546
 379.80002 0.24085891 0.17266028 0.528818 0.012242981 0.024456074
 380. 0.2332102 0.17266028 0.4642097 0.009418019 0.021584706
 380.2 0.1277939 0.27435538 0.8817269 0.0035134621 0.03151131
 380.4 0.25973967 0.30006772 0.7475942 0.003691748 0.03988089
 380.6 0.22988398 0.3438398 0.94169843 0.0008124732 0.040113296
 380.80002 0.124479696 0.45637655 0.6601561 0.0072334562 0.047449205
 381. 0.12861572 0.37141967 1.069917 0.00052482355 0.013103577
 381.2 0.19323523 0.3695463 0.6373733 0.013603534 0.049290597
 381.4 0.12738691 0.5584793 0.8053902 0.012270375 0.067560606
 381.6 0.26266924 0.40557605 0.53831446 0.016598964 0.06687468
 381.80002 0.33613473 0.4210256 0.5616566 0.05485679 0.04706559
 382. 0.29126218 0.49059096 1.503053 0.009464211 0.060929995
 382.2 0.26726013 0.504202 1.6828007 0.024614872 0.053239584
 382.4 0.2721085 0.50181854 1.2625103 0.032678787 0.06896446
 382.6 0.34285742 0.57474715 0.72099507 0.038478132 0.079202585
 382.80002 0.35294148 0.5687941 1.0631933 0.035092846 0.07858556
 383. 0.33426213 0.5277615 1.2287691 0.028660774 0.054895
 383.2 0.32432458 0.54127634 1.7644457 0.03809306 0.022438966
 383.4 0.4449498 0.22684197 1.418186 0.050374266 0.018600168
 383.6 0.4838713 0.45126233 1.1213121 0.043943528 0.018814651
 383.80002 0.6232213 0.22813578 1.1425205 0.053490207 0.0048246817
 384. 0.4724413 0.33709237 1.2321284 0.051104788 0.02484631
 384.2 0.6896323 0.20201881 0.79330367 0.06884389 0.025192088
 384.4 0.65552706 0.22988398 0.55901873 0.07974518 0.020609947
 384.6 0.71130115 0.19868699 0.783062 0.072445594 0.019698404
 384.80002 0.93606204 0.3225809 0.92507315 0.09760741 0.005860834
 385. 1.200139 0.21516629 1.350818 0.13769053 0.006414945
 385.2 0.82365876 0.3373864 1.2685192 0.10937666 0.0046522613
 385.4 1.1547722 0.41204485 1.1809533 0.10759262 0.021601008
 385.6 1.4620388 0.19923165 1.6762221 0.06495369 0.019049954
 385.80002 0.8233427 0.4990991 1.3718325 0.06470145 0.04161547
 386. 0.95215285 1.2558839 2.707318 0.08078389 0.016055744
 386.2 2.3475008 0.48780522 3.3321972 0.21971692 0.034943726
 386.4 0.6896759 0.29712713 3.6813037 0.030074378 0.012000456
 386.6 1.5038738 0.44935298 3.2972713 0.037509914 0.017494889
 386.80002 1.2657022 1.1141593 2.698943 0.15642978 0.08926717
 387. 2.151516 0.8099979 2.7694378 0.16453332 0.06283795
 387.2 2.7973275 0.31413636 2.9908824 0.20226796 0.0332526
 387.4 0.7357043 1.5235981 2.8336298 0.03709439 0.14432658
 387.6 0.63429576 1.3531383 2.707912 0.06555494 0.16185957
 387.80002 0.6006466 1.1299846 3.2482657 0.019351743 0.11836328
 388. 0.56491184 1.4021399 2.045178 0.039628934 0.020608766
 388.2 0.67851835 0.81806487 0.9872259 0.010001837 0.04149863
 388.4 0.27676576 2.0340438 1.5363994 0.0015228875 0.0874376
 388.6 1.5362169 0.71152556 1.7954938 0.09452369 0.009974283
 388.80002 0.9382456 1.1990808 1.9078287 0.05443244 0.015562777
 389. 1.4054801 0.4571476 2.4021373 0.046957057 0.047029164
 389.2 1.8210493 0.9403366 3.5369575 0.10455664 0.0863834
 389.4 1.2433604 1.9375855 3.5144322 0.065408595 0.13465731
 389.6 2.387371 0.2771549 3.8438442 0.08354199 0.016782759
 389.80002 2.0833557 1.7993228 4.2181816 0.10381821 0.13051525
 390. 0.8156058 1.0916969 3.984127 0.06373856 0.03325067
 390.2 2.1857703 0.7630167 2.9137185 0.11798513 0.019334726
 390.4 1.9664555 2.0337484 2.4240043 0.13954459 0.10686737
 390.6 0.3992404 2.4784424 4.2695 0.010326456 0.014371025
 390.80002 0.7809758 2.9354844 4.1867366 0.056220558 0.03209774
 391. 0.9160167 2.1872756 2.8106475 0.090828516 0.08936093
 391.2 1.4238904 0.96882725 4.2834926 0.0910857 0.030355299
 391.4 2.9585838 0.83878326 3.655817 0.056420814 0.054172233
 391.6 1.4684811 1.8440489 3.3642414 0.104068436 0.13537587
 391.80002 2.552466 0.5606316 5.531789 0.19847174 0.04148596
 392. 0.5986865 3.368013 5.5100884 0.07695337 0.24095319
 392.2 2.7311716 0.9981326 3.6205325 0.17457795 0.015629264
 392.4 1.2126324 3.1581206 6.114167 0.04145756 0.1833512
 392.6 1.4061427 0.3743754 4.880106 0.096622795 0.013857256
 392.80002 2.1014972 1.7357832 4.360544 0.19185643 0.09548203
 393. 2.276588 1.2933382 3.902211 0.23076515 0.07555538
 393.2 1.2166902 1.1188039 5.355509 0.12348709 0.06629824
 393.4 3.0187473 0.5140656 4.449607 0.10765082 0.038376614
 393.6 2.5098975 1.3183764 5.481756 0.11586281 0.02959772
 393.80002 2.8717957 1.4822818 3.541362 0.031252313 0.016592292
 394. 2.2896562 2.3049397 5.185018 0.08305202 0.10484365
 394.2 1.3230442 3.3095353 3.0812373 0.047431555 0.09876251
 394.4 2.4432445 1.3695973 3.7413793 0.09301733 0.050001312
 394.6 2.2596035 1.9243288 10.538464 0.19107889 0.11430513
 394.80002 2.4273381 0.75246257 3.4297175 0.15367763 0.003211391
 395. 1.6528038 1.4300169 3.6449132 0.05775109 0.066492
 395.2 3.4394925 1.0223958 5.4903173 0.20647295 0.03647265
 395.4 2.028372 1.6146555 3.5001845 0.08835042 0.110442944
 395.6 4.160751 0.80215615 5.270713 0.6598652 0.042491112
 395.80002 2.6969917 1.537048 4.323672 0.17815298 0.043548
 396. 2.3748264 2.8239214 6.089467 0.24962865 0.28781855
 396.2 2.9444213 2.8690484 5.4928184 0.33974314 0.13676144
 396.4 2.0100663 2.668631 5.9733553 0.11502113 0.26995322
 396.6 2.6437917 2.2571254 6.1611733 0.28790066 0.115013234
 396.80002 1.2548449 3.5941556 5.652399 0.05533601 0.24999827
 397. 3.3427405 1.679177 5.844928 0.12118369 0.11132886
 397.2 1.349013 3.2452254 4.646465 0.07320872 0.30442032
 397.4 3.557272 2.7510567 6.2946978 0.21514933 0.23231496
 397.6 2.4597979 2.9976795 5.2761903 0.34411028 0.06751406
 397.80002 3.981254 1.4121903 5.134964 0.34066668 0.13019681
 398. 2.7108474 2.3565927 6.416951 0.20132512 0.08904765
 398.2 2.9550433 1.6410103 5.2811513 0.19793268 0.05986379
 398.4 0.7143403 3.7286198 5.154762 0.035479024 0.21238899
 398.6 4.840591 0.8078731 5.3250437 0.28858724 0.04548314
 398.80002 1.735396 2.9237292 4.757552 0.101604395 0.07336446
 399. 1.8895137 0.96859396 4.0431814 0.08932348 0.053068478
 399.2 1.0182476 2.211989 4.211039 0.09558982 0.14430317
 399.4 1.4478037 1.5350149 2.8587646 0.15961373 0.15483524
 399.6 1.0942256 1.4684422 3.0839393 0.038227152 0.09668392
 399.80002 2.0560284 1.579711 3.783252 0.069766305 0.15252937
 400. 1.0316262 2.298368 4.0614705 0.06992602 0.163432
 400.2 2.4700875 1.3012655 5.444393 0.2297505 0.058711186
 400.4 0.79156005 2.0657444 3.9527066 0.029195072 0.12873667
 400.6 2.5448284 2.428938 4.850814 0.16500048 0.1594381
 400.80002 0.6622918 2.780614 5.7070704 0.055074383 0.056476016
 401. 1.4097264 1.5983784 4.8068423 0.098221 0.044588264
 401.2 2.099232 2.0392165 4.753217 0.07529139 0.14492075
 401.4 0.9365347 2.4987667 6.0243216 0.07366011 0.1820665
 401.6 1.6563466 2.5928276 4.635374 0.07823639 0.083763786
 401.80002 0.4647081 3.4331803 4.044085 0.011305929 0.21936433
 402. 1.5550662 2.0128214 5.646035 0.037281293 0.31840792
 402.2 1.456718 4.8616233 7.364463 0.07329786 0.29401162
 402.4 1.5575131 3.9890563 5.8040094 0.062703826 0.20689707
 402.6 0.93274146 2.837583 7.530347 0.06994558 0.05758718
 402.80002 4.04002 1.7521099 8.375931 0.2882423 0.18468851
 403. 0.41534406 3.234673 6.513639 0.013833143 0.23781167
 403.2 2.4643764 0.8175842 6.6582313 0.15102644 0.017541265
 403.4 0.80883676 2.2385736 4.6855655 0.077905826 0.1852168
 403.6 1.1204273 1.6689171 4.8060093 0.11211327 0.07937921
 403.80002 1.2098868 2.3803205 5.7094755 0.025368147 0.1598307
 404. 3.4808693 0.92968273 7.507724 0.37442064 0.051267404
 404.2 1.2731993 1.7075348 4.943616 0.061809212 0.06116982
 404.4 0.7912218 1.8877394 3.7111554 0.025728399 0.07177151
 404.6 0.75890344 1.9090143 3.0304325 0.07486313 0.11834088
 404.80002 1.6366498 1.0533522 5.49268 0.15220003 0.08046711
 405. 2.13158 1.3354704 3.4707756 0.028566442 0.2223348
 405.2 0.850031 0.9469042 3.6696205 0.051255863 0.030194946
 405.4 0.7745255 0.98725045 3.038698 0.053221706 0.03928062
 405.6 1.6162426 0.8124077 3.7638721 0.09151722 0.040688746
 405.80002 2.0207777 0.56850594 3.434795 0.08918613 0.04611464
 406. 0.34782633 2.0485234 2.5479245 0.018982513 0.102249674
 406.2 1.3399768 1.0607634 3.5100086 0.13396823 0.04201716
 406.4 0.8212902 1.0059725 3.241649 0.03287951 0.057633366
 406.6 1.1995933 1.8569546 3.8408523 0.1364886 0.12898318
 406.80002 0.8106591 0.64352006 5.0602374 0.08432597 0.057780858
 407. 0.25944242 1.4663469 2.6457 0.020006167 0.05529457
 407.2 0.23715317 1.0881004 2.6043959 0.0029766515 0.070914365
 407.4 0.25375807 1.9358904 3.5807598 0.009637585 0.2358142
 407.6 0.5797799 0.8040627 4.0780005 0.012144565 0.062269226
 407.80002 0.7522874 1.17369 3.0942984 0.01535431 0.07003917
 408. 0.2980185 2.7259622 4.4492803 0.004364197 0.2102213
 408.2 0.12486832 3.4563022 4.007104 0.0048626415 0.13424052
 408.4 0.18865326 2.1617465 1.8662821 0.0074527604 0.1750095
 408.6 0.13482983 2.8063216 3.0073617 0.0076098447 0.25803933
 408.80002 0.6184715 1.5388976 1.9785782 0.04660249 0.16313525
 409. 0.13589871 2.1405206 1.7787039 0.0000147107885 0.20083074
 409.2 0.21754265 1.8352852 2.296682 0.0039163525 0.20414881
 409.4 0.13589871 2.533084 2.3276143 0.010863207 0.09371843
 409.6 0.8224085 1.6352469 2.8689787 0.050943345 0.10078769
 409.80002 1.0808897 2.0738585 5.062657 0.08659765 0.10840502
 410. 0.2633709 3.3339515 4.757949 0.017851172 0.2107047
 410.2 0.19977924 1.5266911 3.5213025 0.017322443 0.13989349
 410.4 0.16985665 1.8397461 2.4655964 0.0185333 0.10698553
 410.6 0.35635287 0.8921143 2.163058 0.022583941 0.0544301
 410.80002 0.32596847 0.6372458 1.9630988 0.0041217497 0.045697287
 411. 0.28703147 1.0640324 1.4469837 0.008238074 0.07471924
 411.2 0.46545085 1.2717323 2.8285074 0.0062308875 0.11736393
 411.4 0.25733072 0.8091531 1.987059 0.0090935705 0.028093815
 411.6 0.5279932 1.1793313 2.165181 0.048969563 0.047535848
 411.80002 0.17666996 2.058664 2.532186 0.0050454396 0.09311131
 412. 0.79781646 0.9448825 2.5384321 0.025782643 0.026304396
 412.2 0.18832502 1.6800181 2.4184113 0.010570613 0.12709375
 412.4 0.403444 1.285732 3.1799114 0.010085986 0.117921434
 412.6 0.3050603 2.289926 3.2957165 0.0036199596 0.1385639
 412.80002 0.28422093 2.6115947 2.6354432 0.0070958487 0.13973413
 413. 0.6528831 1.8784504 3.3607528 0.048947494 0.102808185
 413.2 0.26739877 0.8536938 2.6870034 0.006816277 0.08190698
 413.4 0.9402835 1.0624634 2.9866395 0.054615244 0.109663546
 413.6 1.17618 0.99631995 1.993898 0.06281427 0.048544377
 413.80002 0.22711301 1.6128229 1.8646097 0.0028312781 0.07157627
 414. 0.6271773 1.2142047 2.8236847 0.0102532515 0.109329045
 414.2 2.1107478 0.71298176 3.042178 0.056382697 0.03843597
 414.4 0.24879515 2.396826 3.272932 0.001515376 0.13871025
 414.6 2.1044736 2.644642 4.40602 0.20297618 0.14642206
 414.80002 0.54518473 3.0097797 4.161886 0.031385858 0.15424497
 415. 1.9981639 2.2735362 4.3496118 0.102919996 0.16286393
 415.2 1.7912467 2.0003192 5.094789 0.063502215 0.06577919
 415.4 3.3732173 1.1955136 5.345454 0.22056912 0.19833289
 415.6 0.6478133 3.1932778 4.651131 0.045242622 0.1383495
 415.80002 2.114104 1.9433209 3.3733144 0.09386618 0.18717451
 416. 1.3506829 1.4640566 4.644231 0.041161437 0.13884859
 416.2 1.6018261 1.6618366 3.4641693 0.056973685 0.24149072
 416.4 1.9293314 1.3139284 4.5636916 0.068934835 0.09732873
 416.6 1.92538 1.1725552 3.4670238 0.06605929 0.09772033
 416.80002 2.3171504 0.9284426 3.692223 0.10822465 0.086762555
 417. 0.77310646 2.135831 4.2440324 0.036187157 0.16983671
 417.2 2.7846584 1.0530337 4.548082 0.11883368 0.06888831
 417.4 0.8054945 1.7386125 3.701299 0.041497517 0.11564831
 417.6 2.6747658 0.3990212 3.1667683 0.1911353 0.027910212
 417.80002 3.1959472 1.3186117 5.849021 0.17801291 0.03062634
 418. 3.067487 0.46937385 5.384439 0.03873648 0.05695122
 418.2 0.41279703 2.1560035 3.3381405 0.024099864 0.13705154
 418.4 1.9358904 1.0659347 4.032426 0.18019958 0.067797236
 418.6 0.76979995 1.8307407 3.228373 0.03731977 0.11801779
 418.80002 0.8659587 1.7905967 3.0632405 0.08449536 0.06402227
 419. 2.0779765 3.001309 3.9848905 0.18539919 0.26149452
 419.2 3.648077 0.21699695 4.324786 0.26363167 0.027150253
 419.4 1.6820672 1.292527 3.9842792 0.0914025 0.19292217
 419.6 3.0738184 0.51106185 3.6946704 0.21854919 0.057108182
 419.80002 2.0026674 0.2981684 2.376452 0.06162629 0.008348924
 420. 1.9515231 0.39662132 2.9730964 0.057421077 0.033218108
 420.2 3.4153008 0.8600399 3.6849537 0.17742294 0.049861193
 420.4 0.64775217 1.360938 3.5791664 0.03199886 0.023814706
 420.6 2.4262035 0.36364397 4.415386 0.12672742 0.0060806316
 420.80002 0.7429692 3.0668116 4.5303807 0.05112499 0.18351673
 421. 0.30437672 2.4848657 4.028822 0.042803016 0.35109416
 421.2 3.2033935 0.56687415 4.5083556 0.27096653 0.05245046
 421.4 0.66546434 2.5350146 4.0362906 0.044309746 0.122295655
 421.6 0.5113887 2.9233098 4.008054 0.015054046 0.17992286
 421.80002 2.2850928 0.8256364 2.7581406 0.05932938 0.054295864
 422. 0.54068834 1.9979508 3.0267386 0.0049248687 0.056480378
 422.2 1.1344916 0.6703692 1.9483545 0.077086754 0.02042667
 422.4 0.9433204 1.3083162 3.0835834 0.044715744 0.05942921
 422.6 0.45434076 1.4906185 2.4143872 0.026946193 0.09302529
 422.80002 0.990695 1.4991698 2.9308066 0.0913868 0.082261436
 423. 1.3382562 1.0975802 3.1144135 0.093940556 0.034487978
 423.2 1.9165821 1.0509912 3.3914058 0.063852236 0.03221281
 423.4 1.8672355 0.6405346 4.3865438 0.18554235 0.028125478
 423.6 2.5895405 1.3506818 3.8194332 0.08329204 0.06627191
 423.80002 2.1183674 1.7998798 5.4970756 0.11055475 0.0819499
 424. 1.3408142 3.2638793 3.6549518 0.040849134 0.11654872
 424.2 1.2202585 2.0370984 5.1489043 0.045994073 0.09677567
 424.4 2.3150315 2.3184268 3.655061 0.032077584 0.069591776
 424.6 1.8725764 2.2770963 6.7070704 0.1559836 0.17128514
 424.80002 0.98812616 3.9770133 7.0731173 0.060591448 0.24105622
 425. 2.2548738 1.5010498 5.6578946 0.14404462 0.07626165
 425.2 1.5456841 4.103732 7.6227264 0.095103145 0.40559313
 425.4 4.495452 1.9087703 6.269842 0.15211228 0.02641551
 425.6 3.1709752 0.95885354 5.9539223 0.10705477 0.045820862
 425.80002 2.057277 3.1156769 6.2730885 0.20710258 0.11145109
 426. 2.9620144 0.94987774 5.6050425 0.10051536 0.010915808
 426.2 3.972961 1.472449 6.317227 0.097631335 0.040005177
 426.4 2.9613342 1.7539831 6.335693 0.05045266 0.122726925
 426.6 1.9318161 2.4767547 5.865385 0.18902917 0.1197772
 426.80002 2.4863772 2.6339202 6.9891305 0.12014463 0.111472316
 427. 6.2142854 1.0742322 7.3181815 0.45159456 0.040829804
 427.2 2.5151505 2.0422158 7.2873726 0.0958755 0.10012909
 427.4 1.9923118 0.45272368 3.578627 0.30784187 0.024471981
 427.6 3.2467542 1.8083547 5.6984124 0.060320754 0.11732461
 427.80002 2.5979636 0.5293456 4.7672625 0.031482864 0.032047734
 428. 1.3319678 1.0746169 4.1458983 0.03702773 0.0378978
 428.2 0.5384934 2.1356428 5.1645765 0.02052115 0.09245106
 428.4 1.2238818 0.8695501 4.628572 0.013117251 0.019439977
 428.6 1.5289497 1.2395029 3.556619 0.047247484 0.08286559
 428.80002 2.2625031 1.334902 4.373892 0.22177656 0.086509936
 429. 0.9706704 1.667881 4.926464 0.06851211 0.2249165
 429.2 3.9406166 0.36882615 5.6494627 0.25594893 0.01776307
 429.4 0.78647393 0.6081025 3.4379897 0.039669678 0.052410975
 429.6 0.9461547 0.6004338 2.715073 0.08201202 0.04114954
 429.80002 0.49250865 0.68151647 4.6938963 0.03744531 0.058919597
 430. 0.66408765 0.92679423 3.8656895 0.036453005 0.0495185
 430.2 0.6161357 0.41040725 3.1195352 0.05682093 0.0067928606
 430.4 0.44508561 0.58888596 2.514407 0.024280755 0.032431975
 430.6 0.33802843 1.0929711 2.3399215 0.03011133 0.06259588
 430.80002 0.75176686 0.60913754 1.5315601 0.087881915 0.023371534
 431. 0.38949242 0.4903996 1.11395 0.0380372 0.03929351
 431.2 0.49172264 0.5264834 1.6234038 0.05942261 0.0150905745
 431.4 0.6355316 0.5270575 1.6172168 0.06715998 0.008813052
 431.6 0.47619087 0.4060367 1.0667782 0.05466318 0.006790361
 431.80002 0.4203666 0.42055583 1.8846716 0.021274244 0.014266838
 432. 0.5970153 0.5879925 2.0917969 0.02490326 0.009087821
 432.2 1.006536 0.4121632 1.6011584 0.044791996 0.010698038
 432.4 0.5128209 0.64242065 1.4530032 0.053852793 0.030335212
 432.6 0.61958545 0.39628962 1.7023818 0.09151281 0.017736897
 432.80002 0.2945765 0.6199548 1.2331765 0.051835 0.028628794
 433. 0.26687065 0.35451 1.2063498 0.012726712 0.016877707
 433.2 0.32348788 1.2710278 2.1426558 0.007880833 0.035676874
 433.4 0.5934086 0.52622443 2.0486438 0.028138662 0.0053798277
 433.6 0.35741985 1.1960179 1.7473475 0.016231656 0.056109484
 433.80002 0.568416 0.5840946 1.4775991 0.042720944 0.018885585
 434. 0.6267947 0.7594838 1.6610706 0.06406977 0.02170772
 434.2 1.2863336 0.31869048 1.5079372 0.044790283 0.01694765
 434.4 1.1736197 0.42031717 1.0332601 0.047441747 0.03990629
 434.6 1.7896831 0.32789594 1.4886817 0.09019711 0.0124963
 434.80002 2.2834206 0.20795707 2.430479 0.120007925 0.017517982
 435. 1.8596287 0.46829432 2.9236968 0.12106783 0.01397301
 435.2 0.69550216 0.76756626 3.2080085 0.03013041 0.0128333345
 435.4 2.2662158 0.43695045 2.9294877 0.16781998 0.018289043
 435.6 2.382848 0.2601225 2.8281672 0.15329887 0.00842766
 435.80002 1.0186396 1.1228647 2.2938838 0.06879873 0.02420528
 436. 2.5935502 0.17803997 3.8014712 0.060199257 0.036963567
 436.2 0.8608702 0.67650807 2.3085468 0.051491816 0.019923616
 436.4 2.0173352 0.32710737 2.238608 0.108959414 0.02213314
 436.6 0.7233805 1.2431297 2.5112095 0.037877817 0.07493278
 436.80002 1.8008629 0.47898263 3.65282 0.15534936 0.012366883
 437. 1.2890646 0.90876454 2.6582413 0.13718449 0.055004984
 437.2 2.020007 0.5411962 2.8999887 0.1785959 0.03230094
 437.4 1.9150509 0.4826106 2.6211925 0.145389 0.0377035
 437.6 4.487418 1.7509177 4.279489 0.3000091 0.09846107
 437.80002 2.1382763 1.5832529 4.75698 0.056464627 0.08554108
 438. 3.2028987 1.5208292 5.5657845 0.25674847 0.107039265
 438.2 1.9522238 0.57777005 5.1964927 0.07681749 0.018105915
 438.4 2.3412347 1.3348882 6.209884 0.07667809 0.10739374
 438.6 6.131597 0.29744256 7.168358 0.14949976 0.009749788
 438.80002 0.5678688 5.5983777 7.3696976 0.0048725535 0.26508626
 439. 0.8507142 1.5664952 5.161982 0.025057932 0.05359164
 439.2 2.3353775 2.0050979 4.475167 0.24496453 0.13209806
 439.4 1.9685719 0.37576973 4.5165567 0.08027483 0.02075451
 439.6 1.5444535 0.44345862 2.989389 0.038389865 0.014186514
 439.80002 1.0108817 0.7657344 1.6997896 0.06187166 0.022030607
 440. 0.347168 0.3822043 1.5432657 0.014503811 0.025386497
