 300.2 4.16636 2.5236175 7.5918555 0.23953754 0.11870391
 300.4 3.981482 3.3968263 7.3744936 0.28544244 0.19594151
 300.6 3.2260067 4.653277 5.769719 0.026651397 0.19202714
 300.80002 3.214415 2.2398572 3.700386 0.26030958 0.024374714
 301. 5.2467537 5.5984507 6.3314714 0.3933135 0.1297733
 301.2 0.7384191 3.1206753 3.539683 0.0069601 0.13158363
 301.4 5.6489043 3.586745 7.2900953 0.6617503 0.21844624
 301.6 1.8815753 2.9542494 4.4540625 0.043959294 0.18006434
 301.80002 4.40565 2.4491642 4.5986395 0.28939825 0.09798022
 302. 1.3793112 3.4335837 4.2958345 0.0058522117 0.38217178
 302.2 4.0836945 1.4109786 5.3410845 0.37002277 0.042089585
 302.4 1.6972723 3.3101838 4.666667 0.13701473 0.19368821
 302.6 2.8638985 4.55314 5.2427034 0.28021985 0.24569409
 302.80002 2.9725833 2.5686283 4.9312167 0.25888824 0.09738856
 303. 2.4532583 3.8915114 5.2549014 0.14475174 0.19380778
 303.2 3.8827844 3.6905875 5.108695 0.12654561 0.23162556
 303.4 4.015512 4.3124223 6.309804 0.23766224 0.12639916
 303.6 3.6038215 4.00445 6.5920715 0.2600637 0.23599935
 303.80002 3.1428578 3.3951309 5.833333 0.10532334 0.12654261
 304. 6.447879 4.631579 10.300367 0.9022408 0.378844
 304.2 3.9243507 4.305379 7.3174605 0.15121554 0.09630445
 304.4 4.5105906 3.8416991 6.6 0.27167663 0.3187638
 304.6 4.444827 3.1686156 8.172162 0.2525427 0.28746727
 304.80002 2.266111 3.809524 5.3273654 0.25787565 0.22230156
 305. 3.4989324 3.9729295 5.117174 0.26151952 0.141455
 305.2 2.7154386 4.198413 7.2010193 0.17639326 0.30494434
 305.4 4.7318296 5.6277056 9.313377 0.17313302 0.32069942
 305.6 2.612679 2.9204483 5.0241575 0.19006889 0.066088706
 305.80002 2.6719456 3.373314 4.1398954 0.28283092 0.20064162
 306. 2.5222974 2.5812707 6.789607 0.09358669 0.097202085
 306.2 1.7818725 3.028459 4.1086955 0.07635876 0.051342536
 306.4 3.8830414 3.123518 5.7956743 0.27394268 0.2353782
 306.6 3.3571434 4.3124356 7.134326 0.108351074 0.31559253
 306.80002 5.0654516 2.9698434 7.5776777 0.37255833 0.27526915
 307. 4.1130023 3.3954253 6.2777777 0.28091478 0.1801105
 307.2 4.675626 2.7922084 6.8771925 0.29596063 0.3094125
 307.4 4.834368 2.8871427 6.590476 0.19625582 0.14572518
 307.6 4.6464653 6.509284 6.599326 0.53490895 0.5133992
 307.80002 6.484848 1.6202854 7.6483526 0.6913588 0.03492553
 308. 5.209515 3.7053757 6.002747 0.15382966 0.03865931
 308.2 4.852456 3.347013 7.114846 0.3214092 0.32148957
 308.4 2.5282493 4.830918 6.520147 0.05943783 0.4419506
 308.6 7.916929 1.5584425 9.9603195 0.70460373 0.05589359
 308.80002 2.7621493 2.6777382 3.6451619 0.11367869 0.118128955
 309. 5.0728436 3.8633544 10.153848 0.6451558 0.5276766
 309.2 4.9304028 3.8748524 5.8222218 0.11748144 0.32236984
 309.4 2.8973675 2.9878924 5.9156013 0.14342989 0.08533206
 309.6 3.4933941 3.5338352 7.748603 0.26555237 0.20347635
 309.80002 4.938142 2.917332 6.966666 0.23463066 0.19080661
 310. 4.0360365 3.106538 6.144927 0.12857759 0.25568804
 310.2 4.3116097 5.8364534 6.1217947 0.11092942 0.62921983
 310.4 5.157933 3.2878673 5.796676 0.29483828 0.1933382
 310.6 2.5892863 6.8411713 6.3106194 0.12759405 0.49410903
 310.80002 5.8554487 3.8714287 9.072465 0.58571655 0.11344844
 311. 2.3029776 6.879445 8.700718 0.10850969 0.6139162
 311.2 8.722945 1.8730167 9.133529 0.7033322 0.03379684
 311.4 2.167743 4.664806 6.523809 0.038953412 0.5522686
 311.6 4.276596 2.932458 4.6216216 0.33500573 0.08742192
 311.80002 3.5014484 3.902053 5.108695 0.18020128 0.15033646
 312. 3.928656 3.5499237 6.062271 0.24595384 0.104524545
 312.2 2.7777789 2.5064607 4.615384 0.13766007 0.10903675
 312.4 3.1190763 6.984849 7.740741 0.109963804 0.7422461
 312.6 4.3158183 3.3831544 5.938596 0.35167274 0.14960693
 312.80002 2.9100535 7.6856184 8.467281 0.03958065 0.8342945
 313. 3.7729118 1.9032837 3.9354844 0.4345982 0.066931896
 313.2 1.8110962 8.317874 7.4505014 0.22535424 0.8369877
 313.4 4.437109 2.1921928 5.6475525 0.106762834 0.1721586
 313.6 3.9874692 4.9579835 9.190477 0.35821512 0.41455308
 313.80002 4.751552 2.9255197 5.76659 0.25205383 0.24868466
 314. 5.8358946 3.6397069 5.8666663 0.22575514 0.08115927
 314.2 2.2188087 3.27035 5.6100245 0.062311944 0.03463846
 314.4 10.166667 2.7986357 9.147467 1.2308282 0.27898052
 314.6 3.3346238 3.9 5.626373 0.09359912 0.08140707
 314.80002 4.2774444 4.555293 6.493506 0.5216119 0.110993296
 315. 2.5146976 3.6847832 4.9313183 0.080405615 0.26728272
 315.2 9.467802 2.7161567 11.284494 0.75296134 0.043636784
 315.4 1.4634155 6.8431563 8.27173 0.06120168 0.40231284
 315.6 4.583333 3.7803035 5.5996943 0.09467255 0.0851415
 315.80002 3.5596242 3.0031452 5.4788356 0.15172638 0.15410422
 316. 3.1806228 3.266605 4.6130953 0.22818573 0.23012595
 316.2 4.371804 4.4516883 9.110537 0.34983087 0.19625653
 316.4 2.5781631 2.02174 4.733783 0.19248492 0.091587745
 316.6 2.755692 8.1862755 8.425325 0.18126059 0.49153206
 316.80002 3.4765446 3.7499378 5.525 0.04427111 0.22905797
 317. 5.078509 6.2246943 9.394818 0.2600206 0.82741064
 317.2 3.4521122 2.913117 4.915601 0.2958773 0.20359035
 317.4 3.0062728 3.8642185 4.890646 0.10487937 0.35692677
 317.6 2.2080426 1.7984581 4.064803 0.12034169 0.07862424
 317.80002 2.568067 3.4975376 6.8312325 0.09518641 0.24189039
 318. 2.653809 1.9964775 4.6358542 0.14109372 0.033483032
 318.2 4.932061 3.1790986 5.1025634 0.28793606 0.08093981
 318.4 3.526191 2.3684216 3.6117942 0.10472998 0.12562627
 318.6 3.2761912 3.8744946 5.295578 0.14993171 0.1756304
 318.80002 4.2515707 3.1168833 5.293182 0.15155195 0.04311392
 319. 1.7615917 3.4444451 4.0345488 0.0033398818 0.07609174
 319.2 2.0521073 3.5591404 6.0968375 0.16009523 0.35367128
 319.4 4.12353 1.4278965 5.14853 0.1996678 0.005375767
 319.6 1.8364983 6.984127 7.3706007 0.0963808 0.5536006
 319.80002 2.6568055 3.1711152 4.212662 0.038806383 0.12600626
 320. 3.748935 3.4285717 5.359231 0.10908874 0.32835284
 320.2 3.8815017 3.0020046 5.481481 0.20939477 0.100970834
 320.4 3.8111796 5.5613527 6.6127105 0.42830145 0.42810258
 320.6 5.106061 2.7070205 6.785714 0.6065725 0.04290575
 320.80002 1.3333341 5.341992 8.303032 0.035739277 0.43422532
 321. 4.5144014 1.3346236 7.369231 0.31204507 0.03087517
 321.2 2.1052642 5.142857 7.9047623 0.016617669 0.32196045
 321.4 3.3359082 1.6363646 4.537037 0.14926107 0.053833734
 321.6 3.7239063 5.888774 8.303032 0.19538562 0.5330731
 321.80002 4.4360266 2.2332027 5.984848 0.2843434 0.09331459
 322. 1.0253953 8.652231 10.192282 0.07131952 0.7023532
 322.2 5.954249 1.281386 5.120094 0.41287208 0.035432383
 322.4 1.7734865 5.8441563 6.7619057 0.029814208 0.66132814
 322.6 5.313283 1.5177314 8.111113 0.38970807 0.029424386
 322.80002 2.491811 3.3566437 4.575164 0.15269886 0.29442027
 323. 3.421569 1.7670463 3.379311 0.12399762 0.048368245
 323.2 1.3237762 3.3859658 6.9394073 0.07406961 0.24379586
 323.4 5.328672 1.8722954 7.689977 0.31744596 0.027603947
 323.6 2.1884084 5.389372 6.1406126 0.139925 0.32645187
 323.80002 3.3100402 2.4737895 4.2127147 0.060798008 0.014819632
 324. 3.6339974 4.8571434 7.7857146 0.18011017 0.24658126
 324.2 4.5511065 4.2254906 6.481482 0.22777748 0.2638946
 324.4 2.813853 7.1777787 10.23485 0.15876478 0.7898884
 324.6 3.7200172 2.3986936 4.8822474 0.20995794 0.10769089
 324.80002 4.467363 4.737547 9.257761 0.46866584 0.48577937
 325. 3.4806132 2.4122596 4.9986925 0.055329815 0.10976831
 325.2 4.3607845 4.604688 15.738095 0.4790202 0.3067394
 325.4 2.4470222 7.555556 8.190477 0.042387623 0.4270678
 325.6 7.62765 1.5692317 7.9367304 0.44768098 0.011985562
 325.80002 1.7939774 6.946196 7.991244 0.017008865 0.62656116
 326. 3.5903008 2.361112 5.935897 0.20346946 0.04743576
 326.2 2.6661267 5.475394 6.9545274 0.17008613 0.28089318
 326.4 5.891371 3.348795 6.4198847 0.33427012 0.09064969
 326.6 2.488585 5.1884613 6.7777777 0.028946118 0.30026785
 326.80002 3.021912 3.568966 7.3870573 0.23070724 0.09603936
 327. 2.9777617 5.191392 8.25911 0.15676565 0.26812193
 327.2 4.1052637 3.339131 6.4791017 0.03839223 0.15075225
 327.4 3.3734245 3.3863282 5.8589296 0.27218562 0.24623044
 327.6 3.3359082 2.3162675 4.8349943 0.0469858 0.15507607
 327.80002 5.1793723 4.1474657 7.6388884 0.46563563 0.4882914
 328. 3.9374719 4.3469 5.617168 0.040418636 0.22752297
 328.2 3.331492 3.7671962 5.9893045 0.067408 0.3397893
 328.4 2.9761643 3.193278 5.278788 0.13265908 0.07680128
 328.6 3.7001903 4.131758 6.3865542 0.2039085 0.3473375
 328.80002 3.3359082 2.0817075 4.6764703 0.11769197 0.08364344
 329. 3.8666332 4.6494217 7.013465 0.32055584 0.19572711
 329.2 2.0665488 2.7269363 2.9431825 0.2865388 0.08825448
 329.4 3.098239 2.8748302 5.3506994 0.11871115 0.2937297
 329.6 1.948679 4.9403944 6.568966 0.061327666 0.6352111
 329.80002 4.3686895 2.0624588 7.4114776 0.21599346 0.045603335
 330. 2.895474 3.3694425 5.6292887 0.2822089 0.16010793
 330.2 3.1163769 4.125818 6.5558395 0.2381416 0.13105047
 330.4 2.993198 2.766918 4.5502644 0.17723675 0.251833
 330.6 4.2373075 2.3823535 6.659598 0.2606742 0.19100569
 330.80002 1.5893936 4.194139 4.784101 0.07666887 0.27062598
 331. 4.2759466 2.1794882 4.3201146 0.48536372 0.054809432
 331.2 2.5718205 4.1301713 7.572309 0.047272947 0.04887205
 331.4 4.255685 2.3179002 5.912045 0.15378527 0.07714639
 331.6 3.0317283 8.011906 9.080088 0.20447528 0.7882888
 331.80002 4.3089437 3.8406017 5.231481 0.15005375 0.12741517
 332. 4.129433 4.215814 12.518117 0.5307142 0.16846003
 332.2 4.3198366 3.837455 8.591037 0.23920731 0.31111452
 332.4 3.949037 3.0519593 7.2321434 0.23969133 0.12200444
 332.6 2.4584842 3.5642922 4.5148993 0.084775515 0.20672779
 332.80002 4.7403994 4.3969975 8.285715 0.3408592 0.2813873
 333. 2.6334958 3.7001903 5.3030295 0.21558754 0.29939938
 333.2 5.9923043 4.0404043 7.588744 0.5589054 0.08385486
 333.4 3.0779228 3.422039 4.1428576 0.088164814 0.26696917
 333.6 3.5592194 3.3983161 10.333334 0.20101129 0.23251306
 333.80002 4.106061 1.9852966 4.9829874 0.25929546 0.053927287
 334. 5.290448 3.1052642 10.276191 0.63456553 0.21512587
 334.2 3.7019978 4.971045 7.4759 0.0385512 0.3165566
 334.4 6.969697 2.7716808 7.4458876 0.30094597 0.15276392
 334.6 3.4825153 3.6524956 4.227151 0.13633233 0.13619232
 334.80002 4.3015876 6.31398 10.857142 0.5144573 0.47848606
 335. 4.053711 2.719299 4.457143 0.26886496 0.07601085
 335.2 3.9329143 3.8727276 7.1978025 0.36825526 0.2946977
 335.4 3.5194786 3.758258 4.9531946 0.31253767 0.225693
 335.6 5.0995665 4.9434595 7.0336137 0.24347334 0.23651959
 335.80002 2.9185526 4.7626586 6.4526315 0.25869343 0.3594534
 336. 4.886364 3.9962125 7.02381 0.27029163 0.22889204
 336.2 2.9243705 4.3750772 6.980799 0.19975127 0.2020455
 336.4 5.3649807 3.2842383 9.195768 0.30800506 0.08404255
 336.6 2.1734703 5.034112 5.2666473 0.01772917 0.36624965
 336.80002 4.3914146 5.7190065 9.428786 0.23639959 0.5115003
 337. 3.28718 3.9815204 6.7989426 0.14725439 0.1498334
 337.2 4.809706 3.073287 6.28913 0.372793 0.306162
 337.4 3.6247773 4.575598 7.646388 0.13814038 0.42928496
 337.6 5.5952373 3.557106 6.801619 0.26850042 0.18195136
 337.80002 2.9858437 3.299664 5.075362 0.050745647 0.18317015
 338. 6.2629404 3.4444451 7.5157595 0.5120263 0.3041834
 338.2 2.0151525 5.1515145 5.689655 0.04684868 0.2940838
 338.4 5.4070997 1.6216224 8.369566 0.29085875 0.16434728
 338.6 2.8681827 5.595238 7.0119057 0.14321348 0.29912615
 338.80002 3.5760376 4.0476193 6.5533156 0.19975583 0.1159561
 339. 4.7611113 4.7338943 8.356644 0.49578473 0.5868318
 339.2 2.9315884 3.3776603 5.9983582 0.06794938 0.07544925
 339.4 4.485379 4.39599 8.3474865 0.41932592 0.424636
 339.6 4.7982016 3.1634974 6.2993846 0.23296227 0.06912919
 339.80002 4.5623975 2.744445 7.828284 0.5739086 0.037042994
 340. 4.1621623 4.7815127 7.0282655 0.10118643 0.23457778
 340.2 2.4353807 2.0321646 4.4786158 0.06468866 0.04116518
 340.4 6.7116714 1.5389907 8.48052 0.5819145 0.08759755
 340.6 2.2546966 3.2482257 4.660634 0.06505323 0.2760047
 340.80002 7.07183 4.072398 7.2946863 0.7033768 0.27162078
 341. 3.3163517 3.2372746 3.677632 0.15357581 0.2194256
 341.2 5.0831475 3.2779632 5.159774 0.42018008 0.33189055
 341.4 1.8059642 3.4329007 5.741626 0.07236012 0.11019503
 341.6 4.1577063 0.8660679 4.522897 0.114424475 0.03442135
 341.80002 2.7773302 6.05 8.246755 0.15308933 0.32353875
 342. 3.0840564 4.3510737 7.37729 0.30522215 0.067344315
 342.2 2.63131 3.809524 4.0178576 0.1930119 0.20412873
 342.4 5.5912094 3.5075195 7.537481 0.635571 0.26662675
 342.6 2.5347009 4.5025206 6.555556 0.18214731 0.27836627
 342.80002 9.469696 3.5389614 13.82155 1.3505416 0.24124229
 343. 2.1257195 7.7696085 9.474154 0.028985068 0.19589
 343.2 3.7728934 3.3316872 4.9027624 0.39671493 0.15308665
 343.4 1.9509954 7.5294123 8.067227 0.051798686 1.042131
 343.6 7.3162394 1.5778189 7.3343687 0.2902773 0.035953287
 343.80002 3.2533867 6.1346803 6.263505 0.28274617 0.24428917
 344. 5.359231 6.643725 6.2500005 0.33283508 0.21550411
 344.2 2.605912 4.2816095 4.312644 0.08405579 0.24940474
 344.4 4.9999995 3.207784 11.09091 0.3670665 0.36372766
 344.6 3.3940792 2.7338238 4.1804976 0.12736738 0.08719424
 344.80002 6.8596 3.5559876 8.305323 0.61707705 0.33144864
 345. 1.7719688 5.2607713 5.072463 0.054218512 0.38013664
 345.2 3.1684217 3.5892863 10.608695 0.33419183 0.081147194
 345.4 4.168267 2.051949 3.1276908 0.14384022 0.033242967
 345.6 5.528714 5.0411835 10.496794 0.65682644 0.6629811
 345.80002 2.863294 3.8083339 5.796145 0.13910753 0.17421788
 346. 5.657894 6.5920715 10.999002 0.6335407 0.6293196
 346.2 5.233517 2.309529 6.090323 0.5491064 0.08022409
 346.4 1.7391313 6.6071424 7.2857146 0.10220628 0.7870667
 346.6 3.7283428 3.556026 5.873015 0.28713375 0.16544665
 346.80002 2.105329 7.280088 9.880953 0.1366632 0.6233267
 347. 6.071575 1.3123724 7.223979 0.6438965 0.07491108
 347.2 2.662889 4.285714 6.3629656 0.14805207 0.41839793
 347.4 2.6421962 4.8607917 6.591478 0.15022974 0.1833985
 347.6 7.570208 7.0003676 10.488401 0.7878043 0.356546
 347.80002 4.754386 4.0606065 6.554334 0.4769318 0.23562914
 348. 4.247312 3.6617267 6.535714 0.05108853 0.40167856
 348.2 4.4208593 3.2647533 6.4263697 0.2938261 0.18362866
 348.4 3.851852 6.3850617 6.157895 0.33767164 0.3293998
 348.6 3.0186343 2.9401717 4.8750005 0.09837518 0.11100518
 348.80002 4.404762 3.8285718 6.134454 0.21158041 0.29980537
 349. 2.9496017 2.529881 4.3189654 0.10246968 0.12225839
 349.2 1.8030312 8.993506 9.857142 0.17590116 0.9101394
 349.4 4.4523807 2.2693298 5.5 0.13442066 0.13286802
 349.6 5.0144315 6.4126983 7.263158 0.61460614 0.56810105
 349.80002 4.6277056 2.2171261 5.9352994 0.12659137 0.20512868
 350. 3.210423 4.323992 6.4658384 0.23389214 0.28295916
 350.2 2.9948413 4.1226215 4.922761 0.19976498 0.13948072
 350.4 2.5878594 5.1723275 6.538461 0.25526097 0.6145448
 350.6 5.004609 2.977701 6.622222 0.19935 0.1894582
 350.80002 3.3838391 3.4335847 7.717447 0.049848672 0.29878804
 351. 3.3910937 3.4999626 4.817338 0.19866502 0.21504973
 351.2 3.824176 4.8014708 6.85112 0.37520233 0.5686553
 351.4 2.371796 4.2424245 4.414683 0.14372177 0.04611216
 351.6 2.9013119 5.572076 8.235654 0.038160764 0.56076056
 351.80002 4.251553 2.354718 4.465978 0.20934618 0.07425826
 352. 2.8547928 9.373738 10.261439 0.091998726 0.97011995
 352.2 4.8277297 3.540338 9.7078 0.3693749 0.32233268
 352.4 7.0206046 1.7048203 6.869565 0.2135346 0.057530183
 352.6 5.8119664 4.861751 8.761905 0.26782742 0.20195572
 352.80002 3.6103063 3.3640556 5.8742723 0.1404079 0.23972352
 353. 2.8836274 8.032469 9.007071 0.09297112 0.38006887
 353.2 5.8901567 2.514813 6.281583 0.21882455 0.05102536
 353.4 3.5210648 4.2649145 5.810525 0.2641413 0.21857749
 353.6 3.5806458 3.7708035 5.696036 0.32478252 0.16895616
 353.80002 2.764516 4.524854 5.5187483 0.058494955 0.31606165
 354. 1.6072824 5.4761896 5.806115 0.13235989 0.3331022
 354.2 4.275132 3.0524275 5.4445543 0.36324313 0.17697184
 354.4 2.7106926 3.054762 3.692983 0.07406414 0.0754354
 354.6 3.4128394 4.1630096 8.265276 0.2962 0.3778224
 354.80002 4.801434 3.7715771 4.804657 0.32369274 0.12082385
 355. 9.34066 2.0472426 14.140127 1.1273564 0.2573555
 355.2 3.7832515 4.3253965 6.2775917 0.23790355 0.11422756
 355.4 4.313056 1.936684 7.235654 0.52188045 0.033735316
 355.6 3.281379 4.673744 6.8353777 0.17317611 0.30604216
 355.80002 3.0829182 3.0882363 3.7882645 0.033204127 0.1619541
 356. 4.278389 4.4717956 7.16154 0.18954892 0.4346989
 356.2 3.9497285 1.5283549 4.7859645 0.110706665 0.086055
 356.4 3.482113 5.2134156 7.3693795 0.18689942 0.46163142
 356.6 3.1154282 2.071941 4.3587227 0.15489219 0.050512478
 356.80002 2.5158362 3.8855615 8.2527485 0.34844068 0.4883469
 357. 3.5445118 2.1401718 4.1093473 0.33186334 0.07031865
 357.2 3.610154 7.512716 9.120083 0.14228107 0.8517477
 357.4 3.862947 2.6606343 5.4134617 0.23499365 0.37988973
 357.6 2.9400566 2.9150321 5.4848485 0.109561004 0.21341826
 357.80002 2.9808192 3.6007137 5.6777263 0.29294312 0.10520763
 358. 2.365892 4.81685 5.0724635 0.1865834 0.31402147
 358.2 3.2251925 3.4823673 4.780952 0.1988744 0.21458034
 358.4 2.71153 4.315476 4.4597063 0.29786575 0.36677325
 358.6 5.742608 2.8033676 6.186868 0.41879168 0.11285878
 358.80002 3.462455 8.027121 10.083918 0.09268104 0.79404944
 359. 5.419268 3.0549457 5.9362745 0.3009493 0.13975953
 359.2 2.742993 6.9433885 9.984849 0.27624473 0.8607947
 359.4 5.402299 2.6897626 8.809525 0.4880409 0.06267766
 359.6 2.3839722 3.3436542 3.8181825 0.04775211 0.14939515
 359.80002 4.013666 3.157249 5.257142 0.112522386 0.2819666
 360. 3.481482 5.681232 6.7380953 0.104511656 0.46922943
 360.2 3.374284 2.7941184 5.972222 0.42578778 0.3646191
 360.4 3.9954891 4.444689 8.908498 0.14086626 0.2444275
 360.6 2.5958972 5.3054953 9.038646 0.16378717 0.34770963
 360.80002 5.468917 3.987265 5.5624356 0.193497 0.090248115
 361. 3.8247318 4.6149535 7.487078 0.21718901 0.37896797
 361.2 3.8929214 4.566802 9.084969 0.23754494 0.13207029
 361.4 4.3750005 1.7340882 4.994589 0.087404065 0.17321901
 361.6 4.0532355 8.538462 10.241406 0.39956775 0.66966516
 361.80002 4.4157963 3.0292907 4.813315 0.28631508 0.19877267
 362. 2.730264 5.7356324 8.505292 0.3251864 0.5400449
 362.2 3.3995132 2.9643815 5.763343 0.22160338 0.07425057
 362.4 3.3691258 4.961039 6.508158 0.19094191 0.18191911
 362.6 5.1948047 2.4778914 5.2585764 0.28275508 0.03698298
 362.80002 2.8674474 4.828544 6.5920715 0.12587835 0.53080577
 363. 3.3305306 2.3599267 5.10261 0.23543875 0.097641855
 363.2 2.6428082 4.145548 6.1325054 0.08622867 0.4930259
 363.4 4.46998 4.990079 7.3834586 0.26631856 0.23227198
 363.6 3.8613167 3.7001903 4.722222 0.19443111 0.4997714
 363.80002 3.2028992 1.8624462 5.3719296 0.094204396 0.21867116
 364. 3.9151516 3.8181825 6.0294113 0.3436418 0.07105302
 364.2 4.246043 5.486909 7.3936706 0.17678674 0.51452136
 364.4 4.924243 1.8546247 4.2488756 0.40694535 0.10031674
 364.6 2.1095853 7.8888893 10.079367 0.095916905 0.9247549
 364.80002 4.239131 1.9525118 5.0196085 0.35981783 0.07289997
 365. 2.04762 6.9902945 5.878787 0.061056808 0.5856483
 365.2 3.7500005 1.3382362 5.0254087 0.045927122 0.027523376
 365.4 4.155457 6.957143 7.0248537 0.22983773 0.44501638
 365.6 2.7328298 3.2453237 5.727273 0.13301016 0.15029138
 365.80002 2.4756 4.8701525 5.701324 0.076226406 0.32527056
 366. 2.0722146 3.193278 4.211823 0.07828274 0.19288439
 366.2 2.5339375 6.6896057 8.550207 0.05335016 0.23407425
 366.4 2.1922326 2.746037 3.8667831 0.10551262 0.10482968
 366.6 2.9352887 2.5259461 4.3302326 0.13470991 0.1884207
 366.80002 2.749355 4.1761436 5.9758883 0.11904111 0.34540296
 367. 2.8282838 3.1948059 4.586894 0.11823992 0.093412064
 367.2 3.434344 2.8754587 4.636243 0.29431784 0.07824365
 367.4 5.8156433 2.8041818 7.574176 0.23978673 0.12094218
 367.6 2.296965 4.321124 5.006313 0.05986606 0.309881
 367.80002 4.342273 1.4285723 4.342273 0.5680269 0.03725073
 368. 2.3634684 6.019231 8.41342 0.064392604 0.72587425
 368.2 6.7051287 1.7826096 8.251083 0.59073895 0.07514038
 368.4 1.9415214 3.356322 4.1379313 0.09458074 0.27529192
 368.6 4.0178576 2.6422772 5.905263 0.22961235 0.10178363
 368.80002 3.1729062 2.9557831 4.9845667 0.1270413 0.20986275
 369. 3.205565 4.539131 6.7753625 0.11693523 0.44277582
 369.2 3.7832649 3.0219786 5.4190474 0.21679847 0.15330344
 369.4 2.316794 5.666667 6.0404043 0.08946288 0.5223766
 369.6 4.734849 4.7222223 9.523811 0.37817693 0.24673362
 369.80002 2.138984 4.093919 6.4481797 0.03548892 0.23659326
 370. 5.66068 4.0997076 8.676471 0.40756854 0.18037297
 370.2 3.3536484 6.5751634 7.7348495 0.1061871 0.6139473
 370.4 4.6555924 3.4893177 4.992546 0.19708855 0.11851582
 370.6 5.769231 1.8730167 6.181318 0.60183525 0.1278386
 370.80002 3.7218776 5.6766915 8.144797 0.044149566 0.61694807
 371. 2.273955 3.5968442 5.118083 0.024131067 0.18468483
 371.2 4.7102666 2.5857148 6.683474 0.32895318 0.17705679
 371.4 1.2265295 5.4632034 7.093792 0.06379695 0.3521198
 371.6 5.611491 1.8277607 6.6353455 0.7435198 0.056567136
 371.80002 2.8829942 6.2673993 7.2487097 0.10529682 0.32425478
 372. 4.681319 2.4484398 5.6558676 0.43180963 0.11017066
 372.2 0.72124803 5.005042 5.8904285 0.02886151 0.5650175
 372.4 4.218182 2.2383313 7.3566437 0.11296896 0.08822984
 372.6 4.2258067 2.8994002 5.691924 0.07736713 0.10156188
 372.80002 3.2539687 5.347985 5.3956037 0.028653055 0.50085926
 373. 3.473474 1.7772763 4.574799 0.180188 0.009158596
 373.2 1.9607852 4.5674133 5.9496565 0.05952763 0.6006069
 373.4 4.327273 1.5475137 6.401516 0.45406476 0.08196265
 373.6 3.3159947 4.8420334 5.7333326 0.20939945 0.30451402
 373.80002 3.2017548 3.8314126 6.525674 0.08442753 0.17576073
 374. 1.7641035 2.8739326 3.8025212 0.16345447 0.075496316
 374.2 2.3530085 3.602942 5.2038717 0.1436621 0.15061325
 374.4 3.0769238 4.5441794 5.77381 0.053232957 0.2732604
 374.6 2.902099 4.559884 5.643264 0.110869706 0.20916174
 374.80002 5.5377855 4.1991343 9.241407 0.69727665 0.24653335
 375. 3.333334 3.1964703 6.0023804 0.081639 0.10152579
 375.2 3.5324683 5.2268915 4.4689655 0.3300661 0.231808
 375.4 3.5000005 3.514072 5.108695 0.19335224 0.25384057
 375.6 3.0064664 3.4633186 7.557312 0.05679792 0.19485952
 375.80002 3.6428573 2.6645596 6.7158384 0.17591397 0.03238189
 376. 3.6054425 5.5999994 8.96104 0.23339468 0.7492264
 376.2 2.5553324 4.6369047 4.62406 0.105412334 0.27878913
 376.4 3.095605 6.3003664 7.438597 0.15400364 0.5969271
 376.6 3.809524 3.3037255 5.177104 0.060200308 0.15893826
 376.80002 4.3488646 3.681078 6.0336127 0.2711428 0.40334615
 377. 4.8851595 4.320464 8.50816 0.25739396 0.27110264
 377.2 4.061535 3.2251086 5.3307266 0.19631417 0.20353629
 377.4 6.6144204 4.3247433 7.3026314 0.30359194 0.2922589
 377.6 4.2059693 3.0043297 6.4568367 0.21350305 0.062250387
 377.80002 2.936011 4.977194 6.008658 0.057119776 0.2652118
 378. 4.9954453 3.2695441 7.166667 0.17417808 0.07153105
 378.2 3.0320623 5.3607526 7.9341736 0.109659694 0.43327892
 378.4 4.0384617 2.2119436 7.78383 0.25273344 0.12974267
 378.6 2.40274 3.101788 5.181277 0.081257835 0.3462322
 378.80002 2.4428914 5.9150343 7.0959597 0.10717386 0.37570205
 379. 4.373052 1.4368348 4.668803 0.36070487 0.0137597965
 379.2 3.220115 7.629631 8.427352 0.13827099 0.9326995
 379.4 6.408188 1.3988104 6.8690476 0.2535219 0.06924059
 379.6 2.4306624 6.3806252 9.029738 0.19909072 0.824846
 379.80002 3.802112 2.705628 6.05291 0.22952867 0.15581341
 380. 3.7777781 6.2142854 8.658027 0.3023993 0.5484435
 380.2 3.3308334 2.2048075 6.443887 0.14157142 0.060021486
 380.4 5.3871145 5.6446085 12.190477 0.22268508 0.6492188
 380.6 3.7449403 3.5721526 5.7781386 0.15826647 0.213798
 380.80002 3.301096 3.7356327 6.7857146 0.28894523 0.36438322
 381. 5.516908 3.2500007 6.0324717 0.26401636 0.12560973
 381.2 4.047619 2.3859658 4.3578653 0.34812656 0.173145
 381.4 4.1333337 3.6725802 4.607427 0.33678666 0.14182086
 381.6 2.2272735 3.5060077 3.740897 0.09496611 0.21050079
 381.80002 4.957774 3.0734155 6.8205132 0.5797393 0.23596625
 382. 2.6383533 4.976837 8.678572 0.13666473 0.26864365
 382.2 5.555555 2.8613667 6.9930067 0.5704026 0.22524273
 382.4 3.6429024 3.3305306 5.095238 0.042035084 0.16975416
 382.6 4.431297 3.2572694 5.54155 0.22831689 0.12150868
 382.80002 4.6715937 4.6197248 6.016103 0.19943881 0.34312966
 383. 6.5010896 4.0405107 8.666667 0.671022 0.04045772
 383.2 1.6507944 3.5353541 5.236539 0.15629672 0.39455494
 383.4 6.3993325 0.98402673 6.657894 0.4061786 0.08284049
 383.6 1.9854568 3.4134624 4.218182 0.107457526 0.22641993
 383.80002 5.756282 4.9129553 5.6326876 0.52545047 0.29293206
 384. 2.7425656 2.7210894 4.68254 0.2655141 0.06229982
 384.2 4.661623 5.402598 6.4817924 0.4022273 0.38143227
 384.4 2.5353546 2.0991704 6.5584054 0.12061134 0.07529957
 384.6 5.525794 2.2524924 6.373118 0.57528675 0.25552973
 384.80002 2.9089074 2.6242821 4.785965 0.097959824 0.17956346
 385. 3.8787885 6.207669 7.3128343 0.07447236 0.657776
 385.2 2.7522645 2.2857153 4.3920326 0.22055878 0.08441887
 385.4 2.6033103 4.278788 5.4573927 0.1048246 0.14117421
 385.6 4.2268305 2.8977237 5.843223 0.29277018 0.22015917
 385.80002 1.8101768 3.693749 4.851032 0.07645748 0.1366222
 386. 5.283613 3.7901928 8.3294115 0.58595526 0.15225501
 386.2 2.7638822 3.9601886 4.7186146 0.083808206 0.45644775
 386.4 2.9277806 4.3229814 7.4178305 0.35429692 0.2860252
 386.6 4.3921566 6.1294117 6.042781 0.04153906 0.19781418
 386.80002 3.2449875 4.0404043 4.575164 0.19027044 0.10911173
 387. 4.935897 3.2924876 8.341271 0.27013233 0.20419419
 387.2 4.2253313 4.1420393 5.151034 0.26552197 0.049798053
 387.4 8.36386 2.9353578 13.110926 1.1219175 0.32493377
 387.6 1.8506501 6.058862 8.19132 0.061331466 0.27912542
 387.80002 5.09804 4.2657347 6.929824 0.3019107 0.29861948
 388. 4.7289987 2.609809 4.8148146 0.3119889 0.18798816
 388.2 7.0294123 4.25323 9.464053 0.66427064 0.56687605
 388.4 3.8351312 2.783711 5.3359675 0.28250435 0.157895
 388.6 3.7127252 6.0582037 6.5901117 0.2265752 0.4823381
 388.80002 2.0627618 3.2405696 5.151515 0.032893565 0.20054449
 389. 3.1257641 5.1270056 7.7426085 0.11159555 0.4094757
 389.2 3.6160717 2.1818192 4.735011 0.28620365 0.03202739
 389.4 3.755447 3.3052635 5.898692 0.21194439 0.19268148
 389.6 2.9588351 3.5572095 4.653783 0.119007885 0.32588205
 389.80002 3.1787117 2.8282838 4.3672457 0.17665519 0.20883667
 390. 3.15698 2.6710343 3.979039 0.047322202 0.13767536
 390.2 4.8951044 1.9279915 5.0181813 0.052495286 0.13185696
 390.4 1.7132788 4.5299153 5.9999995 0.021261403 0.17727035
 390.6 5.631747 2.169313 6.7908278 0.5103767 0.09539446
 390.80002 2.4762394 3.3809533 4.262627 0.20070307 0.2394195
 391. 7.1153846 5.7884192 7.972029 0.6260159 0.11097904
 391.2 1.8286779 4.734849 2.7329202 0.026840812 0.3331467
 391.4 5.108695 3.2113624 5.3708124 0.5241501 0.34361625
 391.6 2.9793112 4.125 4.1904764 0.104470246 0.3152642
 391.80002 4.054581 3.5819898 7.009804 0.4490079 0.26043117
 392. 4.1329966 3.884789 7.1111116 0.37574002 0.11280367
 392.2 3.4194534 5.814536 7.1963563 0.08455473 0.10448841
 392.4 3.7405524 3.139129 5.8552623 0.18404114 0.2659707
 392.6 2.835163 6.584365 6.062656 0.22695787 0.71802187
 392.80002 4.679005 1.7922087 3.7671962 0.20739822 0.049538463
 393. 2.4092016 5.210084 5.9893045 0.10129631 0.45037803
 393.2 2.5511203 3.8888888 6.776165 0.14905311 0.18537585
 393.4 4.7151513 2.7015257 7.9053698 0.11822498 0.25821438
 393.6 3.6519485 3.3746886 5.8502417 0.10966087 0.2074917
 393.80002 4.3433065 4.9749207 7.0681815 0.09547227 0.5563567
 394. 5.972222 4.0474653 7.574075 0.39136252 0.19167061
 394.2 2.7823825 3.8011699 5.823195 0.17606013 0.12992693
 394.4 3.0534458 5.8876686 7.500001 0.23546903 0.21634583
 394.6 3.2820518 1.6081995 4.444444 0.05293433 0.12740304
 394.80002 3.3737416 4.134082 5.7769413 0.14164393 0.13911067
 395. 3.6296227 2.9548879 4.808568 0.31916714 0.05677046
 395.2 3.0599189 5.4655867 6.6666665 0.273244 0.44578394
 395.4 4.0216217 4.607661 4.5428567 0.08762359 0.15811278
 395.6 3.2703495 6.162282 7.478495 0.286361 0.45214447
 395.80002 2.3227615 2.3500009 4.816053 0.21532522 0.112446465
 396. 5.0913744 3.3984501 7.7696085 0.22205043 0.24137048
 396.2 3.1941576 3.3359077 5.4952383 0.16620007 0.101350695
 396.4 5.0883837 4.3924017 6.5119047 0.29331505 0.45890316
 396.6 2.1387877 2.5587327 5.645183 0.10051001 0.23216625
 396.80002 3.5947747 5.9108953 9.426088 0.24626195 0.41076466
 397. 2.6261027 2.2972481 4.4 0.19736107 0.05427876
 397.2 2.4009154 6.2332635 5.608695 0.117864095 0.29948828
 397.4 1.6161625 3.1515157 4.56029 0.09541651 0.17854051
 397.6 3.3759599 4.3704715 7.9062057 0.26110494 0.17214894
 397.80002 2.126985 2.9020987 4.5486536 0.117768995 0.107404985
 398. 3.7028992 3.3154495 5.735172 0.17085142 0.26601195
 398.2 5.3030295 1.9110752 6.2685423 0.6064183 0.026401557
 398.4 5.5463977 4.066865 7.8500175 0.1460924 0.15844232
 398.6 2.6915123 2.2935457 4.099847 0.18415509 0.08013806
 398.80002 6.6995797 3.151516 8.060606 0.8018336 0.22949891
 399. 2.440886 2.2314792 4.047284 0.04386388 0.13933676
 399.2 3.6721406 1.9357128 5.5968375 0.26541105 0.1802605
 399.4 2.339136 3.810484 4.9370027 0.07388362 0.09051293
 399.6 2.5328598 7.601168 8.30303 0.11139605 0.6371087
 399.80002 7.3594475 2.5726752 7.3809533 0.8219478 0.006034681
 400. 1.8780105 8.25 8.666667 0.018301778 0.7946277
 400.2 5.9999995 3.491222 7.071429 0.23175327 0.054244846
 400.4 3.3193283 7.305556 6.555556 0.18845157 0.4257715
 400.6 3.5927436 2.420772 5.3099313 0.17271984 0.09337914
 400.80002 4.3265705 8.350065 10.7404 0.080396056 1.1112809
 401. 4.7764707 2.455531 5.7002797 0.27585533 0.1215891
 401.2 4.1555552 4.531063 6.2685423 0.13278086 0.3998618
 401.4 3.532764 2.719299 3.714286 0.1847301 0.049876794
 401.6 3.4375 3.4090915 5.655236 0.4377173 0.3431169
 401.80002 3.276741 2.306458 6.978494 0.041649517 0.06454607
 402. 2.5518932 3.961562 4.330943 0.3540877 0.33001462
 402.2 4.6063814 3.450211 4.545455 0.077118866 0.16155092
 402.4 5.4385967 6.364881 10.820993 0.27809703 0.5719994
 402.6 5.2718773 4.2028985 6.8181815 0.26413038 0.60594654
 402.80002 4.2884016 3.3384151 5.5760374 0.099725984 0.21917598
 403. 2.5039754 6.248935 9.676925 0.11502931 0.82218695
 403.2 5.33603 3.6436105 6.5271807 0.30452755 0.08488559
 403.4 4.407427 5.5214677 10.064937 0.13370155 0.6351019
 403.6 4.7584543 5.170454 13.707072 0.4658328 0.332359
 403.80002 3.3561523 5.1190476 7.37193 0.12763669 0.27269605
 404. 3.081773 4.7619047 9.586466 0.14844237 0.21965486
 404.2 4.015152 4.916667 6.1813188 0.34661922 0.27205518
 404.4 7.6731973 2.0535376 8.176491 0.20606701 0.05701144
 404.6 2.1323538 3.6721187 5.9259253 0.035263885 0.26297304
 404.80002 7.6773386 3.0675602 8.37607 0.6746125 0.08438914
 405. 1.711343 4.7490582 5.6643353 0.0506407 0.346289
 405.2 4.739766 2.8985891 6.904161 0.3561643 0.07329173
 405.4 4.2036734 4.785215 7.769231 0.3862501 0.3475808
 405.6 3.4219463 3.716908 6.133333 0.16778646 0.27718592
 405.80002 4.6562543 6.6252594 9.488161 0.2953147 0.5978593
 406. 2.8729458 2.9291196 5.397466 0.049177196 0.12591179
 406.2 5.9941516 3.568203 7.4708633 0.6180828 0.2877448
 406.4 2.8302336 2.8673904 5.1583333 0.05907297 0.0971528
 406.6 5.5874124 3.305447 7.6409774 0.599575 0.16065268
 406.80002 4.558847 3.524772 4.747475 0.20214026 0.1725144
 407. 7.6687317 3.061345 10.837791 0.3098375 0.06875953
 407.2 2.5553854 3.1998236 4.514286 0.17176001 0.21738876
 407.4 5.9651175 2.2568917 9.2207155 0.80542547 0.18104684
 407.6 2.33425 4.2089434 5.469565 0.10283475 0.1377498
 407.80002 3.8447063 2.7500007 6.7111115 0.2028296 0.047305744
 408. 1.6604019 4.2750006 4.935484 0.16257979 0.19053108
 408.2 4.3852816 3.030539 5.8085046 0.5006599 0.13514648
 408.4 3.0025022 5.920228 8.457041 0.124057256 0.3111601
 408.6 5.513457 1.7572081 6.173767 0.28349453 0.07588334
 408.80002 1.6106513 5.896327 5.896327 0.015486218 0.22677125
 409. 9.5807905 0.7847959 9.749141 0.76025146 0.023578092
 409.2 1.1474806 5.641025 5.641025 0.050666828 0.43927196
 409.4 9.634922 2.4713597 9.811393 0.84349483 0.080411084
 409.6 2.4285724 3.6810462 5.3148146 0.04830307 0.25712472
 409.80002 2.6068475 3.3901048 4.048882 0.15891668 0.08394011
 410. 3.3687947 3.1363218 4.3197756 0.13142282 0.083575934
 410.2 4.844123 4.2529917 6.6482496 0.18529575 0.08549315
 410.4 2.737318 4.3181825 5.3867064 0.0121016875 0.46677092
 410.6 4.3333335 6.5863523 7.619048 0.30142215 0.3239912
 410.80002 2.8710186 2.4384243 3.9523811 0.2860087 0.15001714
 411. 3.2434394 4.142857 6.0920715 0.17960157 0.3457007
 411.2 3.289208 3.1600556 4.8076916 0.2167422 0.038833354
 411.4 7.0219307 1.9893198 7.9429345 0.52466846 0.021888552
 411.6 2.3083997 4.559272 5.239086 0.09126734 0.25919023
 411.80002 4.6080585 1.9751995 4.9134197 0.16647069 0.093158685
 412. 3.1216938 3.2928307 4.596838 0.19034886 0.20911366
 412.2 5.5440645 4.1250005 6.1501827 0.17612688 0.45621908
 412.4 4.1871924 2.1573944 4.8148146 0.26641098 0.046906304
 412.6 5.047455 5.4100523 6.944444 0.40795016 0.6438455
 412.80002 2.651516 3.0326047 5.2859144 0.12998904 0.08382393
 413. 6.244042 7.291668 9.418803 0.22079317 0.69133353
 413.2 2.0274832 3.3048387 3.8571434 0.107215695 0.049954686
 413.4 5.2982454 2.3303177 5.5973263 0.22271514 0.069591634
 413.6 1.8717409 3.5382066 3.8866398 0.0430524 0.3811579
 413.80002 4.795518 1.0767534 4.8431373 0.49087393 0.040343992
 414. 2.257684 4.479616 5.180233 0.085157566 0.57467896
 414.2 5.7215686 1.5132284 6.721569 0.51846623 0.0410978
 414.4 4.4912286 2.054892 5.828206 0.13748546 0.106629096
 414.6 3.1887622 4.52381 5.745083 0.33846626 0.49023142
 414.80002 3.2075977 4.534779 7.648693 0.087692164 0.18669683
 415. 4.7727275 2.8205137 5.5105257 0.3657528 0.059358556
 415.2 3.9896557 4.8313494 6.3833337 0.14077877 0.1372851
 415.4 1.4694378 3.9406598 3.9365082 0.14774019 0.10768434
 415.6 2.7144146 4.08425 5.395604 0.16358504 0.1257023
 415.80002 1.5313486 1.7069324 4.369048 0.06813053 0.034873042
 416. 2.8078823 4.229535 5.700279 0.1226015 0.27638033
 416.2 3.1992848 1.9047629 2.8472233 0.21173769 0.20434211
 416.4 2.1339939 3.233378 5.0439887 0.163554 0.0659371
 416.6 2.3843148 1.5019264 3.2256417 0.11116445 0.07860083
 416.80002 2.215917 6.3333335 7.8333344 0.23690897 0.5355082
 417. 3.8064404 2.4545465 4.208754 0.25816 0.062443133
 417.2 3.7536664 4.933333 5.2748537 0.2993925 0.31648004
 417.4 3.2386367 3.0915039 3.9604733 0.2005303 0.06971543
 417.6 1.7532476 3.8974361 6.8906455 0.06861554 0.3512726
 417.80002 2.8202026 2.1400425 2.7505834 0.1205765 0.039723065
 418. 2.0730908 3.5806453 4.864777 0.031860214 0.36672768
 418.2 3.6564178 2.8888898 4.2272725 0.16964342 0.09966942
 418.4 3.9601948 2.6022134 5.9507384 0.29844934 0.17806871
 418.6 3.1778643 2.9670339 4.3939395 0.30167305 0.2665485
 418.80002 2.1251638 3.2538784 4.777184 0.042325277 0.043006662
 419. 5.48913 4.838095 9.443224 0.67170054 0.54667056
 419.2 2.8975117 4.0178576 4.483695 0.030111717 0.22418022
 419.4 4.427433 5.0934896 9.239042 0.33261248 0.49802542
 419.6 4.626697 5.2494307 6.197802 0.42264748 0.20200694
 419.80002 3.731442 3.7751918 5.627705 0.10336062 0.14163135
 420. 2.102565 3.6332774 4.0952387 0.09904092 0.17864735
 420.2 3.258236 5.8802137 8.333334 0.3175583 0.76504755
 420.4 3.216352 2.7845538 4.0885587 0.1409556 0.12431908
 420.6 4.1885967 5.0064607 7.3492064 0.44716707 0.44727898
 420.80002 2.5451102 3.4184933 4.558654 0.12650631 0.2411257
 421. 7.1225815 5.219299 8.662139 0.6514905 0.6591142
 421.2 3.2058291 4.8917747 9.71558 0.13032322 0.43483528
 421.4 3.8881574 5.3912764 8.904763 0.27383515 0.27413547
 421.6 4.425771 2.1374536 7.7695646 0.6306511 0.073851325
 421.80002 2.136753 10.071858 10.801588 0.15491448 1.0843447
 422. 6.3314533 3.036237 7.0839586 0.45328614 0.14145233
 422.2 2.1666672 13.6337 15.166667 0.11147661 1.7887198
 422.4 4.869565 3.2971091 10.264551 0.17427404 0.09825105
 422.6 2.8571434 9.462964 10.75397 0.2108972 1.2140737
 422.80002 3.833427 2.482994 5.307882 0.16931535 0.10119621
 423. 5.3555565 8.309409 10.060041 0.20910151 0.92815465
 423.2 3.5374806 3.5868237 4.572619 0.34295437 0.18065955
 423.4 4.427336 6.320029 14.733894 0.124278575 0.70158106
 423.6 4.6886454 4.803628 5.679089 0.5129063 0.21106263
 423.80002 9.10789 6.7510896 10.023313 0.76105696 0.86425257
 424. 4.583333 3.5674024 7.426152 0.21974893 0.22580725
 424.2 6.0790024 2.5578244 7.831502 0.3634905 0.101428784
 424.4 3.6863492 5.575757 7.5198417 0.15361853 0.20615284
 424.6 8.448179 3.2244904 10.321196 0.46223322 0.11574321
 424.80002 2.6599877 4.309369 5.2167826 0.100139014 0.43536806
 425. 5.8920126 3.4385972 6.6018753 0.34701228 0.19486988
 425.2 2.7513442 5.423977 6.838095 0.21417654 0.22726786
 425.4 5.7391305 3.8094172 7.5533934 0.6016255 0.12533052
 425.6 3.4010708 3.1331544 4.9007936 0.080195 0.10559089
 425.80002 3.7001903 3.5769234 7.3717947 0.26603457 0.23629121
 426. 4.1470823 3.6713283 13.428572 0.32523593 0.20393248
 426.2 6.054423 2.9150205 7.428572 0.27086893 0.19181664
 426.4 1.9853718 7.258784 8.243224 0.07893875 0.67316467
 426.6 5.964381 3.7701619 8.589989 0.63688844 0.07967638
 426.80002 5.7777777 2.3095434 6.666667 0.47284675 0.013842377
 427. 4.310613 6.45365 11.869843 0.3591622 0.12887056
 427.2 2.3859658 4.0092173 5.7021003 0.06958356 0.1508397
 427.4 3.8586185 3.1568801 4.5060477 0.32818317 0.15711994
 427.6 2.3311555 3.6996574 5.437882 0.15876158 0.19913739
 427.80002 6.085145 2.5863678 8.529412 0.6447084 0.07236254
 428. 1.5652777 4.2222223 5.307692 0.061515376 0.20587637
 428.2 3.870814 2.913271 5.9722223 0.2480955 0.18681127
 428.4 2.4545465 3.8888893 4.4285717 0.15892059 0.29473758
 428.6 2.8497753 3.1371176 4.75 0.05684809 0.14139697
 428.80002 3.3863282 2.1761017 5.7070704 0.33693123 0.02543226
 429. 3.375016 4.1904764 8.081233 0.122365 0.3350849
 429.2 1.5209885 2.3908055 4.7619047 0.043640938 0.038825545
 429.4 3.1204257 4.0603914 4.6633825 0.2417004 0.14777294
 429.6 7.343138 1.5010558 8.076471 0.7890205 0.037530895
 429.80002 2.7115302 5.8346624 7.150997 0.071488075 0.30148658
 430. 2.9963377 2.4338632 3.9861114 0.1612433 0.21624072
 430.2 3.7967484 3.5708737 5.9537034 0.380255 0.18070461
 430.4 1.926861 2.6758704 5.3060246 0.091624536 0.12664078
 430.6 4.719298 3.318182 5.937154 0.37735066 0.41720378
 430.80002 5.2380953 2.3222609 7.2888894 0.45994356 0.08947906
 431. 2.3476844 3.589286 4.727273 0.08981768 0.30912736
 431.2 3.4517224 2.4857366 6.8717537 0.3851315 0.21104063
 431.4 4.3082547 2.9052641 4.725784 0.34477356 0.13648474
 431.6 5.394927 1.2749817 5.914158 0.5966019 0.107004285
 431.80002 7.366563 5.008695 7.4912286 0.5585979 0.3681389
 432. 6.039216 3.7703655 8.543418 0.1826251 0.035829663
 432.2 3.3224049 3.7576137 5.857142 0.052327275 0.34737217
 432.4 4.2222223 5.5096717 9.387999 0.32549295 0.5549229
 432.6 3.5512824 3.621622 6.7316017 0.08008202 0.14916785
 432.80002 4.331233 6.3955026 8.000001 0.22325999 0.603146
 433. 4.257552 2.8390396 6.352941 0.13064446 0.031130394
 433.2 2.5531926 9.333334 12.98485 0.22517364 0.746792
 433.4 5.6353455 2.5833342 6.648352 0.21429254 0.13069744
 433.6 4.0728025 4.1066303 6.186274 0.18027966 0.1951543
 433.80002 5.14304 2.7329202 4.3749995 0.31076777 0.1367367
 434. 4.6554756 5.0061865 7.501666 0.2799626 0.603885
 434.2 3.8544788 3.388369 6.125961 0.35247526 0.08023654
 434.4 6.8975463 2.214662 8.151515 0.9620247 0.2213772
 434.6 2.1564972 6.655844 8.282052 0.060300868 0.35603786
 434.80002 5.3179483 4.054252 8.035715 0.1417524 0.08720838
 435. 6.2796707 4.9229884 8.503531 0.48359856 0.21717703
 435.2 3.4444451 4.770736 6.9967527 0.13104166 0.53923845
 435.4 8.092599 2.5406358 7.7360144 0.5778301 0.11983311
 435.6 2.5285783 7.071429 7.5196085 0.06738382 0.41946647
 435.80002 5.7987013 2.1411576 6.2692304 0.69721633 0.029488346
 436. 1.3673731 7.57496 8.391199 0.0222146 0.90356714
 436.2 5.429756 4.2272725 7.6297393 0.6969773 0.105037965
 436.4 3.355264 6.6081786 9.354703 0.32402572 0.59011483
 436.6 4.44105 3.001484 5.538461 0.27696756 0.08787364
 436.80002 3.3363242 5.5008802 7.5911255 0.31838813 0.5685807
 437. 4.327701 3.455885 6.6615396 0.16769214 0.1383952
 437.2 2.9485416 4.679653 5.396086 0.18408285 0.31005645
 437.4 5.006778 3.4313731 5.7584543 0.6130943 0.091698974
 437.6 5.323627 3.6245217 6.909775 0.29381528 0.20365061
 437.80002 4.095233 3.191412 5.8657618 0.16310637 0.28983006
 438. 2.6376824 4.255128 4.8473744 0.16251568 0.25989076
 438.2 4.457143 3.2892823 6.2719293 0.28997278 0.21805765
 438.4 4.8380957 4.1244454 5.7775917 0.432896 0.2041763
 438.6 2.7828197 4.7596526 5.7 0.12811077 0.2971472
 438.80002 3.2904427 5.2177453 6.2376423 0.41800773 0.29061398
 439. 2.6344275 5.7978272 6.0273504 0.06878873 0.36434278
 439.2 4.8717957 3.9354844 12.086498 0.44703078 0.1667688
 439.4 3.7133892 2.9353828 5.0223045 0.15696871 0.055011492
 439.6 7.8876677 4.0843096 7.6007338 0.6602264 0.4492241
 439.80002 3.367578 3.462316 5.528571 0.24831183 0.25656226
 440. 4.8809524 3.0769238 6.598474 0.3424153 0.122955896
