 300.2 1.1954318 2.0933447 4.2960024 0.48903006 0.81521505
 300.4 2.100943 1.9654096 4.434866 1.5244663 0.3264918
 300.6 3.2393994 0.8079338 4.9145856 1.684773 0.30902392
 300.80002 3.8737 1.838596 5.7873697 2.3351254 0.5678761
 301. 0.6936602 3.6009395 4.8978605 0.7204952 2.7220175
 301.2 1.7321285 4.681319 6.897873 0.841042 1.917946
 301.4 3.1009688 3.215929 7.781849 1.2190901 1.547577
 301.6 4.364459 3.9344838 7.8571444 1.9914658 1.4854093
 301.80002 5.5699863 1.5585878 7.305041 4.5043426 0.73434335
 302. 2.7125363 2.467057 6.4212217 1.8753059 0.6695389
 302.2 3.3809528 3.3220356 6.428572 1.5499357 1.2408612
 302.4 4.5686626 1.2223178 5.937496 1.6850964 0.041270167
 302.6 1.7566696 3.6734185 5.3670325 0.5578627 4.393411
 302.80002 4.7552795 1.8242556 7.373018 1.9231124 0.9497557
 303. 2.8074298 2.8060646 4.7372737 2.1057456 0.51740056
 303.2 3.4646828 1.9481926 5.098608 2.7088592 0.7569698
 303.4 2.56219 4.613361 8.138888 1.0040511 1.3832414
 303.6 2.6042075 4.0098677 8.98913 0.74480635 0.97026265
 303.80002 3.8434181 2.6607575 6.6137567 3.8913558 0.5882239
 304. 3.4917748 1.5266011 4.4339356 1.8963802 1.2945794
 304.2 3.3416874 3.2815347 6.5411606 0.84838086 3.3450801
 304.4 3.641457 2.0000007 5.2575517 2.9409556 1.0676965
 304.6 1.4189013 6.18867 9.714042 0.6309665 5.980151
 304.80002 5.1543355 1.5849066 8.635035 3.7801795 0.27429274
 305. 2.867178 3.6785336 5.6271315 1.6738017 2.940673
 305.2 6.550744 0.8130454 9.408674 3.1156068 0.19013226
 305.4 1.6771576 3.9413924 7.3563223 0.30442202 3.2013206
 305.6 5.5740747 2.6972148 9.850505 4.084664 2.1741042
 305.80002 3.0413375 4.720674 8.27243 1.6647285 3.4719076
 306. 3.7277076 3.8847852 8.550209 1.2023237 2.8894882
 306.2 2.687061 4.6687555 8.685967 1.8365127 2.5060759
 306.4 1.6823416 4.144168 6.2097163 0.87279296 1.1299769
 306.6 4.445533 1.3798121 6.512488 1.8888794 1.0430471
 306.80002 2.0288854 3.1593132 3.9790413 0.5876964 1.9538454
 307. 3.39786 3.2904453 8.527178 3.3484404 3.1605935
 307.2 1.8561747 7.139285 8.47221 0.0136745935 2.8139567
 307.4 6.5405607 3.3224735 13.0463 3.498604 2.7511113
 307.6 1.9428871 6.563381 6.560847 1.3805515 3.4524577
 307.80002 1.8970112 6.328265 8.438657 1.8883982 1.7155619
 308. 2.7857146 3.8164818 6.782107 0.9240446 1.8277315
 308.2 1.3054552 6.612745 7.5892625 1.5970782 2.4092274
 308.4 5.4245043 2.354398 8.395668 1.2434742 1.0877156
 308.6 2.0216844 4.1590915 4.6236563 0.46020827 2.566266
 308.80002 3.733432 2.160097 5.31398 3.6075032 1.1016365
 309. 2.3146582 4.7482057 7.0774765 0.7632682 3.5728104
 309.2 5.4852705 1.9409983 6.8452377 4.8847795 0.8156116
 309.4 2.418746 23.131313 24.093136 0.8245853 14.5266485
 309.6 5.6339917 2.3297613 7.3148565 5.619819 0.68702275
 309.80002 2.8650804 3.1582625 5.80078 1.491174 1.8022286
 310. 1.9342368 3.1285176 4.9668446 1.8280792 1.2068089
 310.2 3.2777781 1.5528828 4.7444353 2.4591851 0.96093094
 310.4 1.4562708 2.8270495 3.631456 1.985439 1.3035595
 310.6 1.3938391 3.8988101 4.735633 1.7791492 2.0301435
 310.80002 4.6969705 1.1540582 4.4573565 0.88038397 0.15432905
 311. 1.6743282 3.4474113 3.9907715 0.70180714 2.0544887
 311.2 3.0008793 2.1049016 6.7831507 2.1045122 0.9154491
 311.4 1.4470531 3.8892388 6.550521 0.5152832 1.5430859
 311.6 1.9555442 4.7804513 6.7934747 1.1414053 3.8945189
 311.80002 1.897307 3.532589 11.8 0.99231315 1.3544117
 312. 1.9806433 3.6333337 5.122507 0.98355305 1.6387721
 312.2 3.1510234 2.7085466 6.171958 0.9704447 0.56549525
 312.4 2.2084348 2.6235805 4.641093 0.4728632 0.5170466
 312.6 2.6045334 3.320703 5.2508497 0.40383604 0.9321626
 312.80002 3.4007943 2.8980827 5.5748305 1.2674897 3.1143415
 313. 4.6073933 2.1544917 5.99271 2.363963 0.47728676
 313.2 2.237057 4.5471144 7.739212 2.543405 4.04651
 313.4 2.947397 6.0489054 10.355959 2.1335235 4.136888
 313.6 2.6148188 5.0197043 7.6694474 1.522065 2.3905425
 313.80002 3.023901 3.4432044 7.911275 1.5639474 2.3635364
 314. 2.517302 8.199135 8.573197 1.2929455 6.2929673
 314.2 3.957143 3.9188333 7.534091 3.548095 1.6804436
 314.4 8.785826 2.1425838 10.094235 8.656494 0.9777118
 314.6 1.8596321 3.0846596 4.5995803 1.0723015 2.5102077
 314.80002 2.2373803 1.94034 5.0729337 0.53354704 0.59775853
 315. 3.3544707 1.9829012 5.0511928 1.9267573 0.7903019
 315.2 3.050424 3.1861477 4.6814294 3.088663 2.5272799
 315.4 3.9525642 2.5887299 5.479083 4.927589 1.9519206
 315.6 4.029762 2.4008293 5.8232694 4.3258944 1.8739098
 315.80002 1.9451778 3.8012276 7.1393523 0.70823175 3.9863577
 316. 3.227242 2.6377628 7.2777786 2.3016078 0.94902945
 316.2 2.7962973 6.09903 7.522442 0.5446879 3.6690097
 316.4 5.4216847 2.4320893 11.630516 4.1058455 0.43154833
 316.6 2.3080125 8.730936 14.275363 0.8048163 2.4836652
 316.80002 3.7116146 6.742363 13.075132 2.0703468 2.590736
 317. 2.9872499 5.128117 10.439653 1.1465027 3.8119814
 317.2 6.213998 3.1493726 11.801045 2.375113 1.2307259
 317.4 2.926296 3.0555005 6.6885223 2.1611037 3.5192637
 317.6 2.5322514 7.3650804 8.064731 2.354688 8.838937
 317.80002 3.741984 4.310972 9.731037 2.5615764 0.7662707
 318. 3.6984134 4.057143 6.7869444 2.0396438 2.8902063
 318.2 4.0356116 3.5047622 7.7490454 3.7842596 1.6524839
 318.4 4.773112 3.3611119 9.039256 1.0680346 1.7565992
 318.6 3.831913 3.9539216 10.473306 1.8893393 2.2435133
 318.80002 3.66676 4.6573324 10.805765 1.1846142 2.270556
 319. 7.7521667 1.6414083 9.593035 4.712652 0.665334
 319.2 5.177258 4.918541 17.487041 4.728367 1.772652
 319.4 3.5024555 5.402142 10.315621 1.096399 5.613571
 319.6 13.273811 1.6093798 18.573093 17.504366 0.6772466
 319.80002 4.096148 4.695323 6.632079 2.1719728 2.4141366
 320. 3.3393242 2.6900592 5.472222 2.589351 0.40031126
 320.2 3.334058 4.4349823 10.629631 2.2243254 3.5240092
 320.4 5.227021 2.8440604 6.2847705 4.2565784 2.3333623
 320.6 3.942635 4.022475 8.859289 2.1418715 2.1564085
 320.80002 7.3983965 1.6708498 8.3529415 6.3073726 0.1306884
 321. 3.7970092 3.3144927 8.014456 1.4749812 1.4325733
 321.2 6.3177657 2.6790898 9.057861 3.563182 0.45858172
 321.4 5.3261423 3.498876 8.317174 1.6877779 1.7255509
 321.6 3.1416366 3.9367802 7.738613 1.7216324 0.7596159
 321.80002 3.0987468 3.1500986 7.122953 3.139954 1.0481855
 322. 2.6370475 3.167909 6.399379 1.5583792 2.6864223
 322.2 3.2695549 6.053391 8.626985 1.9748398 7.234209
 322.4 5.2813525 2.5410542 6.8095236 2.301771 2.7034028
 322.6 3.0301743 4.6583805 9.425398 1.4807502 4.5910068
 322.80002 11.901491 1.54762 12.982027 6.9350142 0.9695327
 323. 3.59983 4.1996546 9.000001 1.878869 2.6020675
 323.2 4.3124046 2.3412707 6.8204103 2.3103094 1.3355641
 323.4 1.5156422 5.2495565 6.6834626 0.7186573 5.4568133
 323.6 4.198746 2.4830031 5.955124 3.5279655 2.040642
 323.80002 2.6443634 2.6393943 4.675532 2.5210767 1.5156105
 324. 1.4614327 4.7442656 6.833411 1.4095302 1.2041758
 324.2 3.4886403 2.8240776 7.351074 3.5394316 1.7214468
 324.4 4.9812646 1.612065 5.8458214 2.9325519 1.4291338
 324.6 2.9626584 2.6693542 8.410257 1.0171369 3.8087587
 324.80002 3.1429007 2.9206727 6.814536 2.7421188 0.71121293
 325. 2.3139 3.54397 5.6589575 0.99093133 0.67616504
 325.2 2.5322452 1.8244526 5.624984 0.6473301 0.12307028
 325.4 2.0439568 2.399879 4.727565 1.4486091 0.71481067
 325.6 2.669313 1.3767554 5.8088756 0.75157803 1.5959898
 325.80002 4.2218623 1.7373594 6.765734 0.3720983 0.64727145
 326. 2.1633074 3.613863 6.264209 0.722775 1.6389989
 326.2 4.4731336 2.324068 7.592593 2.68652 0.45804894
 326.4 3.464053 2.9498515 7.487916 1.1799375 3.3399587
 326.6 2.4641385 3.2505367 5.9540663 1.5395004 1.3324026
 326.80002 4.0259748 1.5829875 8.01211 1.7588452 1.4144888
 327. 5.650544 2.9933732 7.4920645 1.5040056 1.534523
 327.2 6.748793 1.2308133 7.6745515 2.398637 1.2208744
 327.4 1.9047629 3.657259 5.488613 1.1567899 0.88452834
 327.6 6.1124196 1.5570865 6.5377417 1.2475544 0.20176172
 327.80002 2.7186153 5.0766196 7.2211404 0.843572 3.960992
 328. 3.5543492 2.0887454 7.477853 2.828175 0.5256013
 328.2 4.463492 1.5673653 7.135956 4.3457885 0.19006023
 328.4 1.6737211 6.0950904 6.915447 0.6683367 4.3618183
 328.6 5.0143805 2.421383 8.838813 2.495731 0.96087766
 328.80002 3.3624148 3.4428973 4.983333 1.3114182 1.507525
 329. 2.2704976 3.7245946 4.507106 1.1891624 1.81022
 329.2 4.2573104 1.6995255 5.2069893 6.3776073 0.32995623
 329.4 4.3306704 2.882954 9.5318575 1.8486997 1.7475544
 329.6 2.3941631 1.6387968 4.828784 0.7624657 1.7121387
 329.80002 3.7083335 2.2796376 4.809621 1.4345713 1.9745274
 330. 1.9729351 1.9946053 4.134199 1.1186825 0.44580206
 330.2 1.8076931 2.8141246 4.809398 2.008854 1.6520754
 330.4 3.023128 2.9388907 5.6458893 1.2361866 1.2572896
 330.6 2.2678971 2.0486708 4.3941016 0.51280874 1.108881
 330.80002 2.1890125 4.993634 6.3181815 0.59804076 3.7751799
 331. 2.3829181 2.2908723 5.4460783 2.3022988 1.8634049
 331.2 2.1655917 2.4245234 5.650734 1.0810356 1.4737308
 331.4 2.6877334 2.4186678 6.2837 2.3437402 0.9134642
 331.6 1.4172411 3.422071 6.1511602 2.016973 1.4153494
 331.80002 3.5417988 1.5846184 5.769391 1.2687377 0.76234967
 332. 1.9629244 3.9002578 6.2475934 1.0500352 3.698182
 332.2 1.3972918 5.0572166 6.4335837 1.2113146 4.2787585
 332.4 2.2714295 2.1709514 5.928571 1.528416 0.8818511
 332.6 1.6700815 3.3937461 6.055556 0.6904634 1.8873726
 332.80002 2.9756105 3.9448967 7.933245 1.9602668 2.3099728
 333. 1.5520561 4.9972296 7.1590796 0.4713863 1.7210392
 333.2 2.07732 6.7717314 8.435898 0.56722754 7.850218
 333.4 3.0264344 3.3766434 6.587014 0.66050035 1.7794204
 333.6 1.4719553 3.3533664 4.9346323 0.68762046 1.6636664
 333.80002 3.9304032 1.8598042 5.8888884 3.462147 0.7634878
 334. 1.2662423 4.506697 5. 0.6053897 2.2854018
 334.2 2.71273 1.174387 5.06705 0.4827084 0.23951407
 334.4 1.9188318 3.9032738 6.978836 1.3893732 3.8269882
 334.6 2.4738824 3.7786567 8.397387 2.8939438 1.4271089
 334.80002 2.1873767 3.3638587 7.194547 1.260503 2.0482469
 335. 2.1848083 2.957473 5.6150026 0.79910487 1.9766651
 335.2 5.0970764 2.5358214 6.4055724 3.2390063 1.3221216
 335.4 2.4834604 5.0158725 7.1626983 1.5355471 2.7317424
 335.6 3.1561484 2.8803272 6.2454214 1.4231746 1.2556026
 335.80002 1.3529974 4.5272727 6.843138 0.10418102 1.7307543
 336. 3.994784 1.8801323 7.1066437 4.657745 1.7447809
 336.2 2.83859 2.363053 6.7783556 0.9287844 1.4141225
 336.4 2.8571434 2.4122992 5.944056 1.0611507 1.93235
 336.6 5.13431 1.0807151 7.130719 5.9254394 1.0122733
 336.80002 4.057003 3.219492 7.959091 1.7457155 1.0101463
 337. 2.5254905 2.6246426 9.781482 2.0171533 1.7854953
 337.2 3.1869216 2.2764235 5.986641 3.0739956 0.33715522
 337.4 3.081482 2.1771777 5.3030305 2.2070305 0.57665926
 337.6 2.2635126 2.7931123 4.126698 2.140882 0.9548582
 337.80002 2.1404157 3.327163 4.80848 2.278057 0.6963719
 338. 2.8302703 1.9532754 4.2414236 0.96986806 0.60228956
 338.2 2.719299 2.1865573 5.216875 0.6286071 0.8129964
 338.4 3.571429 1.3270706 5.4812026 4.6206803 1.0586836
 338.6 3.151516 2.3015735 5.1481476 0.73040926 2.397247
 338.80002 3.5310674 3.196429 5.9481483 0.98423165 1.6089824
 339. 2.4953868 2.6352763 4.760477 1.1009201 1.342817
 339.2 1.5933064 3.5345283 5.058458 0.7196061 0.7262912
 339.4 1.7961519 2.6505551 4.8951044 0.40975213 1.4394159
 339.6 2.2722814 2.0211084 10.472584 1.763722 0.82926184
 339.80002 2.0663629 3.223919 7.0888643 1.2601415 2.4406083
 340. 2.7169318 3.4341075 7.628068 0.63567454 1.6518869
 340.2 0.8396179 6.213357 6.8066607 0.7895605 2.0942085
 340.4 3.6514716 2.8360877 7.800647 1.2458818 2.4355707
 340.6 3.847096 2.655123 6.8559227 2.6175191 1.7627802
 340.80002 1.9493831 5.6676984 13.01234 0.6721651 4.2631288
 341. 3.3909316 5.5146527 7.618496 3.3324497 2.3016126
 341.2 3.308001 3.39804 6.8458786 0.77787936 1.3876691
 341.4 2.534092 3.2108154 5.2225065 1.5475136 0.32993782
 341.6 2.3405414 2.5484653 5.6737823 1.2651865 1.4742061
 341.80002 2.7072082 3.2171948 6.1322474 1.0128363 2.7634487
 342. 3.5146587 2.3334079 5.1110973 4.350087 0.7721035
 342.2 3.0787745 3.2355533 6.179155 1.2725216 2.315858
 342.4 4.994152 1.9444454 7.033614 2.8634453 0.49718815
 342.6 2.898892 2.6666675 6.0923142 0.8495496 3.441219
 342.80002 2.0164287 3.9184413 6.351516 1.9542192 1.7557236
 343. 2.3728974 2.640856 5.875001 1.6550839 0.6725898
 343.2 3.0457606 3.9629636 5.7786217 1.5480342 1.53515
 343.4 2.9899573 1.847291 5.235148 2.4552765 0.705078
 343.6 4.6415253 2.56219 6.5087004 2.602591 0.920158
 343.80002 2.1703162 2.6172616 4.9025173 0.54082876 0.896433
 344. 2.3111973 4.6855593 8.802187 2.4374936 3.159371
 344.2 3.954493 2.8324387 6.415506 4.2305317 1.5841552
 344.4 2.2114384 3.3661695 5.368921 1.3079696 1.3275319
 344.6 3.3345864 2.5022724 11.786051 4.986735 0.9326485
 344.80002 3.157161 3.2336516 5.3676195 1.3883674 0.2542904
 345. 3.9398885 1.4440306 6.646825 1.3647314 0.75707465
 345.2 1.4529355 3.627472 4.686457 0.82290155 1.9707767
 345.4 2.310266 3.4999511 7.8051844 1.8296006 1.5495586
 345.6 0.8394783 3.518519 5.1325865 0.40490267 3.487974
 345.80002 2.2954488 1.7921575 6.31536 1.5797205 0.8079916
 346. 1.0646286 3.388726 4.755679 0.9354762 1.1038947
 346.2 4.3804765 2.0323691 6.0358973 3.7528157 0.78095794
 346.4 1.0786898 3.781285 5.843924 0.37360626 0.4492992
 346.6 3.2417939 1.4334275 6.327994 0.4741253 0.7287742
 346.80002 3.8607109 2.206078 7.3580947 2.4295678 1.4694183
 347. 2.813671 0.87679577 4.921883 2.3925107 0.90220326
 347.2 2.2289798 3.300019 5.212955 1.0519972 2.8812242
 347.4 2.6825404 2.2594943 5.0526314 2.1571853 0.9715312
 347.6 2.8991027 2.6680808 5.4734774 0.8051643 1.8036779
 347.80002 2.990207 2.5867012 7.5943766 2.4799657 0.36874926
 348. 2.202002 2.9258742 6.6503778 0.8738194 1.749248
 348.2 1.0439134 3.7626271 6.3986654 0.610005 4.128236
 348.4 3.713948 1.9682548 4.7126436 3.1503065 1.6957917
 348.6 1.835749 2.7417033 5.3506765 1.8062558 2.1570022
 348.80002 2.7687707 2.4470215 4.6864147 2.0620677 1.6187326
 349. 0.9663271 2.918815 4.0745173 0.3309156 2.3939147
 349.2 2.6293693 1.3337988 4.1021395 0.8522905 0.15094766
 349.4 0.54710907 3.9961014 4.1743064 0.21275997 2.162338
 349.6 1.2918329 2.3963141 4.553914 0.6520032 0.5345901
 349.80002 0.5489876 2.071796 3.266077 0.07240678 1.6465993
 350. 3.9272094 2.1352303 4.2047076 3.7242615 1.2234099
 350.2 2.4388983 2.5045323 5.401248 1.0427791 1.330194
 350.4 2.969495 2.3751092 5.4915066 1.8155375 0.36286837
 350.6 2.9488761 2.4501545 6.149347 1.9123582 1.5197023
 350.80002 1.5454731 2.6053348 5.781846 1.4443692 1.9083595
 351. 3.2773461 2.2658737 6.238206 1.4900281 1.1858889
 351.2 2.394662 2.7672126 4.5499997 1.2009306 0.7606883
 351.4 2.0597482 3.0893779 4.2892246 0.6919227 1.3655158
 351.6 2.8933911 1.5968543 4.698264 3.544079 0.9800777
 351.80002 1.646978 2.7195036 3.5459778 0.6285643 3.0582874
 352. 3.877826 1.235685 5.4031744 2.7323792 0.39986408
 352.2 2.4223535 2.2968445 5.482614 0.8106552 1.988357
 352.4 4.723269 0.5269903 5.30947 4.4936395 0.11795711
 352.6 2.138556 3.8761907 6.7582426 0.7821571 5.9534345
 352.80002 4.567448 2.125393 5.5388856 3.3810813 1.0145253
 353. 1.6977936 4.809021 5.947737 0.07546843 4.9000616
 353.2 3.6638515 1.5814123 6.3084583 3.101263 1.0161612
 353.4 3.063943 2.9368393 4.961777 1.3550097 2.5517845
 353.6 5.6585546 2.1407633 6.880342 7.2482886 1.3535204
 353.80002 2.1369123 4.2658134 5.8225923 0.72667235 3.9581082
 354. 3.8958333 3.272714 6.5278907 0.9099839 1.9175625
 354.2 3.6147563 2.6733963 5.7082043 1.3631386 1.1127713
 354.4 5.232311 2.2222228 6.6498322 1.5192076 0.65035117
 354.6 3.9144554 1.6073978 6.3211946 1.4387777 0.14966844
 354.80002 2.3337104 2.2678654 5.4264708 1.1377803 0.3801289
 355. 3.4682546 2.4549556 5.994151 0.82523483 0.6550882
 355.2 2.6215546 2.1378539 4.7357 1.3259406 0.42246377
 355.4 1.6129694 2.6832898 5.880303 0.5311304 1.2522252
 355.6 2.533804 2.5375824 3.9086075 1.2415491 1.210564
 355.80002 1.8771229 2.678002 6.145667 0.34927627 3.316015
 356. 4.164642 3.3066075 8.46004 0.6962214 3.2148542
 356.2 7.564102 0.79301596 8.251951 3.1120384 0.44111896
 356.4 3.14142 4.53888 11.660589 1.4341147 2.7373621
 356.6 2.8818998 2.601399 5.626661 1.8827358 3.575038
 356.80002 3.9174404 4.132076 6.9670334 4.1264777 1.9758223
 357. 4.0911803 2.7193577 6.814415 2.924491 1.3705741
 357.2 4.150698 4.6269956 8.548646 4.116338 1.922249
 357.4 5.2804236 2.9625533 12.257704 3.953057 2.4714634
 357.6 4.097318 3.2360444 7.148694 3.3718338 1.842178
 357.80002 7.0057974 1.6739775 7.984848 3.7245953 2.182849
 358. 6.0349746 4.057012 9.4814825 3.753751 2.403249
 358.2 3.5952384 5.4422054 7.535539 2.8627028 4.105619
 358.4 4.7717953 3.5171173 6.5745363 1.9016995 2.4959223
 358.6 7.818183 3.8121185 8.312114 4.340378 2.4233215
 358.80002 3.0717711 7.333333 12.602339 0.93426704 4.822089
 359. 4.3440714 2.7015245 9.766918 3.8681452 1.6235645
 359.2 2.7199244 4.6095233 9.015874 0.5405255 3.4116416
 359.4 6.4515066 2.3150077 7.759206 2.4218254 0.9268317
 359.6 1.5141749 5.1984124 6.4908433 0.07675146 3.3521545
 359.80002 4.9640555 1.6423151 6.790843 1.0276538 0.1560587
 360. 5.1272616 2.1261277 7.2962966 2.3414595 1.8730663
 360.2 2.9847703 2.1605473 8.08526 1.6498077 0.61881596
 360.4 5.0980253 2.4725013 7.278656 2.4792013 1.0663072
 360.6 1.9514548 4.5209904 8.115304 0.64108604 3.0769958
 360.80002 4.605263 1.5850235 6.4912276 4.5445585 1.3670688
 361. 2.6376824 3.249395 5.03913 1.5184456 3.1404421
 361.2 4.0336137 2.6477149 6.523809 2.875355 3.934795
 361.4 2.2820582 3.8267617 5.5350623 0.4751816 1.1947938
 361.6 2.8480735 1.885664 5.5288224 3.1462142 0.6679979
 361.80002 1.4926693 3.9056034 4.845275 0.2661999 3.6330812
 362. 1.2579027 3.2816384 5.893068 1.0910214 1.6930014
 362.2 2.3686635 2.3859658 5.6554055 2.8110437 0.98676145
 362.4 2.339395 4.19866 5.609649 1.4626347 3.0828857
 362.6 2.7816556 2.522818 6.3106174 0.44689026 1.6997933
 362.80002 2.620095 4.8308296 8.707071 2.9788773 1.6615291
 363. 6.2453957 1.939656 9.79243 3.3827772 0.12286573
 363.2 2.084108 5.25974 7.958734 1.1986207 1.9805105
 363.4 3.1923554 4.306677 6.5851974 2.614885 3.1403635
 363.6 2.1411452 3.6665516 6.4222717 2.0000536 2.384381
 363.80002 2.0005567 4.049129 6.275946 1.3469536 2.9303584
 364. 1.5686283 6.5863504 10.384946 0.26931247 3.183154
 364.2 2.4060047 1.1682392 4.603079 1.3235567 0.08425065
 364.4 2.5681012 3.7824683 5.8438234 0.83479357 4.7076626
 364.6 2.2289777 2.849733 8.02381 2.0160441 0.4551799
 364.80002 2.3812444 3.245399 6.5859404 0.8407394 0.793449
 365. 1.6228682 4.3588157 6.10148 0.68350214 2.6689904
 365.2 2.504359 4.2332764 11.199096 0.6465345 2.6784286
 365.4 3.4392998 2.2204788 6.9681373 2.4297867 2.1319067
 365.6 4.312789 2.6384525 10.474749 3.3827496 2.1851711
 365.80002 3.437325 3.0862987 6.5218534 1.4808264 1.1909003
 366. 2.8937335 3.0475516 5.8489146 1.2358574 1.574896
 366.2 4.4795322 1.561743 6.138101 1.9659065 1.2072828
 366.4 2.3971927 5.195869 7.7002807 1.6192206 2.8541782
 366.6 2.3095245 2.5881078 4.739718 1.3844649 1.834311
 366.80002 2.9933584 2.4101923 6.952729 1.2490613 0.34746197
 367. 2.895159 2.15741 5.805556 1.660493 2.4421377
 367.2 3.0399392 6.842515 9.8852825 3.3246093 3.587432
 367.4 3.0510354 7.17749 9.939395 0.7756179 3.045005
 367.6 5.703129 2.6606896 8.92216 5.2805686 1.0739806
 367.80002 4.6530533 3.653202 7.728572 1.071771 3.2179146
 368. 4.9456353 2.6599336 8.935392 3.4413176 1.3736516
 368.2 3.6957676 3.9832149 9.189656 2.980863 2.5971935
 368.4 5.0234933 1.5896747 7.4133987 4.2168093 1.0511245
 368.6 1.9788444 4.497782 6.451515 0.5469971 3.9253688
 368.80002 3.652656 1.7919716 6.2437115 2.3262105 0.31577623
 369. 1.9963373 6.500722 9.075914 0.5914062 5.8231144
 369.2 4.9476047 1.8181827 8.636889 3.2063985 1.1172976
 369.4 3.1303265 2.6745186 5.5923147 0.82987803 1.1490886
 369.6 3.34142 1.973967 6.5589266 2.108355 0.87559026
 369.80002 5.2495894 3.0226464 8.769021 6.91401 1.6963632
 370. 2.0436614 5.911934 8.881601 0.7021039 3.9488797
 370.2 3.4844112 4.445137 6.850862 1.903648 0.9616944
 370.4 3.4833598 3.1631885 7.2070894 1.7028514 1.6545393
 370.6 3.0578768 2.9569879 6.2696075 1.4712324 1.5191752
 370.80002 2.9403257 2.9721615 5.072464 0.8446306 0.9746963
 371. 4.273727 1.64307 6.001252 3.3009498 1.314351
 371.2 4.223244 3.2504337 5.676338 2.3483083 1.4117812
 371.4 5.00408 4.9667306 6.949495 2.4462955 2.416579
 371.6 6.7374063 1.3871258 7.4028826 6.090175 0.49012026
 371.80002 2.1560283 2.75217 7.14787 1.5272915 1.3294895
 372. 4.06697 2.7094483 11.180952 1.3312023 1.4472965
 372.2 2.081426 4.860141 7.597716 1.2529522 4.9261575
 372.4 4.575151 2.7085087 9.305987 3.0779853 2.0214462
 372.6 4.589932 2.2548752 6.406926 2.1159673 2.1200297
 372.80002 3.6318278 2.652246 6.3287764 1.3857428 2.5377212
 373. 4.674036 2.3347273 7.1616163 3.7406807 2.143082
 373.2 3.5360274 4.2268977 8.507197 2.2895627 3.1222916
 373.4 5.110175 4.5833597 8.79552 5.0730495 2.092907
 373.6 2.7684608 4.733117 8.510025 1.158556 3.2911968
 373.80002 3.9703705 4.024761 6.516908 1.2628821 3.102703
 374. 2.9443874 4.869371 8.500545 0.748731 2.982195
 374.2 5.8087397 4.1742783 8.132328 2.322737 2.5234263
 374.4 2.9260647 5.2380056 6.7626786 0.961623 3.85894
 374.6 7.886447 2.269696 10.1 6.1206517 0.5659133
 374.80002 1.8730341 5.6209154 7.279036 1.3314401 1.0688128
 375. 4.7123404 4.3155084 11.875758 2.1180336 2.0015144
 375.2 3.7724013 2.796873 6.000001 1.9049168 0.8533896
 375.4 3.582632 2.2743301 6.13099 3.778447 0.560707
 375.6 1.8475266 3.7537467 5.3467436 1.1397644 4.4417415
 375.80002 4.2697535 1.5479233 6.9273252 3.8666954 1.9495025
 376. 3.4903197 4.374939 5.7918944 2.34667 2.870686
 376.2 3.8188033 3.4051118 6.0555553 5.198305 1.597925
 376.4 2.7701323 4.805753 8.307692 3.099203 2.3620517
 376.6 2.4542131 5.5858984 9.986773 2.2811244 1.3193501
 376.80002 3.6157918 3.237805 9.094698 1.6862035 1.3535463
 377. 2.8903594 3.716826 7.946533 0.7655062 4.080239
 377.2 3.008576 2.6079335 5.5787144 1.7782632 1.5459844
 377.4 4.083087 2.3244643 5.497076 2.4697433 1.7054136
 377.6 3.6401799 2.950176 5.42735 2.1985323 1.1115032
 377.80002 3.2375984 1.7273499 8.538462 1.1868913 0.85094666
 378. 1.0728428 6.519632 6.6921988 0.29293883 4.9591866
 378.2 3.6533413 2.2037508 7.4623156 3.7086954 1.0717238
 378.4 3.4444454 2.2058358 10.533551 0.7370981 1.7598834
 378.6 2.2869601 4.1287007 5.182341 0.48715323 5.4364576
 378.80002 1.6537527 5.3116164 7.558698 0.5507442 0.9756997
 379. 2.1624155 3.3721035 5.04812 0.59108955 0.51988775
 379.2 2.1559846 3.33041 5.3479853 2.5319347 1.2046778
 379.4 3.3945358 2.588236 6.358178 1.3228124 0.8632856
 379.6 2.5635216 2.715729 6.18204 1.0474595 0.86164534
 379.80002 2.5419555 3.462644 5.0090904 1.7660856 1.8011922
 380. 2.8131397 2.4370265 5.8683476 1.3088068 2.303048
 380.2 2.5121124 2.458195 5.2484536 0.7482207 1.9677885
 380.4 3.100126 3.0628657 6.230159 1.5961181 2.530314
 380.6 3.6272671 1.7063758 4.448218 2.491048 1.7922672
 380.80002 5.2309294 2.8967824 7.6181817 4.8017735 2.1361382
 381. 2.4844213 2.3757775 4.578948 1.4182947 2.4734197
 381.2 3.6858983 3.6764996 7.630249 3.6739647 2.6240919
 381.4 2.5911896 2.6044564 4.532115 2.2832038 1.9982004
 381.6 6.4725585 5.1513705 12.023811 8.855491 4.3687506
 381.80002 5.1396785 3.402525 8.651517 3.4898067 1.6942922
 382. 3.069238 3.304921 9.2261915 1.8316348 2.1382062
 382.2 4.1465383 3.3758152 8.466668 2.2426336 2.5113413
 382.4 5.764804 1.8589472 8.246753 4.33372 0.9730917
 382.6 2.9199638 4.0838165 7.45055 2.7754712 2.0729146
 382.80002 3.3954892 2.6406975 6.530299 2.1335075 1.0869303
 383. 2.5657504 2.738889 6.333333 0.8839926 1.032178
 383.2 3.643098 2.3232925 5.5833335 1.1863602 1.2566525
 383.4 2.5787551 2.4853203 4.9754066 1.4535158 3.077287
 383.6 2.9979095 2.2647045 4.732026 2.6522324 2.6001856
 383.80002 2.5873027 4.462968 6.990741 1.6020571 3.3960595
 384. 4.1369863 3.14944 7.6182275 3.3424344 0.81625175
 384.2 5.267749 3.957468 9.978495 1.279329 1.9869995
 384.4 3.6523468 1.7187259 7.154715 2.6998227 0.32065845
 384.6 2.1102843 4.211393 5.870559 1.3080624 1.8220037
 384.80002 1.519593 2.146785 5.3077574 1.0614653 1.8855232
 385. 3.0418556 2.519566 5.179592 1.9895612 1.7638996
 385.2 2.3230824 3.4513535 6.302151 1.35446 1.7905927
 385.4 4.056437 4.1075597 12.08853 2.1759639 4.331442
 385.6 2.1423545 5.2181816 7.8242507 1.0949382 1.9709455
 385.80002 3.2280934 1.5391054 7.451018 2.237229 0.22649132
 386. 1.5532026 7.5201735 12.961975 0.46427915 5.1943808
 386.2 3.7788467 3.4165702 7.126404 3.7253306 1.5993408
 386.4 2.9892888 2.1442504 6.19901 1.4765345 0.92990136
 386.6 2.5288522 3.9001522 7.590049 2.129353 3.422641
 386.80002 4.208699 3.2668018 7.565673 2.144383 1.1397918
 387. 1.179547 2.746226 5.1906157 1.4959934 2.6485364
 387.2 1.4503328 2.4273515 5.332828 0.78754836 0.8219168
 387.4 0.8959119 2.942328 4.3855605 0.34301516 1.6612297
 387.6 1.9472634 3.6952863 5.6846657 1.3495075 1.7864732
 387.80002 2.1777632 3.0546129 6.5196075 0.7856341 1.5503725
 388. 3.0984693 1.9809332 5.75 3.8569083 1.2962765
 388.2 3.2448413 2.572945 7.521886 1.225756 1.7515193
 388.4 3.4722233 2.9600563 5.6654463 0.32601517 1.8276473
 388.6 2.6017575 2.2654757 4.25986 0.9143996 1.6277727
 388.80002 0.7657455 5.6883125 6.000001 0.66336954 1.3091424
 389. 2.456141 1.5700238 4.67299 0.53188366 0.74525756
 389.2 3.0294538 2.591432 4.431258 1.065191 1.4015877
 389.4 2.9542282 1.6820891 4.2146864 0.9043765 0.49917942
 389.6 2.8461123 2.8150585 5.9561634 1.4865302 1.5756747
 389.80002 2.1377375 3.4106631 5.9828243 1.14031 2.5788975
 390. 2.9748905 2.4880025 5.6373253 0.63926816 0.45975482
 390.2 4.0519485 0.9914713 5.757837 2.88455 0.97590643
 390.4 1.1532574 3.3997254 5.744784 0.12031845 1.0520163
 390.6 1.4879434 2.8376265 7.1873245 1.2795662 1.4067005
 390.80002 2.1042895 4.2081685 5.538462 1.5588768 1.7145605
 391. 2.7684398 4.2023807 8.751515 2.4922812 2.9143589
 391.2 3.8128662 2.0212903 7.572463 1.3564475 1.4610379
 391.4 4.4069266 2.0310643 6.6810203 1.7105968 0.57135236
 391.6 3.3551452 4.003884 5.523921 1.315671 3.8917744
 391.80002 4.3939404 4.0668344 9.615598 4.591838 5.68848
 392. 2.6821997 3.733464 5.625 2.4717748 3.736545
 392.2 2.4995296 2.866825 5.90606 1.659485 0.53845656
 392.4 0.9993795 4.016783 5.766684 0.32391185 1.6745511
 392.6 2.6870036 2.7555308 5.4769225 1.0750229 1.2580676
 392.80002 1.6527889 3.5062318 6.3646955 0.5851829 2.5790074
 393. 1.4799337 3.2606843 4.89602 0.045379117 1.9040045
 393.2 2.0157638 3.025876 3.5710151 0.64477956 2.2511182
 393.4 2.2254004 1.3763262 3.2642097 0.51801646 0.111796536
 393.6 2.258804 2.0877664 5.1083593 0.7885764 1.4160006
 393.80002 1.8615154 2.9110105 6.3307266 0.88785464 1.1277052
 394. 0.7760204 3.1537983 6.9934273 0.5083683 1.1125497
 394.2 2.6190484 1.773287 6.8809533 1.2647207 0.6407812
 394.4 1.7878637 2.6064773 6.244143 0.9965843 2.5306723
 394.6 1.7488846 2.5315883 7.0910225 1.0275837 2.4133244
 394.80002 2.2336075 2.7357886 5.0411067 1.7711544 2.0331118
 395. 1.8681328 2.8562613 4.4940476 1.3920529 1.3988509
 395.2 4.5333834 0.91448385 5.7742453 2.1439674 0.5560332
 395.4 0.39289498 3.4867988 3.66845 0.11492559 0.8232027
 395.6 1.9067847 0.99637747 4.5938377 1.1663905 0.49516833
 395.80002 1.4024243 1.0751436 4.149375 0.6046507 0.6122934
 396. 2.1117394 0.712876 3.7865176 0.76040953 0.43076494
 396.2 2.121523 0.9085288 3.4146543 0.9366981 0.45048076
 396.4 1.4234371 1.6838112 3.0947785 1.0076493 1.8929938
 396.6 1.9068744 1.3432375 3.6090176 0.8917246 1.4198909
 396.80002 1.9913428 0.52777827 2.3355207 1.42098 0.06221403
 397. 1.2167656 1.1380012 3.1172943 0.5397889 0.40672258
 397.2 1.7333342 1.0212243 2.577779 0.21123032 0.48313698
 397.4 0.67264545 1.5454738 2.2890568 0.24609202 1.2986265
 397.6 0.59744275 1.2878704 2.5609884 0.3870769 1.480233
 397.80002 1.6311004 0.9739064 3.095207 0.886723 0.0807042
 398. 1.1516342 1.899292 3.0952387 0.5893766 0.9354646
 398.2 1.2086215 1.566941 3.1562443 0.8577567 0.43278217
 398.4 2.0197039 1.2770346 4.0181737 0.99870336 1.0657312
 398.6 2.2930846 1.4558834 4.566674 0.623623 1.2807359
 398.80002 3.1495461 0.5195028 5.0565557 0.8799085 0.404746
 399. 1.074521 1.5213546 4.762119 0.1673743 1.0851066
 399.2 3.083758 2.1031644 3.9242427 1.7741197 0.6178014
 399.4 1.943726 1.2857215 5.5822787 1.1908431 0.79156953
 399.6 5.1648345 1.244546 4.7641306 3.2416725 0.6494471
 399.80002 2.0075967 2.144751 3.8569045 0.31970537 1.6137058
 400. 1.5736806 1.6696527 4.7380953 1.4839714 0.7017159
 400.2 5.041367 2.5977516 6.2057967 3.1905258 0.74633914
 400.4 9.148787 1.6458231 10.533308 5.788614 0.84708184
 400.6 2.0350888 4.017106 5.2659616 0.81914103 2.815697
 400.80002 4.795919 4.282198 8.738963 5.999628 2.0936415
 401. 6.420024 1.292722 8.046399 3.8106496 1.0351044
 401.2 3.2088733 3.842797 9.962407 0.7140133 2.3931656
 401.4 5.12642 1.0443316 7.3606844 3.5922685 0.3988751
 401.6 2.6723387 0.586159 7.2696085 1.7787035 0.47961852
 401.80002 2.4464972 5.162895 6.769006 1.2895529 2.6635501
 402. 3.1485076 2.3983238 4.323233 3.4051805 1.6648988
 402.2 2.0412571 3.7783303 5.800614 1.1981949 4.0503273
 402.4 2.705978 1.792145 4.5432615 0.8147432 0.5932093
 402.6 1.9934651 4.980529 6.190354 1.0870137 4.548254
 402.80002 3.8539875 2.040563 6.07224 3.4016097 0.80099577
 403. 1.6914839 6.9371347 10.45699 0.352371 4.639441
 403.2 3.6828175 3.3863282 15.094019 1.6626543 1.1544095
 403.4 0.8056437 6.6711226 9.258657 0.28738487 4.068266
 403.6 4.389254 2.1317837 7.36624 5.259503 1.9362926
 403.80002 4.4561996 2.822081 7.256093 1.686733 0.4846253
 404. 2.7211072 3.440625 5.550958 1.1580889 1.0617065
 404.2 2.981638 2.2498493 6.225669 2.1488667 0.692188
 404.4 3.0156932 2.8663275 6.767268 2.1116714 2.565292
 404.6 4.8004026 3.2582824 10.105264 3.4437137 1.6996783
 404.80002 2.3174613 4.269375 6.495735 1.1568267 2.6755092
 405. 4.814815 3.1221728 7.5828524 0.3735143 1.1970571
 405.2 3.2189746 2.518987 5.04762 2.194775 1.3064786
 405.4 3.298507 5.2960176 10.5629635 0.66871905 4.2874475
 405.6 1.9979305 4.4511843 5.0927606 0.67941165 3.3437288
 405.80002 4.7013254 4.5745134 7.279822 3.1658926 1.7601216
 406. 5.4795294 5.034381 12.827266 2.9108863 3.3923497
 406.2 1.4287922 4.97374 6.575631 1.127698 1.5241184
 406.4 5.296855 3.536837 10.270163 6.2854953 2.2996407
 406.6 3.7068782 3.0350256 8.334269 2.4267747 1.6318548
 406.80002 3.1955304 3.7162285 9.848486 1.6539708 3.412246
 407. 3.9933624 4.0006003 8.006479 1.8938365 2.257995
 407.2 4.514286 2.6846702 8.175325 2.578181 2.2700977
 407.4 3.187732 4.3739634 7.8968263 1.4202468 2.1962807
 407.6 3.135891 3.9084 7.1439066 2.812495 1.7703446
 407.80002 3.7231796 4.374707 8.309525 1.617555 2.0462046
 408. 5.1428576 1.426156 6.828866 4.0700755 0.50887465
 408.2 2.0032094 7.694806 11.072297 0.3900049 9.984028
 408.4 8.356645 2.0206978 11.659452 7.0153327 0.87192434
 408.6 6.406684 2.4726703 7.6102204 2.3590927 1.2521371
 408.80002 2.2951543 4.583333 9.703426 0.8196929 2.5081992
 409. 6.0615077 1.1866035 6.900544 5.2015004 1.22115
 409.2 2.3758075 3.7051208 5.2276587 1.1427864 1.8117657
 409.4 4.339151 1.6320356 6.0678205 1.5189098 0.19143313
 409.6 3.0704033 3.56109 6.580159 1.4990007 1.4398035
 409.80002 3.763743 2.620193 5.2072067 0.6043754 1.7911187
 410. 2.093064 2.1067042 4.540399 2.2857282 1.0341262
 410.2 3.6549745 1.4010537 4.250139 2.1358333 0.7898664
 410.4 2.2626271 2.770275 5.1991687 0.7513998 2.2723525
 410.6 2.8666677 1.3216398 3.5381055 2.069043 0.33218187
 410.80002 2.5541651 0.7326633 3.6887257 2.2464554 0.38663396
 411. 2.785715 2.023192 4.9397783 1.3334235 0.834254
 411.2 3.0541947 2.4939568 6.023368 1.6422421 0.7229724
 411.4 1.4147474 5.3181825 8.062563 0.31906018 4.528953
 411.6 3.2331982 2.055987 4.434268 3.4858234 1.3867203
 411.80002 1.2508492 7.254096 7.691945 0.51363283 4.8540564
 412. 3.4136024 2.632915 4.7450333 2.0450568 0.24237572
 412.2 1.8673813 5.190476 7.228919 2.1158962 3.138297
 412.4 6.4135475 2.1541276 7.5996947 3.4539635 1.4588072
 412.6 3.0482025 5.6245294 10.959819 3.8707414 4.3095145
 412.80002 2.9252036 3.5101013 7.965776 0.23819084 2.4109678
 413. 5.60375 3.1650462 10.357977 3.4010272 2.3153393
 413.2 3.913753 3.7254734 7.1428576 2.6238575 1.2002028
 413.4 3.208245 3.4927876 6.294084 1.6433961 1.5180019
 413.6 5.645224 4.4507427 8.737521 5.8661017 2.6406877
 413.80002 4.1932774 3.4857414 6.4862747 2.5960393 3.2254207
 414. 5.456549 1.9652348 6.1711364 2.7318017 0.7173201
 414.2 5.29971 2.0048804 6.7675643 4.138194 0.8449472
 414.4 2.5340953 3.434337 5.3030295 1.1075543 4.163433
 414.6 4.209515 1.6384993 5.4812984 3.2474444 0.5446909
 414.80002 4.0941706 3.5430965 9.66503 1.779681 3.1454003
 415. 3.1587045 3.7924664 9.624986 1.5198992 1.9278458
 415.2 2.7865136 4.034772 5.937931 2.4029841 3.330259
 415.4 4.0849214 2.521543 7.071946 2.7035878 2.2266898
 415.6 3.8038516 2.918982 5.2171335 0.6676431 1.5961218
 415.80002 2.863546 2.9725838 7.6796317 1.2245097 3.8124042
 416. 3.9944806 2.1279771 6.575939 2.4519625 1.0474854
 416.2 3.2750773 4.060792 6.7843523 1.326614 0.7234021
 416.4 3.72191 4.869456 7.270673 3.8354156 1.8223602
 416.6 3.4761906 2.4908433 7.0287447 0.47729388 1.4662675
 416.80002 6.6516657 2.7799356 9.37955 4.238486 1.650894
 417. 4.1901426 4.0236063 8.044444 0.60550326 1.290647
 417.2 4.1777034 1.857274 5.4029455 3.5320044 0.5707166
 417.4 2.554718 4.1495047 6.927832 1.4637343 3.2964356
 417.6 4.373073 2.060151 5.8694077 7.2230654 1.7367452
 417.80002 3.6503093 3.7003078 5.18961 3.1474597 3.5094516
 418. 3.8445752 4.3366303 7.2857146 1.128445 4.9645586
 418.2 3.1653771 2.924902 8.467755 2.0897992 1.9894246
 418.4 2.5923953 3.4812806 7.049487 2.7471411 1.3761284
 418.6 1.682834 5.5446405 7.7389283 0.48618335 4.5224075
 418.80002 5.6692467 1.6555512 7.007437 3.0275638 0.85924786
 419. 1.4737802 7.348298 7.561329 0.64716506 4.509383
 419.2 3.6773663 3.3159096 8.259232 1.9685308 2.0617676
 419.4 3.4623542 4.027683 8.273695 1.6369314 2.1621606
 419.6 1.0461221 10.555353 10.983559 0.43920502 3.627505
 419.80002 4.1079597 2.8282568 5.7731094 1.4175628 1.123519
 420. 4.9809527 2.793452 9.50259 0.7934788 1.988318
 420.2 2.8677974 4.202382 7.584424 1.8378413 2.9943688
 420.4 4.0730767 4.1787925 8.882246 4.61351 1.8682657
 420.6 2.6736255 5.777359 7.54762 1.6121781 3.195776
 420.80002 1.7765188 6.5580697 7.4127502 0.7361923 0.811102
 421. 3.8977482 1.2821829 5.1341424 1.078586 0.39442238
 421.2 2.87859 4.51049 7.1588416 1.25124 2.0800142
 421.4 2.7296045 5.769231 7.7435913 1.5336199 3.8091319
 421.6 4.63764 3.142858 7.4970765 3.1097536 0.8367856
 421.80002 3.3235538 4.193278 7.847467 0.875855 1.2542707
 422. 5.662156 1.6129434 7.7071433 3.2626708 0.8692234
 422.2 1.5407184 4.831002 6.1455474 0.5153733 5.312167
 422.4 3.216638 3.22 7.3519645 1.8564034 1.1554294
 422.6 1.7015727 4.3172116 7.476191 0.28726143 4.915494
 422.80002 4.2220078 1.7700956 7.166667 4.264998 0.97105396
 423. 2.0042744 3.756781 6.5902047 1.4935117 2.1053298
 423.2 3.21021 4.054311 7.626972 1.5665396 1.677419
 423.4 2.1232984 2.1505141 4.7801824 1.0479562 1.4869459
 423.6 5.06376 2.9531932 7.301285 5.294975 2.1893725
 423.80002 2.1996346 3.967699 8.113626 0.9717641 1.9927052
 424. 5.259804 4.1988306 13.562994 4.859076 2.2849696
 424.2 5.4493284 4.7518415 10.087413 3.7098987 1.9609994
 424.4 5.141908 4.727246 10.429866 2.209849 2.333575
 424.6 2.0307114 3.589744 4.924964 1.3535498 1.7650727
 424.80002 4.5317826 2.918036 6.4611855 2.6755297 1.3141671
 425. 1.5062398 5.543372 5.645977 1.31481 2.3654444
 425.2 6.6965523 2.0000007 9.753395 8.115227 0.4034303
 425.4 2.4814448 5.340152 8.022626 2.2485702 4.3644543
 425.6 5.6178083 2.5202374 6.673547 3.672614 1.292501
 425.80002 4.0957265 4.103304 6.7425814 3.1968157 1.6277158
 426. 2.299146 4.544696 8.175648 0.17259097 1.4912529
 426.2 3.1356015 2.9138463 6.9770584 1.9485235 2.2656345
 426.4 5.2280226 2.3236027 6.6696334 3.4606338 1.2556748
 426.6 3.1746037 5.518137 7.529016 0.6396875 3.1266768
 426.80002 3.8475022 3.4253972 6.6153846 1.3977479 3.0451772
 427. 3.9514794 3.046601 7.593651 2.415671 0.8641137
 427.2 5.072363 2.351649 5.5110598 4.0005894 0.87415636
 427.4 3.6326537 3.7586207 6.7619047 2.5410821 3.1309094
 427.6 4.9327803 2.2517405 6.2838645 2.5001962 0.61709356
 427.80002 4.9551015 2.8246424 8.2906885 2.3852484 1.9976833
 428. 2.2069626 4.066327 6.8848486 1.8659693 2.8031921
 428.2 3.1483824 2.923683 5.283672 1.902258 1.5229672
 428.4 4.3170867 3.3221412 9.521368 1.7217139 3.3136876
 428.6 2.596492 4.961364 7.5088654 1.7748805 2.2791386
 428.80002 3.4145565 2.7233882 5.7285166 2.5463493 1.2863414
 429. 2.8694818 3.6532676 6.765339 1.9341391 4.96668
 429.2 4.152299 2.5756106 5.670995 1.677779 1.5121619
 429.4 2.9714198 3.802689 7.9361734 2.2009265 2.6459374
 429.6 3.8898094 1.7244422 8.562373 3.7335873 1.1881491
 429.80002 1.7376534 5.3003473 7.957071 1.3647001 4.218319
 430. 4.6002645 2.9918096 6.960658 4.1492767 1.3573081
 430.2 2.4638686 5.0000005 6.8695655 2.3057334 2.4478614
 430.4 3.0153642 4.521855 7.2730017 1.566033 3.071664
 430.6 5.977359 3.077636 8.000001 4.3628187 0.96481663
 430.80002 3.0010915 2.8077226 5.5526314 0.6074347 1.5440651
 431. 5.1123343 3.2309082 8.689097 5.390077 3.009278
 431.2 2.1936445 3.5382066 7.4767084 0.8157004 2.843374
 431.4 5.107726 2.2886999 9.989641 3.6513345 2.337501
 431.6 1.4949411 5.9051366 7.3527174 1.7005856 2.7114644
 431.80002 4.9554787 3.3450122 8.332693 6.1543555 2.5711982
 432. 2.2222228 5.0291734 7.497748 1.7731192 1.9255182
 432.2 2.7363713 2.8310027 5.5706077 1.3596575 0.58046424
 432.4 1.803084 3.5353541 6.088779 1.3312645 1.51563
 432.6 2.8373077 2.0788426 7.055228 2.3741064 2.7796981
 432.80002 1.6760677 3.9166667 7.5946283 1.1849439 3.150622
 433. 3.0676646 3.620461 6.8380957 1.9152863 0.60042715
 433.2 2.3555338 5.2663746 6.910517 1.1548158 2.7283845
 433.4 4.567529 5.2100844 9.957056 3.7490575 4.201611
 433.6 3.271192 2.9059837 7.0005355 1.9286418 1.2253877
 433.80002 3.924271 3.165848 5.7281613 2.0169044 2.3457334
 434. 3.2883487 2.5733352 6.8024797 1.4634585 1.3428893
 434.2 3.3052769 3.6736858 7.2228684 1.0350405 1.9796857
 434.4 2.491933 2.5127254 5.8310204 0.98577857 1.0428853
 434.6 4.104167 2.2299676 5.9798937 4.552737 2.1513193
 434.80002 2.976665 2.2030358 5.1365924 2.3007007 0.913676
 435. 1.978149 4.0018644 5.718904 0.4258815 1.1138057
 435.2 3.914741 2.3990693 7.987806 3.1565218 1.4611856
 435.4 4.2915206 6.289273 7.848765 2.130929 2.4978225
 435.6 2.2634077 2.8717954 4.9298825 0.701192 0.5426608
 435.80002 2.9671721 2.777267 6.9077883 3.030564 1.1510834
 436. 3.141026 3.081815 6.357856 2.454401 1.6110216
 436.2 2.9998481 3.2817256 6.0141892 1.2924297 0.8546024
 436.4 4.1324677 2.6871448 5.110087 1.4621531 1.4998266
 436.6 3.3254342 2.784701 6.7675066 1.5161697 1.8517464
 436.80002 2.0010943 1.8846614 4.4549303 0.9969931 1.1898137
 437. 2.9265988 1.8018967 5.0263157 1.2339337 1.1353914
 437.2 1.3847444 2.9211373 3.7891743 0.5765934 1.6086503
 437.4 3.0880241 3.1557384 5.9382043 2.8570633 1.2245003
 437.6 3.4648693 1.9163179 4.94152 1.1564999 0.6557919
 437.80002 2.1062398 3.7546763 4.3972845 1.2910506 2.880269
 438. 1.8143244 3.0381484 3.9664319 0.54403 1.9576916
 438.2 2.5904822 2.1700091 8.763773 0.7506835 1.1464642
 438.4 1.0884184 5.1283894 7.8956056 0.45111963 1.3911865
 438.6 3.4201736 1.9932194 5.380555 1.0669721 1.7142209
 438.80002 2.5851626 3.15117 5.7716265 1.1264805 1.1203387
 439. 3.5790305 2.6735158 5.8461623 1.0903013 1.9445426
 439.2 3.5248451 2.069466 7.460318 2.8867126 1.2730218
 439.4 3.0818665 2.6783586 5.013266 2.961459 1.6123961
 439.6 2.5910943 2.3654704 4.8990545 1.2881677 1.0391057
 439.80002 2.5940664 2.7087069 4.1086955 1.2835606 0.6545853
 440. 2.3069808 3.171381 6.3206263 0.5159311 1.8434163
