 0.39798075 0.47311512 0.488451 0.49538442
 0.35565302 1.0600961 0.43287683 1.0794055
 0.36901608 1.1359891 0.43383104 1.1513554
 0.4478611 0.5690073 0.47689492 0.6091612
 0.84236336 0.4658566 0.9010673 0.4788406
 0.8446971 0.5399721 0.90425795 0.5535949
 0.49611187 0.8044356 0.5488818 0.8650555
 0.6810037 0.91666687 0.7573476 0.9869691
 0.7435345 0.7532259 0.82554185 0.8096468
 0.75378793 1.0544873 0.84576416 1.1395121
 0.7727274 1.3857378 0.8726295 1.4948763
 0.87104094 2.2752101 0.9967127 2.4304206
 0.5213905 1.2698414 0.5797542 1.3419523
 0.6492457 1.7384071 0.71781206 1.8069358
 0.9996642 1.2767029 1.1221256 1.2882844
 0.7176536 0.6366076 0.79775536 0.68324035
 0.5865036 0.42029935 0.6524766 0.4309384
 0.59761906 0.44694787 0.6576442 0.45503664
 0.88293666 0.8132412 0.9933769 0.8466872
 0.7881774 0.752092 0.8593402 0.7922107
 0.8060037 0.23215552 0.8746871 0.24498162
 0.79889095 0.2245783 0.8698895 0.23689304
 1.047695 0.21388313 1.1214626 0.22687835
 0.9879282 0.19171564 1.0515077 0.2053369
 0.70374286 0.19174483 0.73002905 0.20630144
 0.7509484 0.19188607 0.7608528 0.2070586
 0.8734602 0.17130868 0.89947003 0.18631671
 0.8854167 0.17256266 0.91261065 0.1884534
 0.5432438 0.08393039 0.56741023 0.103037804
 0.59488404 0.06122454 0.62548345 0.08366126
 1.0064689 0.07383972 1.0994753 0.10090337
 1.0299304 0.074152604 1.1300346 0.10134038
 0.6240082 0.07446815 0.68161064 0.101763226
 0.67429936 0.07608701 0.7347593 0.103942014
 1.1615385 0.077777825 1.3056103 0.10629636
 1.655188 0.08027529 1.8654584 0.10972495
 0.5477 0.08293845 0.6318449 0.11335889
 0.39728993 0.07441652 0.41824642 0.10605697
 0.41190615 0.09308517 0.43329272 0.15741365
 0.4065935 0.092592664 0.43129203 0.15658249
 0.48901296 0.09510877 0.5192538 0.16066691
 0.5508262 0.09776543 0.5853575 0.16508543
 0.5415144 0.10057478 0.57590896 0.16997463
 0.43614036 0.10115614 0.46461636 0.1709424
 0.43709165 0.07172136 0.46548033 0.11680676
 0.7434641 0.07142863 0.78970563 0.11621908
 0.51617306 0.07142863 0.55067074 0.116121665
 0.3032214 0.07142863 0.32517043 0.1161928
 0.339487 0.07142863 0.36194596 0.11629921
 0.48611122 0.07142863 0.53165334 0.11628673
 0.8614893 0.06122454 0.90528363 0.09967252
 0.5063113 0.04081636 0.54728454 0.06644567
 0.29647452 0.02040818 0.32214928 0.03318957
 0.30404663 0. 0.32915065 0.
 0.31702915 0. 0.34405097 0.
 0.22661106 0.016129045 0.26023915 0.021290427
 0.15260848 0.03225809 0.20243531 0.042592175
 0.12948726 0.04823155 0.18872029 0.06369586
 0.11744976 0.04823155 0.18099283 0.063710496
 0.12681167 0.048076957 0.19338778 0.06351542
 0.11718758 0.05608978 0.17599128 0.07410189
 0.12931043 0.05591058 0.189739 0.07385999
 0.0961539 0.055732526 0.13650997 0.07362086
 0.05494509 0.055732526 0.07468385 0.07357544
 0. 0.0555556 0. 0.07336531
 0. 0.055379797 0. 0.07314059
 0. 0.047468394 0. 0.0626931
 0.10933532 0.047468394 0.1371612 0.06266955
 0.14675957 0.047468394 0.19032755 0.062656246
 0.14514033 0.031645596 0.19053979 0.041770507
 0.14393638 0.056179814 0.18967171 0.07228538
 0.15752774 0.08426972 0.21138555 0.10859468
 0.15767986 0.08426972 0.20993383 0.1085664
 0.17559537 0.08426972 0.22148383 0.10855822
 0.17399916 0.09831467 0.22090901 0.1266549
 0.25910944 0.09831467 0.31518817 0.12665108
 0.25181693 0.09887013 0.31321064 0.12726702
 0.4066438 0.11735995 0.46780694 0.1551165
 0.38020837 0.41290742 0.447247 0.54513574
 0.3694002 0.8394006 0.43382633 1.0839881
 0.19472988 0.28594786 0.24283157 0.37533334
 0.19152059 0.28010046 0.22969277 0.37579557
 0.18829611 0.290514 0.2164196 0.3911525
 0.15789483 0.5427301 0.17464368 0.73701113
 0.16482128 0.5357143 0.18237397 0.71687025
 0.2160495 0.48288622 0.2390652 0.6466291
 0.2230641 0.38637656 0.24769506 0.5251277
 0.2238177 0.33123872 0.24964875 0.45074877
 0.2565791 0.3362854 0.28787214 0.4605842
 0.2615717 0.3247064 0.29287264 0.44732374
 0.51364505 0.30797115 0.5706444 0.42822027
 0.51578104 0.24202912 0.5704093 0.3467054
 0.6658498 0.27199546 0.73845184 0.3865039
 0.67847604 0.27797633 0.74851155 0.37342638
 1.2773317 0.29332858 1.4086637 0.3781223
 1.2548125 0.2986113 1.3797345 0.3775261
 0.5725525 0.28969282 0.62502724 0.3713523
 0.6465999 0.2965442 0.7116378 0.38626662
 0.48880276 0.30536145 0.54073244 0.38774425
 0.5101193 0.75312555 0.5642358 0.8315202
 0.5704356 0.8839408 0.63224334 0.9788468
 0.53376913 0.5703126 0.60880363 0.6381962
 0.3450982 0.6756855 0.42176196 0.74163914
 0.36148518 0.85539466 0.4349814 0.9799764
 0.2816093 1.0616882 0.34478882 1.2274475
 0.2034885 1.1934526 0.2523713 1.2588867
 0.21281815 1.626535 0.26947743 1.7221216
 0.22376557 1.8031212 0.28877616 1.8689028
 0.22932212 1.8751819 0.3010016 1.9860456
 0.23007198 1.5588582 0.3062542 1.5769883
 0.2881965 1.0536001 0.37932914 1.0756636
 0.3624576 1.8988097 0.4670582 1.9844579
 0.36799842 1.028226 0.47387668 1.0900599
 0.48504835 1.5404041 0.6215918 1.6291116
 0.6003677 1.9395964 0.75576705 1.9827951
 0.51038516 1.2371008 0.64928484 1.301021
 0.4503107 1.406321 0.5739329 1.4796453
 0.8968256 1.3605607 1.1159941 1.4708722
 0.7336958 0.9960319 0.95465696 1.049097
 0.31094232 1.7833334 0.4542945 1.8057735
 0.6982602 1.2638891 0.89666593 1.3248271
 0.5844424 2.2430556 0.7699811 2.3845317
 0.5454081 1.4704547 0.7198488 1.5807505
 0.24351938 1.2522163 0.33589786 1.3514582
 0.2402314 1.7725118 0.32392973 1.8879972
 0.22962126 1.4071429 0.30459455 1.4929265
 0.2285397 0.9351853 0.30256906 1.0105833
 0.18624406 0.8707484 0.24552022 0.9417895
 0.15765776 1.2222223 0.2086496 1.2972112
 0.15909101 0.77430564 0.21049795 0.8516911
 0.15909101 0.70053464 0.21048461 0.7632128
 0.18636374 0.9296066 0.24696352 1.0195847
 0.38333347 1.1976318 0.51053256 1.3028878
 0.41129047 0.8095948 0.5480717 0.8715718
 0.4540817 0.49847764 0.60548806 0.5406085
 0.33591747 0.71815586 0.45303273 0.8089952
 0.32342887 0.43381724 0.43598193 0.48409703
 0.28130582 0.53098744 0.3815351 0.5987854
 0.22484288 0.5457658 0.3063391 0.6039436
 0.2824177 0.38653985 0.3336719 0.42967352
 0.29236016 0.16034079 0.34060508 0.19268174
 0.3515797 0.096685156 0.3965533 0.13044588
 0.30832243 0.09943189 0.35623607 0.1338815
 0.3001004 0.10115614 0.350703 0.1358771
 0.3002138 0.088757455 0.35059133 0.11885988
 0.240809 0.09146348 0.2928345 0.12193701
 0.7172071 0.093750075 0.7528567 0.12433388
 1.5032833 0.06493511 1.5947173 0.08557573
 1.0851648 0.038265336 1.1672705 0.06439843
 0.7548079 0.06443304 0.8628798 0.10890561
 0.59383917 0.0916231 0.69503784 0.15489894
 0.29573384 0.09210533 0.3549994 0.15572533
 0.2780586 0.09210533 0.3354084 0.15561992
 0.2436746 0.09358296 0.2952686 0.1579197
 0.24669103 0.09510877 0.2983802 0.16039324
 0.24140224 0.19886377 0.29118568 0.3323857
 0.2271243 0.19886377 0.27163744 0.33168715
 0.2213066 0.19662933 0.26447105 0.32835343
 0.19519301 0.10115614 0.23406264 0.16557117
 0.19347677 0.09943189 0.23079911 0.16243455
 0.09433969 0.096685156 0.1385282 0.15833661
 0.09740267 0.094086096 0.14304414 0.1545335
 0.098039284 0.0916231 0.14399835 0.15047367
 0.115894124 0.077319644 0.17024215 0.12690869
 0.11744976 0.06345183 0.17246515 0.10401554
 0.14618796 0.18869379 0.21479052 0.21224503
 0.16090798 0.21343252 0.23637058 0.24470837
 0.18631682 0.21198642 0.27369353 0.23468846
 0.20144549 0.1959099 0.29585117 0.22266069
 0.12589936 0.21969905 0.18510388 0.2517517
 0.12500009 0.21964665 0.18374188 0.25037155
 0.12500009 0.24618201 0.18375908 0.2796734
 0.12500009 0.2514308 0.18379293 0.284419
 0.12500009 0.3825788 0.18384182 0.45662004
 0.1193537 0.40906954 0.17348854 0.4870672
 0.11744976 0.7192462 0.16986923 0.9107136
 0.11666675 0.67681247 0.16877072 0.84984696
 0.115131654 0.70719373 0.16659354 0.7713009
 0.11437917 0.57211554 0.16555075 0.6031402
 0.11363645 0.48611125 0.1645181 0.50993305
 0.16822705 0.5406978 0.24364865 0.5771482
 0.18552049 0.654683 0.27104127 0.7849927
 0.29989904 2.162115 0.39650646 2.4386823
 0.19320227 1.358909 0.26849335 1.553575
 0.27398404 0.67769057 0.37433556 0.8105338
 0.2716096 0.6887227 0.37463057 0.8328403
 0.30656338 0.19097236 0.40352073 0.25511155
 0.26984793 0.19984339 0.34398362 0.2638281
 0.27604473 0.18686244 0.34108818 0.23840652
 0.22949381 0.17574756 0.28612813 0.22085522
 0.15180121 0.1528037 0.19146664 0.1851025
 0.124876305 0.15518717 0.15992597 0.18471104
 0.12236611 0.1546535 0.15751638 0.17960548
 0.12152787 0.089285776 0.15706909 0.099381804
 0.12323953 0.08992812 0.15926537 0.09871553
 0.12411356 0.05434786 0.1603826 0.058964767
 0.1603507 0.059880286 0.21816057 0.076405324
 0.22222236 0.09090915 0.32126418 0.11608758
 0.25602883 0.09090915 0.36939064 0.1160883
 0.2569446 0.10802476 0.3699711 0.13794664
 0.25938982 0.10937508 0.3730787 0.13969529
 0.2989928 0.14615393 0.43564844 0.1868051
 0.3000432 0.18027614 0.43976557 0.23029624
 0.2979889 0.21089754 0.4127322 0.26921713
 0.2858645 0.23552088 0.38811117 0.30050638
 0.24647899 0.5235043 0.31983465 0.67217785
 0.4610476 0.42525205 0.6236988 0.5466771
 0.46415448 0.2692309 0.631589 0.34608725
 0.33322895 0.28225818 0.4503977 0.3644462
 0.2410815 0.2910574 0.31915885 0.40503207
 0.2401644 0.3055053 0.31395644 0.43666247
 0.22412011 0.28352505 0.28591207 0.40406698
 0.2649458 0.26298833 0.3346665 0.37549803
 0.301001 0.23239899 0.38081482 0.32424608
 0.35996252 0.18713461 0.47357824 0.2489903
 0.61155355 0.18923621 0.79639727 0.22978087
 0.787499 0.20106716 1.0266209 0.21864739
 0.5073121 0.20585589 0.6656429 0.22798626
 0.79468596 0.2369009 1.0257584 0.26893154
 0.6184472 0.23489025 0.8288601 0.26436687
 0.17334737 1.2085994 0.22954567 1.2728515
 0.17703362 0.8455135 0.23204373 0.87945634
 0.17745063 0.6334117 0.23359714 0.6497206
 0.18125935 0.29577702 0.2374277 0.35710245
 0.18293907 0.326389 0.23982179 0.39645457
 0.11231011 0.56410265 0.15560982 0.6434434
 0.10115614 0.63699156 0.1425776 0.70981014
 0.106060684 0.5529971 0.14938608 0.61326975
 0.10736203 0.4878858 0.15101805 0.53377664
 0.10802476 0.41958055 0.15179683 0.44711107
 0.117341 0.38888904 0.16903718 0.41395652
 0.12018208 0.35842308 0.1802664 0.38359728
 0.12096973 0.6417228 0.18809812 0.68557596
 0.10563388 0.9591295 0.17021246 1.0259668
 0.10344835 0.7321509 0.16676933 0.78834766
 0.09933782 0.6040082 0.15993476 0.6533856
 0.1887404 0.6062689 0.24453522 0.6556976
 0.28030315 0.542291 0.30470425 0.60926604
 0.27230057 0.56833804 0.29544804 0.63614815
 0.29051685 0.73222333 0.3156903 0.82615674
 0.2774791 0.5097155 0.31073293 0.6133589
 0.2633738 0.33290666 0.29149705 0.43119508
 0.24082915 0.6999953 0.2809418 0.7745613
 0.4606456 1.546668 0.5180245 1.6506139
 1.107143 0.56948537 1.2394385 0.64764684
 0.737115 0.60379386 0.82287157 0.66116774
 0.7834383 0.4371523 0.83139145 0.49789953
 0.97231513 0.35114065 1.1146218 0.39519683
 0.7575073 0.39746004 0.85635 0.45886013
 0.7516802 0.49633303 0.80979246 0.56546575
 0.6688431 0.5982143 0.6987564 0.6687208
 0.7692808 0.7948749 0.80104226 0.8287127
 0.31300336 0.7187502 0.3510356 0.7672401
 0.38797325 0.69673216 0.4636657 0.7807672
 0.48512903 0.56316537 0.6181774 0.6287763
 0.4318183 0.4311182 0.5474371 0.4433961
 0.43410987 0.70507944 0.5209876 0.72609705
 0.41666684 1.011905 0.4928607 1.0448185
 0.468076 0.48611122 0.5236849 0.5169681
 0.544984 0.9417614 0.5742023 1.0080804
 0.62474066 1.1925218 0.6395313 1.2757
 0.828104 0.6577614 0.857949 0.6921796
 0.9146013 0.7415789 0.9619776 0.78179175
 0.5038666 1.1088518 0.52409875 1.1420808
 0.50218177 0.78178424 0.5193003 0.80550444
 1.0129871 0.4934005 1.0396385 0.5145552
 0.9908818 0.9554657 1.0298488 1.0076594
 0.5980257 0.40683165 0.6239492 0.42655754
 0.6842673 0.35885185 0.69831014 0.37781483
 0.6547619 0.3630606 0.7010145 0.38545474
 0.60264033 0.453528 0.6430783 0.56711966
 0.6292518 0.6265456 0.6683444 0.82749164
 0.55457824 0.46198678 0.5875072 0.63706213
 0.6018099 0.5140956 0.63930184 0.72866803
 0.8066176 0.3339462 0.8668452 0.49466965
 0.7470653 0.32146174 0.8058802 0.47656098
 0.46581537 0.3293652 0.49749467 0.48767108
 0.40630373 0.21042784 0.42906818 0.31275216
 0.8707837 0.17326742 0.91232204 0.2569914
 1.2619562 0.18329082 1.3308985 0.26459932
 0.9195403 0.2051822 0.97768563 0.28290686
 0.5177437 0.21031758 0.5541265 0.2840481
 0.5303446 0.23463221 0.56653476 0.30526912
 0.38835162 0.23972614 0.4245193 0.30670094
 0.50060743 0.7596284 0.54176366 0.9803658
 0.77887917 0.6536415 0.82979417 0.8500529
 0.45692635 0.567157 0.48934498 0.74196875
 0.2997374 0.45059863 0.32688197 0.59607476
 0.31526166 0.52569157 0.34239477 0.68198985
 0.369133 0.5924942 0.39892963 0.7443382
 0.5426258 0.7892629 0.5764123 0.9902883
 0.5479798 0.6456877 0.57835436 0.85996246
 0.33416268 0.88609326 0.35274103 1.1499424
 0.31010243 0.7327546 0.32811823 0.9593717
 0.3066334 0.6463297 0.32476112 0.84746766
 0.2925193 1.1520616 0.31112212 1.5643023
 0.34285238 1.0616732 0.36545292 1.4509921
 0.3700829 0.30870256 0.39388075 0.43143955
 0.39235422 0.30842924 0.41730058 0.4338542
 0.12152787 0.33660147 0.12896733 0.4719759
 0.12068975 0.24102144 0.12807627 0.36062402
 0.12152787 0.18575187 0.12907194 0.30075067
 0.12237771 0.186452 0.13003953 0.3014703
 0.12411356 0.18749455 0.13191722 0.30339137
 0.10791375 0.1647081 0.114712425 0.2671616
 0.1102942 0.16627358 0.11725525 0.2696092
 0.10869572 0.16488662 0.12066792 0.26733443
 0.12962972 0.121951304 0.14388308 0.17096831
 0.13157904 0.1400001 0.14601018 0.19626653
 0.13157904 0.14684597 0.14597459 0.20596893
 0.13157904 0.15512761 0.14602901 0.2174731
 0.13157904 0.17308216 0.14594443 0.242651
 0.2966103 0.1802135 0.32925203 0.25267985
 0.2966103 0.18925166 0.32900316 0.2659501
 0.2966103 0.19545467 0.32907644 0.27543628
 0.15086217 0.18498577 0.16732943 0.26138282
 0.15086217 0.17864743 0.167351 0.25673932
 0.15086217 0.15132667 0.16748573 0.22580786
 0.15086217 0.14013568 0.16742244 0.21332128
 0.15086217 0.11478414 0.1674593 0.18417467
 0.19886377 0.115114376 0.22016072 0.18318668
 0.20891622 0.10294126 0.2315808 0.166623
 0.21450934 0.093167774 0.23852636 0.14744751
 0.2423625 0.0822369 0.26990756 0.12694871
 0.25132614 0.06578952 0.28021255 0.09924507
 0.82007563 0. 0.9085198 0.
 0.543331 0. 0.59995025 0.
 0.6622637 0. 0.73528254 0.
 0.6838108 0. 0.7589127 0.
 1.3445884 0.058823574 1.4874691 0.07549014
 1.3610932 0.07352947 1.4993091 0.09435637
 0.8011793 0.08823536 0.8768422 0.113199584
 1.3658915 0.08823536 1.5107924 0.113191165
 1.7555147 0.088757455 1.9012455 0.11386281
 1.1074281 0.10355036 1.2495421 0.13287233
 0.84297955 0.104790494 0.9449892 0.13451472
 1.5847855 0.2466115 1.7706765 0.31681725
 1.1375002 0.4536403 1.2958522 0.58500993
 1.4032053 0.37866068 1.5892084 0.49150747
 1.189285 0.8244864 1.3531147 1.0660528
 0.6808036 0.22417167 0.76806563 0.2999633
 1.1979166 0.45324868 1.364522 0.6083675
 1.0261581 0.5657908 1.1623453 0.7598893
 0.77877 0.43799615 0.87191916 0.58974034
 0.92161417 0.36240327 1.0447234 0.48835376
 0.5776445 0.503788 0.6486253 0.68322635
 1.0353267 0.4732144 1.1640111 0.6384194
 1.0380955 0.39558542 1.1599327 0.52137524
 0.6298734 0.69542253 0.6960479 0.9403484
 0.6250001 0.50817674 0.700188 0.6667924
 0.72306174 0.45809674 0.8413339 0.5312302
 0.35462788 0.44904047 0.43761533 0.50684726
 0.41393456 0.59788454 0.50307906 0.6335694
 0.4230771 0.6906194 0.5098415 0.7118967
 0.33896956 0.9832252 0.43581012 1.026251
 0.35317475 2.0807602 0.45362082 2.4725995
 0.36186865 1.2470589 0.4659185 1.4993349
 0.38933104 0.8492552 0.51704144 1.0017473
 0.38659364 0.886905 0.526507 1.0057948
 0.38255408 0.5728024 0.5125204 0.70276475
 0.34602496 1.1169356 0.45993012 1.4398458
 0.24647899 0.4896423 0.32724655 0.5978176
 0.25843754 0.9292558 0.34352762 1.0495996
 0.6790737 1.4005684 0.9146928 1.5711706
 0.42828417 1.0371735 0.59281415 1.1771041
 0.26024827 0.535687 0.37799948 0.588392
 0.4912289 0.44575223 0.6776771 0.48638958
 0.46315208 0.8882578 0.641098 0.9691086
 0.3707281 0.55194813 0.51309574 0.5948327
 0.37535933 0.54357517 0.5121131 0.5882434
 0.1628279 0.82852966 0.22081515 0.8958971
 0.1365788 0.7318743 0.19131242 0.78864026
 0.10542176 0.6855651 0.15460421 0.7407447
 0.104790494 0.84617126 0.15350428 0.9052657
 0.104790494 1.355057 0.15352295 1.5009629
 0.10542176 1.4472263 0.15473641 1.6039542
 0.10542176 0.8740532 0.15478233 0.9719371
 0.1162112 0.8080042 0.16306944 0.8627454
 0.11278204 1.0037154 0.15035562 1.0652161
 0.13257585 0.8903203 0.17676108 0.9662752
 0.13257585 0.33554164 0.17680052 0.3733202
 0.13257585 0.30461973 0.17681077 0.3300259
 0.17406216 0.28008157 0.24205537 0.30201647
 0.260875 0.28919178 0.3772991 0.3127531
 0.29166684 0.21144804 0.4235092 0.22495376
 0.43750015 0.19842532 0.6418642 0.2123138
 0.43750015 0.20259197 0.6418125 0.21829882
 0.23026328 0.19803932 0.34066924 0.2148885
 0.22435911 0.15022686 0.33135667 0.16456516
 0.21577394 0.14306813 0.3070315 0.15742172
 0.1852169 0.08000006 0.2591874 0.08945846
 0.20851353 0.04032261 0.28754786 0.044946223
 0.53968275 0. 0.58993864 0.
 0.45269933 0. 0.49931565 0.
 0.65586567 0. 0.6877517 0.
 0.767196 0. 0.79297143 0.
 0.6097309 0. 0.6753304 0.
 0.50991046 0. 0.5901475 0.
 0.4744398 0. 0.5509943 0.
 0.3867597 0. 0.4634289 0.
 0.3317254 0. 0.37241417 0.
 0.27083343 0.05813958 0.29976106 0.09694508
 0.24305567 0.082872994 0.26960808 0.14065354
 0.23972614 0.092592664 0.26255175 0.15820247
 0.3213564 0.08974366 0.4195049 0.15373608
 0.3462839 0.12738733 0.4521982 0.19668815
 0.47325516 0.12463407 0.6098028 0.191772
 0.5207694 0.14718625 0.6670824 0.21261646
 0.40869576 0.18430056 0.5289649 0.2392616
 0.20051888 0.20409532 0.26451576 0.25701046
 0.22019246 0.2846423 0.29007003 0.34675008
 0.19449009 0.34315887 0.25979885 0.42588192
 0.19083749 0.77429736 0.25651547 0.9451549
 0.18154773 0.740407 0.24412286 0.9058029
 0.17965302 0.29461107 0.24318498 0.37220746
 0.13796994 0.28571445 0.17726856 0.36433738
 0.12867656 0.46382838 0.16346586 0.5779753
 0.12681167 0.46880737 0.16112648 0.58097106
 0.12681167 0.69182944 0.16113651 0.864013
 0.12681167 0.4219215 0.1609302 0.5262665
 0.12681167 0.43247136 0.16085923 0.54323494
 0.45568436 0.4130683 0.57914853 0.5192167
 0.69675934 0.39244586 0.88476515 0.49560705
 0.62973493 0.38984475 0.79866743 0.48092538
 0.5185187 0.4107844 0.65740913 0.48491147
 0.36606592 0.29694417 0.4606485 0.33824596
 0.24153045 0.34335747 0.3044065 0.39296946
 0.24448547 0.2960971 0.30898476 0.35157087
 0.29020667 0.30779624 0.3689289 0.35909042
 0.2608436 0.3381012 0.331185 0.38688004
 0.26330954 0.5880683 0.33456236 0.6295827
 0.253717 0.78972423 0.32279357 0.8797664
 0.25211653 0.81730765 0.32093778 0.945385
 0.22541897 0.68719494 0.28696632 0.7397946
 0.1655733 0.7582048 0.21091987 0.7988683
 0.021834077 0.66495085 0.030970793 0.670726
 0.04347829 0.5556233 0.061797597 0.5562864
 0.06521744 0.27242416 0.09287521 0.31289595
 0.06521744 0.24099152 0.09290606 0.26967323
 0.07510735 0.24436101 0.106965326 0.27436444
 0.07510735 0.21286245 0.106877744 0.24595419
 0.07543109 0.19955751 0.10722627 0.2415798
 0.07510735 0.21875015 0.106671736 0.270813
 0.07510735 0.24647899 0.106748424 0.30490938
 0.08796266 0.11217956 0.12670083 0.17732614
 0.11154246 0.11006298 0.16326942 0.16687535
 0.17873661 0.11075958 0.2560608 0.15666956
 0.18445334 0.11217956 0.25675493 0.14350948
 0.27305672 0.09554147 0.36363715 0.11210735
 0.3166279 0.09554147 0.41256884 0.10945721
 0.38192916 0.09554147 0.48927215 0.11163245
 0.44285926 0.051867258 0.5556604 0.06579763
 0.32748896 0.06302525 0.40872735 0.0799416
 0.30653483 0.06410261 0.38379917 0.081303306
 0.3923226 0.06493511 0.49046862 0.082362585
 0.43468475 0.077092566 0.544911 0.097788945
 0.49523816 0.078125045 0.630634 0.09910193
 0.30813962 0.07918557 0.39671162 0.1004423
 0.25124592 0.08064522 0.32324612 0.102287315
 0.10174427 0.08215968 0.13127728 0.10420213
 0.10174427 0.093592465 0.13131203 0.13082679
 0.10174427 0.10000007 0.13112523 0.16261205
 0.10174427 0.115131654 0.13093314 0.18731333
 0.08620696 0.1129033 0.110778965 0.18348773
 0.08620696 0.09677426 0.110610135 0.15721095
 0.057471305 0.09554147 0.07359671 0.15519641
 0.028735653 0.11379627 0.036755178 0.15579933
 0. 0.16990301 0. 0.17828946
 0. 0.1635515 0. 0.17163748
 0. 0.17938322 0. 0.18893713
 0. 0.17429455 0. 0.18349682
 0. 0.19612344 0. 0.20724422
 0. 0.19017842 0. 0.20080735
 0. 0.46743855 0. 0.49005625
 0. 0.6284621 0. 0.659717
 0. 0.5788734 0. 0.61246425
 0.08064521 1.1359 0.1014701 1.209763
 0.1501328 1.3910458 0.19667058 1.4748508
 0.17514282 0.5236845 0.22626337 0.5473325
 0.16131768 0.6703319 0.21141928 0.6934566
 0.1685293 0.9111203 0.21927962 0.9416249
 0.18831363 0.48813596 0.24748792 0.52938396
 0.19079696 0.57789135 0.2526125 0.6166652
 0.22320206 0.58477026 0.29371607 0.62702864
 0.26114196 0.47572273 0.34094346 0.516755
 0.30154228 0.65684944 0.3796149 0.6916042
 0.360514 0.64880973 0.45236814 0.6749201
 0.45176643 0.7524351 0.558859 0.7710939
 0.45826524 0.59929097 0.56588185 0.60611385
 0.38480404 0.58377695 0.49003282 0.5928448
 0.41393727 0.55947244 0.5370703 0.5722931
 0.39676976 0.56492215 0.51734805 0.5706215
 0.2995891 0.6433151 0.3875427 0.6502136
 0.20436282 0.9722223 0.25869936 0.9980186
 0.24228735 0.74702394 0.28645098 0.79291457
 0.29859966 0.6866746 0.34135118 0.7296407
 0.34619462 0.5347987 0.37784505 0.576676
 0.35259822 0.5062742 0.3667791 0.548006
 0.32323244 1.3341578 0.33010086 1.4514443
 0.34554982 0.89045703 0.3627765 0.96952623
 0.39523822 0.6559981 0.45126224 0.69523895
 0.4697384 1.0445602 0.54878616 1.1225022
 0.50265574 1.0963868 0.5705328 1.1617683
 0.45154613 1.2558105 0.49325135 1.3948047
 0.40212664 1.3772068 0.43873364 1.5371038
 0.3387825 0.8848511 0.36491096 1.0130057
 0.21347412 0.9331762 0.22014515 0.9653886
 0.16666676 0.94654906 0.17129435 1.0242182
 0.1899094 0.86648685 0.19736391 0.9157886
 0.27451712 1.2670463 0.28781885 1.393624
 0.3380189 1.4163307 0.37571636 1.5279033
 0.32058042 1.0937021 0.3551923 1.1516875
 0.2624231 1.9594157 0.2995399 2.0671813
 0.2940991 1.6400888 0.32474414 1.7492561
 0.26682374 1.7087616 0.29683453 1.8554357
 0.44686967 0.84250605 0.48176023 0.9132472
 0.6393608 1.1915531 0.69045025 1.2116346
 0.48826203 1.2550442 0.5040705 1.2826824
 0.8028487 2.0564713 0.838621 2.05956
 0.59233266 0.8619486 0.6192732 0.90905106
 0.5637256 1.2072432 0.61101496 1.2851715
 0.5853175 0.8735522 0.6370428 0.894876
 0.3945251 0.7672635 0.42388898 0.8225432
 0.40342826 1.0332168 0.44110307 1.1158324
 0.40342826 0.9214746 0.44045505 1.0385472
 0.58625996 0.58773273 0.63320553 0.670015
 0.65393525 0.6781307 0.70611715 0.74366945
 0.47806588 1.0877151 0.5076605 1.1545923
 0.38279146 0.72989476 0.40517998 0.826196
 0.37698424 1.1436484 0.3990783 1.2495098
 0.35761842 0.9680532 0.3789879 1.0260988
 0.6037296 1.4985702 0.6365149 1.6795216
 0.524729 0.82594144 0.5527669 0.985912
 0.45344257 0.551852 0.47106946 0.6877529
 0.32873973 0.41964298 0.3419232 0.5363947
 0.33467516 0.55288476 0.35121083 0.7604209
 0.31872648 0.6014949 0.3345306 0.82154477
 0.34263626 0.32302523 0.36628464 0.48903742
 0.35848546 0.3661123 0.3830213 0.54777443
 0.37049717 0.33613732 0.3928495 0.5179535
 0.3670494 0.3301888 0.3897231 0.5161892
 0.34607857 0.41445646 0.37009388 0.6293449
 0.34607857 0.4255321 0.37009478 0.62772214
 0.36250013 0.4276298 0.38784975 0.60610974
 0.4265204 0.6116073 0.45677584 0.8909558
 0.49426025 0.32965127 0.5415514 0.44615963
 0.46717182 0.3441237 0.52477527 0.468258
 0.41065302 0.6372551 0.46077558 0.82946587
 0.44217142 0.66784745 0.47319198 0.85161674
 0.43581313 0.6255237 0.48486274 0.781049
 0.49426025 0.15381484 0.5443123 0.20741107
 0.42382693 0.15104651 0.4556367 0.20336014
 0.19662933 0.14301375 0.21120475 0.18904658
 0.19662933 0.12620202 0.2113671 0.16820487
 0.19886377 0.1261802 0.2141858 0.16777447
 0.19886377 0.11621597 0.21424086 0.14912508
 0.22577763 0.115072966 0.24881707 0.14686206
 0.23333347 0.07485036 0.25791597 0.09163294
 0.24454208 0.07485036 0.27044997 0.09153083
 0.24935801 0.029761925 0.27667588 0.036411118
 0.29288438 0.04098364 0.32624072 0.06714337
 0.76754963 0.06793483 0.8486416 0.11129158
 0.768404 0.080213964 0.84735626 0.13145557
 0.7741231 0.07978729 0.85712785 0.1308419
 1.1838119 0.078947425 1.3045001 0.12936169
 0.78821164 0.09308517 0.863259 0.15251242
 0.98989916 0.09308517 1.0795002 0.15258378
 0.87801945 0.18076277 0.9737255 0.28797612
 1.343815 0.21179238 1.4757869 0.32973275
 0.89067525 0.20098051 0.98470706 0.3037543
 1.2240139 0.19570719 1.3195844 0.27721852
 1.3228291 0.19631723 1.4533907 0.2683804
 1.1535947 0.18921538 1.2818536 0.2611156
 1.1813726 0.18253979 1.311403 0.2581801
 1.0544872 0.29870138 1.1552662 0.39852598
 1.7564104 0.29297704 1.9273491 0.3947324
 0.50032187 0.29433775 0.55510205 0.40024388
 0.50986856 0.52978885 0.5632645 0.7133429
 1.2579367 0.3453911 1.4037418 0.4628874
 1.2500002 0.16904768 1.3778795 0.22323158
 0.9854498 0.10057478 1.0826389 0.1331429
 1.8098545 0.10057478 1.985812 0.13343
 1.7230577 0.10115614 1.9594641 0.13415803
 0.6812171 0.10057478 0.7325446 0.13322103
 1.1029733 0.085714355 1.189489 0.11331678
 1.4136908 0.07142863 1.5141432 0.094354205
 1.3838825 0.042613667 1.4981238 0.05623692
 0.9874132 0. 1.0951382 0.
 0.6806178 0. 0.7494949 0.
 1.6663679 0. 1.7934058 0.
 1.2181816 0. 1.3157407 0.
 1.0703609 0. 1.1401091 0.
 1.5259428 0. 1.5920709 0.
 1.1487472 0.06655147 1.2430986 0.09237495
 1.2820088 0.11845046 1.3749475 0.15290648
 1.1581509 0.13846457 1.2492218 0.17809886
 1.9540806 0.13609475 2.0965335 0.1758949
 0.7396382 0.1349207 0.7961199 0.17525905
 0.74956894 0.18059465 0.78287834 0.22305185
 0.32106996 0.18059248 0.3377159 0.22349595
 0.28313038 0.20051989 0.30245596 0.23661791
 0.312783 0.25000012 0.33838782 0.2739985
 0.30850828 0.37087917 0.33967736 0.39629644
 0.3023811 0.4351352 0.33656818 0.464775
 0.24914181 0.6547551 0.27923736 0.7081993
 0.24698162 0.7014752 0.27731568 0.762476
 0.22200048 0.5478262 0.24609913 0.59692144
 0.1351352 0.4158401 0.1493038 0.45263398
 0.06666671 0.3667621 0.072017364 0.39540598
 0. 0.44219786 0. 0.47667915
 0. 1.0764828 0. 1.1608069
 0. 0.7434642 0. 0.8007996
 0. 1.0606062 0. 1.1570579
 0.028409112 0.8072917 0.036942862 0.8819403
 0.056497216 0.8469202 0.07349653 0.92026734
 0.084745824 0.65887916 0.110270485 0.7193593
 0.084745824 0.45324057 0.11025704 0.49865428
 0.084745824 1.1063831 0.11023995 1.1995378
 0.09887013 1.1357949 0.128631 1.2332593
 0.09887013 0.6986772 0.12866303 0.7725577
 0.09887013 0.6816721 0.12870514 0.7344245
 0.10558657 0.81829584 0.13740538 0.89620507
 0.11643734 0.51027733 0.15155022 0.5812132
 0.12323953 1.1600845 0.16037416 1.3495439
 0.12237771 0.716231 0.15922073 0.83503205
 0.104895175 0.6349138 0.13643734 0.72236913
 0.104166746 0.6014062 0.13547704 0.72060394
 0.104166746 0.47500506 0.13548896 0.57373285
 0.104166746 0.5086781 0.13232067 0.6096068
 0.10344835 0.52098614 0.13138628 0.6118155
 0.102739796 0.5066085 0.1304467 0.61500365
 0.1190477 0.9128331 0.15111385 1.1023921
 0.11824334 0.90316916 0.15008202 1.0878576
 0.11744976 0.50441515 0.14908656 0.6299919
 0.27500007 0.6112133 0.34933957 0.7820117
 0.38011706 1.0077081 0.48277605 1.2362242
 0.69603354 0.6179451 0.8851986 0.72425723
 0.48614675 0.5436231 0.605118 0.6550711
 0.41706857 0.574313 0.5063392 0.6929357
 0.34150344 0.28051788 0.42047295 0.3363687
 0.31372565 0.22748849 0.37547076 0.27227384
 0.35197702 0.22110169 0.41559383 0.26468426
 0.3682475 0.21119294 0.42167732 0.25291222
 0.7075501 0.1744187 0.7584854 0.20836295
 0.58065414 0.18072301 0.6307158 0.21596876
 0.7509364 0.05617982 0.8631522 0.071691155
 1.3289474 0.06578952 1.4281186 0.08391736
 0.9930557 0.06578952 1.0930822 0.08394165
 0.99704 0.06603779 1.0807949 0.08425649
 0.2961226 0.066287935 0.30774024 0.084557384
 0.34784657 0.06679395 0.340264 0.08523501
 0.3505449 0.06679395 0.3598334 0.08531508
 0.3639547 0.06679395 0.3862351 0.085300066
 0.4284647 0.06679395 0.46402666 0.08529519
 0.37049955 0.057251953 0.46079087 0.07311093
 0.38661483 0.057251953 0.4922467 0.07311253
 0.35106736 0.03816797 0.4476374 0.048738383
 0.27848634 0.019230785 0.35703027 0.024535261
 0.287198 0.038022842 0.36863726 0.064041734
 0.6778754 0.046816517 0.81602085 0.079129025
 0.75956684 0.064814866 0.9161136 0.109518215
 0.56216943 0.064102605 0.6955749 0.10829783
 0.31288913 0.06433829 0.40452248 0.108589016
 0.26477844 0.064814866 0.33415794 0.10920738
 0.23268409 0.064102605 0.29392663 0.10798891
 0.16826935 0.063176945 0.21379286 0.10669711
 0.16826935 0.06340585 0.21352352 0.10707932
 0.16509442 0.063868664 0.20927933 0.1078683
 0.121951304 0.06431813 0.18001229 0.09309056
 0.14227653 0.07177039 0.21002387 0.09109034
 0.14227653 0.071090095 0.21003486 0.09021654
 0.14227653 0.069124475 0.20986693 0.08771099
 0.12987468 0.08027529 0.19153914 0.10185045
 0.09887013 0.078125045 0.14574598 0.09911609
 0.09887013 0.076754436 0.14582406 0.09737159
 0.09887013 0.07543109 0.14595635 0.09568644
 0.09887013 0.07383972 0.1459666 0.09366023
 0.08426972 0.091310486 0.1244329 0.11007278
 0.08426972 0.15995121 0.12443475 0.17694753
 0.056179814 0.2597084 0.082908586 0.27596152
 0.0140449535 0.28779832 0.02071176 0.30584142
 0.042134862 0.28060275 0.058656495 0.29739663
 0.06983245 0.2800326 0.0974879 0.3010875
 0.08426972 0.2540944 0.11762076 0.2775669
 0.09776543 0.72435915 0.13642041 0.7809597
 0.09776543 0.7263756 0.13634375 0.78071064
 0.09776543 0.6444093 0.13625926 0.72650063
 0.097222306 0.7280512 0.13537708 0.81566584
 0.1830809 0.31620616 0.25709555 0.3968351
 0.31186882 0.3667505 0.4384284 0.46329015
 0.389821 0.42102224 0.55124795 0.5216556
 0.2931036 0.45932692 0.4209048 0.5861497
 0.28635877 0.550956 0.4016501 0.76578426
 0.28584892 0.25441736 0.3918461 0.36173728
 0.21505387 0.26115033 0.26858985 0.37127352
 0.18026721 0.21243152 0.22518562 0.30349502
 0.16586757 0.20800276 0.20726529 0.2971436
 0.16307983 0.20506804 0.20375466 0.29289973
 0.14565372 0.16085279 0.18212345 0.23057455
 0.14472815 0.15810533 0.18130656 0.22635794
 0.14472815 0.099437214 0.18137066 0.1430061
 0.12637645 0. 0.15838727 0.
 0.125926 0. 0.1578177 0.
 0.07716055 0. 0.096564725 0.
 0.07716055 0. 0.09644638 0.
 0.030487826 0. 0.038031485 0.
 0. 0. 0. 0.
 0. 0. 0. 0.
 0. 0. 0. 0.
 0. 0. 0. 0.
 0. 0. 0. 0.
 0. 0. 0. 0.
 0. 0.02958582 0. 0.038119994
 0. 0.05813958 0. 0.07631673
 0. 0.07022477 0. 0.09267203
 0. 0.09510877 0. 0.12588258
 0. 0.09210533 0. 0.12205117
 0. 0.09067364 0. 0.12005187
 0. 0.10101018 0. 0.13328648
 0. 0.12738733 0. 0.15641369
 0. 0.15490268 0. 0.18147242
 0. 0.1388047 0. 0.16178876
 0. 0.1923078 0. 0.21097776
 0. 0.21600449 0. 0.23249042
 0. 0.28490043 0. 0.2991412
 0. 0.5717895 0. 0.5981043
 0.063291185 0.84244615 0.0973191 0.8850338
 0.110564664 1.0127409 0.15855278 1.0651368
 0.14794588 0.9778962 0.20531113 1.0390586
 0.16438489 0.36966905 0.2331872 0.4043904
 0.1626985 0.3825348 0.23183303 0.41046134
 0.1639272 0.8878902 0.23298459 0.9121906
 0.19738045 0.73623264 0.26816365 0.77936137
 0.2285715 0.78270805 0.30285248 0.87126815
 0.22364017 1.5717595 0.28630662 1.865517
 0.22735086 1.4182694 0.279423 1.6781224
 0.19577365 0.9799078 0.24048916 1.084786
 0.18617032 1.0214647 0.22917365 1.1813623
 0.17523976 1.1840112 0.21957545 1.393
 0.15184437 0.50906307 0.19476713 0.5646191
 0.13358788 0.9203558 0.17410502 0.9600366
 0.13157904 0.9331762 0.1712229 0.96807647
 0.12962972 0.8002356 0.16849594 0.863375
 0.15578546 1.0639566 0.19189537 1.090672
 0.18083727 1.5178573 0.21392652 1.628391
 0.22863019 1.0034298 0.25549048 1.0867115
 0.31580698 0.73541105 0.33866966 0.8144159
 0.3087776 0.81537354 0.33313325 0.8954439
 0.36540785 0.971903 0.39287052 1.0269674
 0.3956654 1.3443224 0.42650494 1.37987
 0.4006657 1.1696857 0.43200436 1.2502965
 0.36217964 1.0213034 0.40944815 1.0180712
 0.3594772 1.2710625 0.3920093 1.2509075
 0.23042944 2.5211778 0.25318667 2.2918396
 0.23340562 2.676515 0.2583056 2.1704586
 0.2405026 1.0277778 0.26732638 0.992287
 0.24187322 2.4995255 0.27049533 2.4583967
 0.20483533 2.3915343 0.22539227 2.4366486
 0.2069911 0.9518716 0.22783522 0.8779945
 0.19119783 1.4977973 0.20506968 1.4548461
 0.17500015 2.2260118 0.18395565 2.0858362
 0.17475261 1.6308247 0.18480696 1.634739
 0.17840923 0.955396 0.18953164 0.9543138
 0.18244252 0.56206095 0.19395132 0.5478388
 0.18181829 0.516337 0.19310516 0.5166193
 0.21193106 1.0788691 0.22478198 1.0939678
 0.40521985 1.1386532 0.428976 1.1680282
 0.40521985 1.223012 0.42780596 1.2471545
 0.30477348 0.5920244 0.32212123 0.6450951
 0.27525264 0.68024856 0.29303178 0.74964064
 0.29292944 1.2353481 0.31149462 1.3524548
 0.31228966 1.3954681 0.33149502 1.549901
 0.48875204 0.8604083 0.5174774 0.97115076
 0.67109495 0.63446987 0.71097934 0.6925244
 0.6964572 0.66609824 0.7376516 0.72528297
 0.7671897 0.50498354 0.8588551 0.5322812
 0.6856061 1.9105694 0.81434256 2.021438
 0.5468349 0.8405925 0.62478775 0.8413648
 0.7667357 0.6368451 0.87225693 0.64106774
 0.38088745 1.1908134 0.39672655 1.3341943
 0.3173079 1.4767318 0.32042697 1.6705357
 0.5925271 0.84544593 0.6435961 0.8870784
 0.8577326 1.0236367 0.94965386 1.1078386
 0.56201905 0.8122711 0.603879 0.8777549
 0.60416687 0.8514611 0.64830333 0.9125888
 0.3333335 0.7673427 0.35068876 0.7934511
 0.3757295 0.7947196 0.39684492 0.8224209
 0.42117128 0.9359123 0.4458751 0.9586259
 0.43169087 0.7365328 0.457998 0.75937074
 0.4247105 0.6924605 0.4511158 0.71591115
 0.4268294 0.5186405 0.4535262 0.53454965
 0.35000017 0.31094232 0.36760163 0.32999182
 0.35681835 0.2920673 0.37471887 0.31259915
 0.38255832 0.2739602 0.40092582 0.2937991
 0.40697688 0.2732144 0.42579377 0.29415318
 0.4166668 0.21698752 0.43574882 0.23313959
 0.4295867 0.1989757 0.44734412 0.21411686
 0.4464287 0.19473629 0.46462682 0.21197435
 0.454117 0.18790483 0.47240028 0.20214325
 0.5174296 0.15186213 0.54266363 0.16409269
 0.6598122 0.14164996 0.6945242 0.15252881
 0.5255992 0.11071266 0.56064636 0.11706878
 0.9403302 0.05859379 0.9364088 0.05820082
 0.62385714 0. 0.6294336 0.
 1.1415514 0. 1.1803482 0.
 0.9553574 0. 1.004547 0.
 0.9553574 0. 0.98052347 0.
 0.67434794 0. 0.70913684 0.
 1.0880231 0. 1.1278474 0.
 1.0816338 0. 1.2019277 0.
 0.7451299 0. 0.81651884 0.
 0.79804814 0. 0.8684411 0.
 1.6584768 0. 1.7801328 0.
 1.4775264 0. 1.5668525 0.
 1.7248789 0. 1.837775 0.
 1.6856062 0. 1.7475547 0.
 1.215909 0. 1.2309612 0.
 0.918794 0. 0.9681549 0.
 1.1157635 0. 1.1559715 0.
 1.0804474 0. 1.132094 0.
 0.80091 0. 0.83776677 0.
 1.3628473 0. 1.4371023 0.
 3.402778 0. 3.5712829 0.
 1.96131 0. 2.0644228 0.
 0.8759403 0. 0.9194291 0.
 1.0194805 0. 1.0781913 0.
 1.5413883 0. 1.6396791 0.
 1.2536817 0. 1.3106531 0.
 1.449495 0. 1.5345235 0.
 1.5806882 0. 1.6685615 0.
 1.7213806 0. 1.7385784 0.
 1.6203705 0.051546432 1.7344071 0.08504543
 1.4146677 0.06313136 1.4951597 0.104223534
 1.4034094 0.072115436 1.4468743 0.11920917
 1.9336624 0.071090095 1.9931204 0.11734246
 1.5445406 0.07042258 1.5867271 0.116223976
 1.2222507 0.069124475 1.2479331 0.114153534
 0.9916167 0.11084114 1.0574309 0.17484908
 1.1663011 0.1252881 1.2115219 0.19526206
 0.7817842 0.14588636 0.79816777 0.22356053
 1.0255888 0.17601147 1.1081711 0.26737636
 0.7115491 0.3042814 0.79119647 0.38367736
 1.1041671 0.2640087 1.3168675 0.3293392
 1.1309067 0.33569688 1.3490283 0.38564694
 0.5162152 0.39979035 0.60572016 0.42903382
 0.77380955 0.36286438 0.9224688 0.3885057
 0.7758201 0.33253515 0.94607645 0.35475525
 0.72916687 0.38625792 0.919243 0.41183355
 0.85593235 0.58470774 1.0726844 0.6296684
 0.41958052 0.68322986 0.53184015 0.72372246
 0.16284071 0.5972223 0.20902973 0.6392375
 0.16542962 0.8322134 0.21242891 0.8826361
 0.14012435 1.4875003 0.17796658 1.5832624
 0.14012435 1.0617316 0.17737031 1.1316898
 0.14064568 0.7771648 0.17708041 0.82201487
 0.11898403 1.2804235 0.14797235 1.4125115
 0.11463912 1.2903082 0.14029835 1.400393
 0.093283646 1.7125002 0.112401515 1.8029405
 0.05725195 0.9342433 0.06848962 1.0263561
 0. 1.3881582 0. 1.4965875
 0. 1.1949381 0. 1.3264791
 0. 1.2003971 0. 1.3458905
 0. 0.9082247 0. 1.0076308
 0. 0.90793955 0. 1.0321808
 0. 0.7899438 0. 0.9066939
 0. 1.1428573 0. 1.2335255
 0. 0.8125002 0. 0.88303614
 0. 0.6112133 0. 0.67223704
 0.028248608 0.8644482 0.036415476 0.99579173
 0.056497216 1.0000002 0.0729596 1.1579472
 0.084745824 0.9236113 0.109516785 0.9652322
 0.084745824 0.9815134 0.10953329 1.0444194
 0.09943189 0.51764715 0.12852997 0.5490837
 0.09943189 0.84278166 0.12854226 0.89002776
 0.09943189 0.9441546 0.12839504 1.0002494
 0.09887013 0.8548018 0.12755021 0.90361524
 0.1850505 0.54378545 0.23893003 0.57574844
 0.3296493 0.31587762 0.42526823 0.33939797
 0.36693558 0.33422852 0.4734587 0.36244634
 0.31754047 0.61727613 0.41094416 0.7309815
 0.21875015 0.5769873 0.28444654 0.7310823
 0.19662933 0.43947387 0.260357 0.5571734
 0.19444455 0.27597418 0.25699988 0.35581255
 0.19444455 0.26921725 0.25656715 0.35010892
 0.22885802 0.24922855 0.30206367 0.3250213
 0.43342924 0.21387024 0.5433638 0.27871737
 0.48601246 0.19912998 0.61451304 0.25948444
 0.4815062 0.18834798 0.61357987 0.24535802
 0.4765327 0.16434518 0.5976859 0.21239814
 0.55059534 0.16666676 0.67084557 0.21372814
 0.66233766 0.110865474 0.79333806 0.14174478
 0.6064815 0. 0.67839384 0.
 0.6064815 0. 0.6744498 0.
 1.5307071 0. 1.6642182 0.
 0.9554947 0. 1.0729182 0.
 1.3246269 0. 1.4035836 0.
 0.92339563 0. 0.9381728 0.
 0.32280234 0. 0.36639154 0.
 0.68620425 0. 0.6826046 0.
 0.33064532 0. 0.3728881 0.
 0.32070503 0. 0.3763442 0.
 0.27565208 0. 0.3325248 0.
 0.24305567 0. 0.3045909 0.
 0.25000015 0. 0.31308833 0.
 0.12111239 0. 0.15180038 0.
 0.09776543 0. 0.12252241 0.
 0.09776543 0. 0.12268539 0.
 0.09776543 0. 0.122737505 0.
 0.09776543 0. 0.12271605 0.
 0.08379894 0. 0.10515296 0.
 0.08379894 0. 0.10511263 0.
 0.06983245 0. 0.087470934 0.
 0.055865962 0. 0.0698635 0.
 0. 0. 0. 0.
 0. 0. 0. 0.
 0. 0. 0. 0.
 0. 0. 0. 0.
 0. 0. 0. 0.
 0.031545766 0. 0.046023015 0.
 0.039556995 0. 0.057734802 0.
 0.047318652 0.016339881 0.0690468 0.019449674
 0.047318652 0.06493511 0.06904085 0.077878006
 0.055205096 0.07911398 0.080547936 0.095272444
 0.055205096 0.11006298 0.08055246 0.13269441
 0.055205096 0.10802476 0.08055633 0.13027386
 0.055205096 0.106707394 0.08051553 0.12862338
 0.055205096 0.106060684 0.080549724 0.12762897
 0.055205096 0.106060684 0.08053139 0.12728833
 0.047318652 0.23514898 0.0690249 0.31284544
 0.047318652 0.3553068 0.0690391 0.46730426
 0.03943221 0.4655315 0.057549685 0.5404185
 0.031545766 0.37776235 0.046047512 0.41546208
 0. 0.35052925 0. 0.38505715
 0. 0.3633356 0. 0.39699313
 0. 0.57142866 0. 0.639607
 0. 1.7074699 0. 1.870826
 0.054054093 1.1133158 0.067538925 1.2086558
 0.06756762 0.7190236 0.084491685 0.76515144
 0.08108114 0.27480263 0.10136425 0.3035796
 0.08108114 0.45946473 0.101371855 0.52831715
 0.09510877 0.5356911 0.11893457 0.6398654
 0.09510877 0.74819595 0.11895104 0.92922235
 0.09510877 0.15940988 0.11895324 0.19937262
 0.09510877 0.12244161 0.11884834 0.16663027
 0.09510877 0.10802476 0.11883824 0.1532151
 0.11744976 0.11146505 0.14679931 0.15577011
 0.11986311 0.115131654 0.14977497 0.15749247
 0.12237771 0.10067122 0.1529958 0.13383216
 0.12589936 0.104166746 0.15734896 0.13345492
 0.12773731 0.07299276 0.15969922 0.089446224
 0.12357515 0.07575763 0.17293867 0.08861217
 0.11146505 0. 0.18178709 0.
 0.1129033 0. 0.18393746 0.
 0.11217956 0. 0.18239944 0.
 0.11437917 0. 0.18568403 0.
 0.11363645 0. 0.18517336 0.
 0.13694647 0. 0.20273416 0.
 0.18253197 0. 0.24462195 0.
 0.19948433 0. 0.26782528 0.
 0.19717275 0. 0.26419848 0.
 0.19468825 0.014619894 0.2618131 0.0181117
 0.19095607 0.058823574 0.2639175 0.07300839
 0.16946457 0.07485036 0.225972 0.093109876
 0.21747088 0.09090915 0.29079753 0.113119066
 0.24305567 0.106707394 0.31236038 0.13280052
 0.2364866 0.10802476 0.3038861 0.13444401
 0.12773731 0.11075958 0.16380984 0.1376881
 0.12867656 0.16968332 0.16504468 0.21131699
 0.1305971 0.5250002 0.16755734 0.6530675
 0.13358788 0.6277995 0.17143385 0.79083
 0.11718758 0.6109189 0.15043063 0.77939934
 0.09813393 0.39402252 0.1379857 0.51170677
 0.06835942 0.7016102 0.10902773 0.95228946
 0.06889769 0.68910265 0.109809086 0.93707913
 0.0694445 0.78277904 0.110549875 1.0647986
 0.070281185 0.81212175 0.11190531 1.1238079
 0.07113826 0.53337115 0.11349725 0.7574821
 0.072016515 0.44977826 0.114862576 0.6423113
 0.072916724 0.34696704 0.11626332 0.5088618
 0.063291185 0.4011155 0.10086934 0.57206047
 0.042553224 0.4288858 0.06776327 0.61735934
 0. 0.6598137 0. 0.80586964
 0. 0.74304706 0. 0.80091465
 0.049504988 0.5601505 0.08481665 0.67309016
 0.060975652 0.93664676 0.10454935 0.9951035
 0.06944449 0.96497595 0.11923651 1.0793936
 0.06880739 0.78373027 0.11799696 0.8727112
 0.06696433 1.361118 0.11484868 1.5893468
 0.06578952 0.7239272 0.11293449 0.80669236
 0.09662454 0.844779 0.15637153 0.9219811
 0.11581222 0.8372551 0.18164583 0.9220516
 0.15307164 1.2412794 0.23061806 1.2335869
 0.18458131 1.9221933 0.2712778 2.074719
 0.21545596 1.1160713 0.3033483 1.1725209
 0.312152 0.7474593 0.38281035 0.90169275
 0.32918483 0.8106062 0.40286708 0.883282
 0.41111413 1.2260455 0.47570628 1.3004739
 0.31568116 1.2520019 0.38279986 1.2561232
 0.37237006 1.0715336 0.4346783 1.1158726
 0.25082952 1.3201122 0.29685098 1.3911754
