 0.0570033 0.1488428 0.07786853 0.18750736
 0.05591058 0.10736203 0.076357245 0.13522947
 0.055379797 0.0920246 0.075562805 0.115905695
 0.055379797 0.09259266 0.075502686 0.11659105
 0.055379797 0.09259266 0.07547 0.11658247
 0.047468394 0.06172844 0.06456361 0.07771332
 0.047468394 0.13969089 0.06457314 0.17271553
 0.047468394 0.21878132 0.064673565 0.27137437
 0.03943221 0.22578081 0.053845175 0.2840875
 0.031645596 0.23511657 0.043295827 0.29618317
 0. 0.22228126 0. 0.28429478
 0. 0.23094933 0. 0.29435763
 0. 0.26887304 0. 0.33085483
 0. 0.28433046 0. 0.34244514
 0. 0.33583602 0. 0.4016983
 0. 0.44664922 0. 0.5349368
 0. 0.23533964 0. 0.30765983
 0. 0.29280815 0. 0.3624483
 0. 0.31831825 0. 0.38110805
 0. 0.35353547 0. 0.4180875
 0. 0.18378392 0. 0.25348046
 0. 0.1804125 0. 0.2559606
 0. 0.22581089 0. 0.32009584
 0.14326832 0.2922079 0.17458239 0.41299567
 0.28743735 0.31778556 0.34695035 0.44807193
 0.104102634 0.3503481 0.13956077 0.50631297
 0.12090719 0.34313738 0.16458257 0.5234698
 0.12261623 0.28115955 0.17061186 0.43476942
 0.124899365 0.24305567 0.17713436 0.37828308
 0.1494416 0.23026328 0.22112863 0.36138818
 0.15447454 0.35096166 0.23438962 0.48280564
 0.22680636 0.34516564 0.35309938 0.45138952
 0.25523478 0.3333335 0.36175886 0.43454307
 0.27853614 0.4200583 0.35418227 0.5442803
 0.25837505 0.4564395 0.32190272 0.57923853
 0.19459973 0.60119045 0.23508607 0.70570666
 0.13356757 0.71070224 0.16908593 0.8522875
 0.10115614 1.6195405 0.1330392 1.7386607
 0.10174427 1.527778 0.13394274 1.6412567
 0.10174427 0.45324916 0.13409753 0.59589267
 0.08720937 0.45634937 0.114971355 0.5918145
 0.088757455 0.6016561 0.11694354 0.79324996
 0.088757455 0.89384925 0.11688628 1.228236
 0.11278204 0.48143086 0.15982315 0.7116303
 0.11278204 0.23972614 0.15999056 0.36114398
 0.13157904 0.24162874 0.18661247 0.36607584
 0.13157904 0.24219653 0.18650815 0.36749786
 0.13157904 0.22218755 0.18624306 0.33490285
 0.4166668 0.07383972 0.6045619 0.09462365
 0.5248918 0.072916724 0.76492363 0.09351397
 0.840909 0.072016515 1.2325333 0.09237796
 0.10355036 0.07142863 0.15224569 0.091656156
 0.10355036 0.07142863 0.1518005 0.09170062
 0.088757455 0.07085026 0.12978049 0.09089224
 0.088757455 0.07056457 0.1294619 0.090485826
 0.088757455 0.060000043 0.1292069 0.07692803
 0.08190106 0.060000043 0.11676691 0.076923326
 0.06705809 0.050000034 0.095102854 0.06408341
 0.022679353 0.04032261 0.030752726 0.05167903
 0.007911399 0. 0.009357736 0.
 0.032812156 0.036231913 0.04095183 0.04649308
 0.057147563 0.04926112 0.07188231 0.0631858
 0.08108218 0.074626915 0.10231487 0.09563885
 0.08037521 0.07575764 0.101383865 0.09704306
 0.09164353 0.07653068 0.115671225 0.098013535
 0.08293845 0.09020625 0.10529026 0.11551582
 0.08254723 0.09210533 0.10477499 0.117985226
 0.08177577 0.122149445 0.10368402 0.1756568
 0.0813954 0.13616665 0.10326036 0.20264351
 0.08027529 0.15036242 0.10200917 0.22979954
 0.10151522 0.16577183 0.122196965 0.2589644
 0.16536282 0.20760572 0.18300122 0.30907163
 0.22727287 0.22924796 0.24190316 0.3055616
 0.22151911 0.2364866 0.2356962 0.29466555
 0.25982055 0.21199286 0.2765949 0.2641467
 0.35000017 0.15863197 0.37271306 0.19772936
 0.3723406 0.13779536 0.39649877 0.17172654
 0.4239933 0.13888898 0.61856365 0.17315462
 0.44336444 0.13888898 0.6729813 0.17320561
 0.10355036 0.1190477 0.1576299 0.14840856
 0.10355036 0.1431286 0.15718971 0.19887927
 0.088757455 0.15657118 0.13407357 0.22066875
 0.088757455 0.154762 0.13289005 0.2190646
 0.09036151 0.15538624 0.1325568 0.2200994
 0.07911398 0.18443377 0.10975949 0.2554905
 0.065359525 0.16145843 0.07638283 0.22160722
 0.032679763 0.17049918 0.0309964 0.2274465
 0. 0.16714211 0. 0.2232773
 0. 0.19332789 0. 0.24170984
 0. 0.22261651 0. 0.24422967
 0.035377383 0.22082362 0.04689624 0.24239221
 0.05924175 0.22189584 0.078561254 0.24512841
 0.071090095 0.21928363 0.09429006 0.23663674
 0.07902661 0.2257711 0.10560039 0.24697037
 0.078976534 0.22438689 0.10553819 0.24341841
 0.09082489 0.25114387 0.121257596 0.33377707
 0.091219835 0.36607152 0.12169233 0.50971013
 0.09166864 0.50925934 0.122216076 0.6610667
 0.092477635 0.41585532 0.123287335 0.51720786
 0.092477635 0.2929132 0.12332332 0.37697843
 0.3240742 0.21492033 0.4306292 0.28332183
 0.3301888 0.21307465 0.43908682 0.28341326
 0.33200303 0.21438968 0.4417618 0.27879715
 0.33381724 0.21643631 0.44420803 0.28014544
 0.23642544 0.19286041 0.3152947 0.23703358
 0.10294126 0.15086217 0.13858368 0.18456489
 0.10355036 0.15350887 0.13925098 0.18772604
 0.10416673 0.15625009 0.14014545 0.19091135
 0.104790494 0.19071157 0.14107578 0.2466278
 0.09036151 0.29166678 0.12166086 0.41189796
 0.089285776 0.31298608 0.1201644 0.45435148
 0.093718715 0.15909101 0.13783538 0.23409174
 0.079617895 0.15909101 0.13721326 0.23384188
 0.09259266 0.16055056 0.16121477 0.23551816
 0.09146348 0.140187 0.1594781 0.20488559
 0.089285776 0.09868427 0.15609902 0.14324322
 0.12715605 0.09868427 0.18700473 0.14324166
 0.2824406 0.115131654 0.34191936 0.16696677
 0.3697475 0.115131654 0.42323408 0.16673034
 0.3851353 0.115131654 0.4306248 0.16685256
 0.39998293 0.17500015 0.4592798 0.25159848
 2.8448825 0.17500015 3.1239767 0.2519282
 0.36168534 0.17156874 0.4479884 0.24762784
 0.3282184 0.16990301 0.40756968 0.24543886
 1.6979377 0.1804125 1.9516686 0.2588839
 0.7116598 0.18053386 0.8570765 0.24883634
 0.7362273 0.17934795 0.8714903 0.2369502
 1.1086582 0.1806453 1.3435475 0.22885306
 1.5378292 0.17517018 1.890786 0.20247899
 1.0187501 0.17965516 1.267243 0.22976032
 1.1182028 0.17586145 1.4171968 0.2206227
 0.9077383 0.17153047 1.1576084 0.20100331
 0.9355259 0.16590402 1.283875 0.20191981
 0.7641034 0.16173255 1.0211487 0.18775205
 0.27692908 0.15397844 0.3976777 0.16804124
 0.26062766 0.16278979 0.3646549 0.20528954
 0.26695827 0.18212378 0.37336037 0.27007028
 0.26695827 0.19886377 0.3717914 0.30627954
 0.18404067 0.20588247 0.24811019 0.31631407
 0.14227653 0.8333332 0.19508132 1.2797724
 0.14344272 0.467033 0.19686115 0.7167253
 0.14344272 0.19662933 0.19699676 0.30101603
 0.1446282 0.19886377 0.19857539 0.30429462
 0.28225818 0.18213981 0.36511198 0.2802659
 0.2692309 0.42715177 0.34814015 0.62960297
 0.2726831 0.31857377 0.35807362 0.46760705
 0.269353 0.27475446 0.3593772 0.40419415
 0.3190006 0.12496253 0.41104776 0.18959364
 0.34449136 0.12575766 0.41777673 0.19173777
 0.6654738 0.12590656 0.7624114 0.19408885
 0.5896491 0.122815035 0.6829384 0.18783024
 0.953148 0.10282266 1.0375971 0.1583136
 0.60829294 0.07668717 0.6668696 0.1134648
 0.6830088 0.060606103 0.79591787 0.09062476
 0.72254485 0.015060252 0.85463727 0.02265032
 0.48789972 0. 0.52233315 0.
 1.0615672 0.029761925 1.2142235 0.041447468
 0.3968405 0.05952385 0.4244114 0.08289128
 0.30731532 0.088757455 0.3326255 0.12374821
 0.1824021 0.08982043 0.19975002 0.12557597
 0.16545466 0.10542176 0.18311353 0.14778413
 0.14344272 0.106060684 0.15949315 0.14863227
 0.14344272 0.13178608 0.16035026 0.18989198
 0.12396703 0.15686476 0.13912609 0.23013574
 0.107758686 0.18672849 0.121262506 0.27771977
 0.08849563 0.24791145 0.09954083 0.358815
 0.022727286 0.31112868 0.025534654 0.41544157
 0. 0.31449565 0. 0.4211663
 0. 0.9050271 0. 1.1457936
 0. 0.92524517 0. 1.1503686
 0. 0.9134617 0. 1.1647646
 0. 0.35132003 0. 0.49081647
 0. 0.36111128 0. 0.49924353
 0. 0.38565716 0. 0.5193259
 0. 0.25724643 0. 0.32666072
 0. 0.12500009 0. 0.15168785
 0. 0.12589936 0. 0.15273385
 0. 0.12500009 0. 0.15159732
 0. 0.12323953 0. 0.14941958
 0. 0.14035612 0. 0.1728712
 0. 0.41550303 0. 0.5056129
 0. 0.41860956 0. 0.51154643
 0. 0.29461113 0. 0.36908048
 0. 0.28958374 0. 0.36726788
 0. 0.21520159 0. 0.28252733
 0. 1.0708876 0. 1.3414208
 0.048076957 1.6277819 0.06557279 2.0830362
 0.08012826 1.9165256 0.10926178 2.471342
 0.09615391 0.30891997 0.13114417 0.40683302
 0.09615391 0.2846403 0.13135612 0.375709
 0.09868427 0.28888905 0.13503702 0.3808355
 0.115894124 0.21991923 0.15860006 0.30321693
 0.11744976 0.16932395 0.16060686 0.2520598
 0.17559847 0.13257585 0.24082509 0.21424931
 0.19924052 0.13358788 0.2742595 0.2159397
 0.1686509 0.13838895 0.23337676 0.21553786
 0.16111635 0.14045556 0.22375365 0.21110912
 0.15842131 0.15297213 0.22031853 0.21472609
 0.13656643 0.18857898 0.1900897 0.2359375
 0.13305332 0.23432097 0.18598442 0.26675165
 0.11132691 0.2580973 0.15607674 0.28655043
 0.036764733 0.28240153 0.053660706 0.30674788
 0. 0.3600158 0. 0.39731818
 0.023659324 0.70211554 0.034367185 0.76913905
 0.039556995 0.87332916 0.057395123 0.95741385
 0.047318652 1.1317594 0.06862661 1.2425512
 0.047318652 1.2459937 0.06850358 1.3421568
 0.047318652 1.1262472 0.068535574 1.3928124
 0.055205096 0.92205894 0.080115475 1.09756
 0.055205096 1.4681085 0.080346674 1.678734
 0.055205096 2.0564694 0.08058938 2.3884816
 0.055205096 0.74134 0.0805715 0.8280881
 0.047318652 0.76874995 0.06904379 0.8774903
 0.047318652 0.7869518 0.06900853 0.90279406
 0.047318652 1.7465413 0.0689518 1.8702449
 0.03943221 0.99274635 0.057363123 1.0625715
 0.023659324 1.6135204 0.034409314 1.5636562
 0. 0.4552242 0. 0.48140097
 0. 0.45100537 0. 0.45394772
 0. 0.43014908 0. 0.4674081
 0. 0.3684995 0. 0.4674886
 0. 0.33978188 0. 0.47976333
 0. 0.40743533 0. 0.5749057
 0. 0.46831316 0. 0.64907825
 0.014367826 0.47619063 0.022978682 0.6442162
 0.07225439 0.46695417 0.115563616 0.63444793
 0.08670527 0.67275363 0.13862379 0.8912467
 0.08670527 0.85869205 0.13829006 1.1275415
 0.08720937 1.24991 0.13890816 1.6584655
 0.106737174 1.4520015 0.16923442 1.8839742
 0.10917342 1.051821 0.1729025 1.4203703
 0.11393583 0.26261503 0.17987807 0.35753432
 0.11571926 0.2487483 0.18236357 0.32918704
 0.11824334 0.19982722 0.18588097 0.26079765
 0.09868427 0.18110587 0.15500478 0.23307382
 0.09868427 0.1810421 0.15500537 0.23287846
 0.09825571 0.17814022 0.15332785 0.22776468
 0.08116889 0.14061931 0.12257603 0.17791726
 0.09259266 0.10162608 0.13979426 0.12720406
 0.09036151 0.05952385 0.1364622 0.07461373
 0.089285776 0. 0.13491584 0.
 0.16743915 0. 0.22621734 0.
 0.2048624 0. 0.26797652 0.
 0.2686333 0.02958582 0.33789113 0.039615907
 0.3301888 0.05952385 0.40571925 0.079701915
 0.6258871 0.08958956 0.7679468 0.12078241
 0.23767047 0.090773866 0.29276076 0.123468734
 0.23591046 0.09038807 0.29115695 0.123298846
 0.20259197 0.10445237 0.2511534 0.14258341
 0.20366696 0.10452317 0.25294662 0.13973016
 0.17401971 0.101927064 0.21689881 0.13552383
 0.17428856 0.10037905 0.21699204 0.13503443
 0.13157903 0.10029881 0.16427748 0.13441813
 0.098617 0.099576816 0.14430882 0.13585111
 0.09493678 0.09901306 0.14479533 0.13674702
 0.09677426 0.10660472 0.14767931 0.14574133
 0.11666675 0.09215616 0.17812 0.12342686
 0.1190477 0.07437585 0.1818202 0.100274
 0.12068975 0.0912699 0.18421596 0.1145934
 0.09776543 0.11381872 0.15275724 0.14220364
 0.09831467 0.14358221 0.15363228 0.18371403
 0.09831467 0.17210737 0.15359513 0.22425462
 0.08426972 0.16679968 0.13177514 0.21989954
 0.08426972 0.17017117 0.13181664 0.22258559
 0.080213964 0.16697557 0.12553133 0.22122389
 0.06684497 0.20219302 0.10455686 0.26256773
 0.040106982 0.20303376 0.062726684 0.2625072
 0.039808948 0.2143605 0.05053965 0.27895227
 0.04854373 0.23326226 0.06166004 0.29677588
 0.049019642 0.23210497 0.062322944 0.29496494
 0.049019642 0.20114955 0.062382847 0.25776032
 0.0570033 0.19886377 0.07258015 0.25481048
 0.057189584 0.20114955 0.07278904 0.25776187
 0.0570033 0.13671884 0.07251434 0.17525572
 0.0570033 0.13461548 0.07249901 0.17259985
 0.0570033 0.13157904 0.072474055 0.16873568
 0.07310966 0.12962972 0.091605134 0.16625091
 0.06590141 0.12681167 0.08243157 0.16263548
 0.065813355 0.10714294 0.08234598 0.13741961
 0.06590141 0.19886377 0.082507625 0.21324126
 0.11134535 0.21084352 0.1663809 0.22606628
 0.10834714 0.21563867 0.15961426 0.2354098
 0.123947896 0.21361125 0.18387891 0.23736334
 0.12238034 0.18933927 0.18301839 0.21303372
 0.121410646 1.392428 0.18387623 1.5242591
 0.10704695 0.14360973 0.16950476 0.17337768
 0.107129835 0.28239256 0.17325528 0.3324728
 0.10859813 0.25425565 0.17795828 0.3053214
 0.10661856 0.20942095 0.17212741 0.25347754
 0.085911706 0.2779279 0.13339557 0.29754785
 0.068306066 0.2600001 0.103020154 0.26497865
 0.06756762 0.23499517 0.10218058 0.23574029
 0.04032261 0.14045218 0.06098428 0.17481294
 0. 0.1436131 0. 0.17970183
 0. 0.16836892 0. 0.21074516
 0. 0.16728725 0. 0.20988806
 0. 0.17336321 0. 0.21968429
 0. 0.17632958 0. 0.22395821
 0. 0.18288015 0. 0.22638933
 0. 0.18481195 0. 0.22684807
 0.13616392 0.19360283 0.17850247 0.26754767
 0.27626926 0.32236853 0.34780574 0.447806
 0.12507826 0.3564525 0.17317228 0.4790588
 0.12539318 0.35761097 0.17917176 0.4687668
 0.14433143 0.32911387 0.21483818 0.42110625
 0.14709258 0.31818193 0.22172537 0.39578253
 0.15245417 0.295263 0.23111784 0.3705722
 0.15490267 0.16079928 0.23594496 0.20638795
 0.7111969 0.08883256 0.95576155 0.1166932
 0.71001357 0.09067364 0.94749534 0.11925404
 0.21934731 0.092592664 0.2821933 0.121858165
 0.19973558 0.09308517 0.26039302 0.122415915
 0.18531568 0.094086096 0.24409552 0.12362917
 0.18549219 0.0815218 0.24431323 0.106959
 0.1415095 0.082417645 0.18992679 0.10810812
 0.15425405 0.07842551 0.21131226 0.12119044
 0.23056412 0.115415476 0.3078502 0.18515137
 0.2853398 0.116883196 0.36584637 0.18745631
 0.3220341 0.15207383 0.39360586 0.23797737
 0.20044622 0.17733075 0.28518847 0.2699233
 0.43645206 0.18129018 0.53904235 0.27525082
 0.4961048 0.20650096 0.61409736 0.30743495
 0.5159299 0.22675917 0.62315124 0.33293858
 1.0404397 0.6829269 1.16586 0.9749851
 1.1383276 0.5733923 1.2737794 0.81667596
 1.521557 0.62211615 1.698902 0.9113089
 0.51890695 1.3279586 0.6235705 1.9397072
 0.50768805 0.3214287 0.6266302 0.4761642
 0.5851216 0.32430226 0.7652326 0.4896714
 0.48033118 0.5726913 0.62854224 0.76501244
 0.4485621 0.7033171 0.58723927 0.8541371
 0.42515525 0.44583336 0.5766821 0.5606535
 0.4118665 0.3480142 0.55492014 0.4462516
 0.8953489 0.22469106 1.2039075 0.29426137
 0.4453489 0.21577148 0.60448587 0.27622274
 0.44583434 0.2037507 0.6033671 0.25375164
 0.47619057 0.16129044 0.64124584 0.19538082
 0.7808642 0.15320487 1.0349059 0.17533632
 0.6999999 0.15000013 0.92056847 0.1606177
 0.6999999 0.1767678 0.9200621 0.18916366
 0.6999999 0.18421064 0.91998595 0.19703692
 0.5339286 0.2654571 0.70150405 0.2853009
 0.3240742 0.46647558 0.42555225 0.5107757
 0.26971823 0.5586788 0.3826961 0.6258105
 0.21935396 0.3814104 0.3351835 0.44523773
 0.21961077 0.54951704 0.335975 0.6670335
 0.21961077 0.77693015 0.3359901 0.9646728
 0.21398444 0.5144353 0.327255 0.6404965
 0.24105474 0.17765236 0.34142536 0.22378238
 0.24451423 0.18342733 0.31654388 0.2310236
 0.21830639 0.17156872 0.28231594 0.21647227
 0.1945814 0.19093862 0.25142252 0.24097387
 0.17459944 0.14814173 0.22550617 0.19278449
 0.15470016 0.0815218 0.19977269 0.11404593
 0.104895175 0.0815218 0.13546547 0.113938145
 0.10638305 0.0815218 0.13739616 0.11390024
 0.10563388 0.09510877 0.13644995 0.1328591
 0.14818501 0.095628485 0.19914994 0.1335077
 0.14534892 0.09831467 0.20054409 0.13721742
 0.14360037 0.10174427 0.20255242 0.14199637
 0.17160401 0.2160495 0.24091956 0.30178127
 0.16929045 0.22151911 0.24132271 0.3093503
 0.17939256 0.20942521 0.24811117 0.29503062
 0.17913927 0.10294126 0.24906768 0.16249561
 0.20097299 0.10542176 0.2573895 0.16624585
 0.21507876 0.106060684 0.26615694 0.16730596
 0.50465846 0.0920246 0.5480965 0.14531577
 0.4620727 0.093167774 0.5084344 0.1472068
 0.51749164 0.091306776 0.5637889 0.14446278
 0.47585297 0.07653068 0.52573925 0.12400304
 0.500996 0.088383906 0.55820936 0.14305256
 0.56454855 0.088383906 0.64603764 0.14321323
 0.4931306 0.08620696 0.5806263 0.14022487
 0.24820492 0.08536591 0.30562967 0.13922259
 0.25478548 0.085784376 0.32468322 0.13989612
 0.22202685 0.10574092 0.2771313 0.16826758
 0.22250578 0.12352041 0.27045327 0.19318432
 0.17409684 0.15520863 0.20769416 0.23371765
 0.1417605 0.15972231 0.16158281 0.23871927
 0.08741265 0.16129044 0.091117196 0.2398896
 0.08620696 0.16276053 0.087658264 0.240823
 0.07042258 0.33198836 0.07092275 0.4075871
 0.017006814 0.34340668 0.016960874 0.4227509
 0. 0.36444107 0. 0.43937656
 0. 0.37289572 0. 0.42856696
 0.033557072 0.36943483 0.03637921 0.42459515
 0.06756762 0.26598716 0.07322152 0.32561696
 0.102739796 1.5248448 0.11139537 1.6576273
 0.104166746 0.9561704 0.11303207 1.1757498
 0.104166746 0.8706762 0.113080226 0.98961866
 0.104166746 0.902073 0.11315229 0.99531806
 0.12237771 0.30278605 0.13297877 0.35824597
 0.13768518 0.33787894 0.14982522 0.40635228
 0.13724726 0.35256425 0.14988038 0.4263659
 0.14859281 0.34475976 0.16528094 0.4169582
 0.94296855 0.26164562 1.0285691 0.31831107
 1.1697365 0.24616638 1.2904633 0.30184302
 1.4008207 0.23591039 1.560239 0.2911216
 0.21030705 0.22518396 0.23377976 0.28030977
 0.21790722 0.22752562 0.24594408 0.28443202
 0.26758608 0.1599059 0.29686072 0.23036492
 0.27376133 0.6275294 0.31880707 0.72559255
 0.22716022 0.1474405 0.26338953 0.2192219
 0.16692138 0.16967139 0.18078925 0.25440177
 0.1633988 0.17563793 0.1747264 0.26700744
 0.12711874 0.5744768 0.13400277 0.7078541
 0.1229509 1.1658441 0.13195822 1.364396
 0.08403367 0.16648664 0.091298304 0.21544491
 0.040716644 0.15765776 0.061667845 0.18670873
 0.048859976 0.15765776 0.07396915 0.1867538
 0.048859976 0.15909101 0.07400762 0.18849103
 0.049019642 0.13888898 0.07421783 0.16470508
 0.05872488 0.140187 0.08889939 0.20549029
 0.059523858 0.14285722 0.09005298 0.20943663
 0.059523858 0.16826935 0.09005246 0.24681301
 0.059523858 0.21116152 0.09003607 0.3094496
 0.059727006 0.33372998 0.090332784 0.48923936
 0.052631624 0.46298522 0.07965367 0.6621733
 0.053763486 0.49585232 0.08148327 0.6947828
 0.044802904 0.41628972 0.06798804 0.565966
 0.026881743 0.37004673 0.04080628 0.4852231
 0. 0.36734396 0. 0.4826155
 0. 0.3940415 0. 0.5079993
 0. 0.72668654 0. 0.89619505
 0.04032261 0.7141365 0.058475494 0.8937127
 0.05060733 0.54311264 0.07340769 0.6895382
 0.060975652 0.49848032 0.0884727 0.6559363
 0.06122454 0.37524766 0.08894421 0.5320642
 0.07142863 0.29014462 0.103918925 0.44453996
 0.07142863 0.30172426 0.10394132 0.46138504
 0.07142863 0.56744844 0.10387625 0.83843046
 0.07142863 0.35189423 0.10379823 0.5253203
 0.07142863 0.23399028 0.103812486 0.35351008
 0.061475456 0.22857901 0.08934159 0.34503183
 0.12237771 0.17943601 0.18737635 0.2773644
 0.12152787 0.16028108 0.18614791 0.2505007
 0.12068975 0.15289122 0.18488914 0.24178578
 0.11986311 0.118110314 0.18339108 0.19179574
 0.1190477 0.12096783 0.18185736 0.19611886
 0.22511199 0.105042085 0.3199959 0.17005484
 0.23972614 0.064655215 0.33839673 0.10437718
 0.2364866 0. 0.33364463 0.
 0.60344833 0. 0.8515417 0.
 0.2680653 0. 0.40269244 0.
 0.10416673 0.053191524 0.17918912 0.06595752
 0.088757455 0.08802823 0.15028693 0.110357694
 0.09036151 0.08741265 0.14831659 0.109968215
 0.09146348 0.1190477 0.14232293 0.15013683
 0.07716055 0.11666675 0.11203954 0.14712922
 0.046296332 0.11437917 0.06468833 0.14392102
 0.04411768 0.15050176 0.054296985 0.17367221
 0.05952385 0.15049234 0.07328767 0.17373414
 0.088757455 0.20361643 0.1092455 0.22333054
 0.088757455 0.55180186 0.10920093 0.65672266
 0.088757455 0.86744195 0.10917871 1.0619694
 0.10355036 1.2958747 0.1274042 1.5954818
 0.10355036 0.59455484 0.12762019 0.6942117
 0.10355036 0.6876116 0.1278894 0.78959954
 0.10355036 1.2560562 0.12800926 1.424706
 0.43750015 0.7108758 0.54131734 0.75659305
 0.43597573 0.81851596 0.55643207 0.867705
 0.2543555 0.75892866 0.38670772 0.8192136
 0.22281992 1.008651 0.33820832 1.038566
 0.13567384 0.8355775 0.20528127 0.88628525
 0.13658796 1.2705442 0.20605369 1.3322586
 0.118230715 0.6791641 0.17708257 0.7402211
 0.1190477 0.29953927 0.17628081 0.3501557
 0.06666671 0.6191293 0.11003838 0.70939505
 0.06578952 0.5397642 0.10862798 0.59455127
 0.07575763 0.4459819 0.12533717 0.49928468
 0.07954551 0.2944445 0.13179803 0.3788385
 0.078125045 0.26186058 0.12925692 0.36308512
 0.078125045 0.29605275 0.12893401 0.40500575
 0.077092566 0.25596085 0.12700307 0.37719423
 0.06666671 0.27444264 0.1097315 0.39374906
 0.067873344 0.11194037 0.11173542 0.13723922
 0.053956877 0.1305971 0.06871177 0.16011338
 0.053956877 0.13257585 0.068610355 0.1624579
 0.053763486 0.13565901 0.06830167 0.16618185
 0.062500045 0.13888898 0.07936309 0.17000034
 0.06097566 0.3118947 0.07742528 0.38967502
 0.059523858 0.97690785 0.075598665 1.2081605
 0.059523858 0.7549021 0.07566085 0.94004864
 0.05102045 0.3589068 0.06488562 0.47046202
 0.05102045 0.33282846 0.06488863 0.45354086
 0.05067572 0.3097973 0.064442664 0.4456867
 0.041118454 0.42811364 0.052250057 0.60694396
 0.040716644 0.41873455 0.051692244 0.58169264
 0.024429986 0.26668245 0.030997718 0.37107566
 0. 0.12165221 0. 0.16963585
 0. 0.10294126 0. 0.13828193
 0.029411787 0.10294126 0.04735344 0.13817604
 0.07352947 0.08823536 0.118543886 0.11838748
 0.088757455 0.088757455 0.14307044 0.119148105
 0.088757455 0.07396455 0.14290404 0.09937118
 0.10355036 0.05952385 0.16659634 0.0800241
 0.11907832 0.01479291 0.18481377 0.019882498
 0.14177118 0.038071096 0.22090687 0.06482652
 0.1807166 0.06281412 0.2831097 0.106986284
 0.18780252 0.07537694 0.29427037 0.12831032
 0.18493602 0.07537694 0.28946674 0.12840496
 0.16390166 0.07500006 0.24766503 0.12789628
 0.1901444 0.08793976 0.24890457 0.1499785
 0.18176696 0.15309823 0.24239083 0.25034398
 0.21181944 0.21913171 0.28478116 0.35169065
 0.28385657 0.2804201 0.3768737 0.44506618
 0.33667225 0.3793105 0.44615844 0.59986466
 0.3369849 0.43750015 0.45398834 0.6931929
 0.4569707 0.1804125 0.6073779 0.29633105
 0.45650417 0.1804125 0.60741144 0.29687402
 0.4549181 0.17500015 0.6010362 0.2882925
 0.3541668 0.2160495 0.46899435 0.3106053
 0.20312512 0.2034885 0.27260825 0.29247132
 0.13779536 0.1923078 0.18850793 0.275947
 0.13779536 0.28254986 0.18854721 0.40019435
 0.13779536 0.27271935 0.18861246 0.38093236
 0.13779536 0.25432914 0.1885503 0.34999475
 0.1923078 0.21120703 0.26269686 0.2781871
 0.22435911 0.1738818 0.30657902 0.22539234
 0.22435911 0.17590842 0.30653024 0.2332726
 0.15904704 0.17121284 0.2163724 0.23727898
 0.11006298 0.17283213 0.14916384 0.24468985
 0.11146505 0.16990301 0.15162724 0.24630187
 0.11146505 0.18057203 0.1518806 0.25288975
 0.09554147 0.28896695 0.13083896 0.3570026
 0.09554147 0.3097149 0.1315864 0.3781676
 0.079617895 0.3086958 0.1099046 0.37705216
 0.06369431 0.4170323 0.08767639 0.5406618
 0.08169941 1.1626985 0.10637417 1.4366912
 0.09933782 1.3702272 0.129093 1.6807573
 0.10067122 0.84762764 0.13074195 1.1085911
 0.09677426 0.76506215 0.12588546 1.0412114
 0.12945832 0.3836533 0.18100145 0.55190295
 0.14527507 0.39862818 0.21371348 0.59164906
 0.16020781 0.26893646 0.24167572 0.3623868
 1.1465313 0.24389248 1.5384114 0.32052326
 0.20444426 0.18119207 0.31138423 0.20909321
 0.20375219 0.15486735 0.30576554 0.16251154
 0.22283283 0.1446282 0.3278203 0.15296318
 0.24129555 0.13888898 0.3372015 0.14769875
 0.21084352 0.25110057 0.27460948 0.33738932
 0.21084352 0.25481266 0.2742893 0.32928878
 0.20833345 0.27202946 0.27095997 0.34458375
 0.38550428 0.27587402 0.50182647 0.37383997
 0.6593406 0.29245597 0.8580606 0.3996101
 0.662963 0.3063321 0.8625506 0.41323397
 0.6588319 0.26215646 0.8574684 0.37207487
 0.65527064 0.3149759 0.8527945 0.40757734
 0.6571428 0.332723 0.8554398 0.42056215
 0.5818414 0.6630435 0.76468605 0.88985914
 0.3365386 0.34313738 0.45231012 0.47426033
 0.3117546 0.357143 0.41612816 0.4916556
 0.31324172 0.14928463 0.41399342 0.2337831
 0.31924036 0.11075958 0.42190695 0.18580079
 0.3031275 0.11075958 0.400214 0.18562657
 0.22925046 0.09615391 0.33039153 0.16089565
 0.19760373 0.09493678 0.30629614 0.15848054
 0.20057516 0.098039284 0.32061154 0.16286589
 0.18466847 0.12931043 0.29851437 0.18119112
 0.16233777 0.13995224 0.25030765 0.20042184
 0.11146505 0.16574086 0.1438378 0.23877406
 0.11006298 0.17205408 0.14201342 0.246011
 0.10802476 0.17211552 0.1394257 0.24712783
 0.10736203 0.17318636 0.13863726 0.24802437
 0.08982043 0.17449129 0.11602676 0.24165523
 0.1318668 0.14977553 0.18218653 0.22172844
 0.14705893 0.160187 0.2101788 0.23671447
 0.1483052 0.16826935 0.21201736 0.24756281
 0.15042344 0.17326742 0.21160515 0.25513744
 0.15718167 0.12323953 0.21822995 0.20144282
 0.16597806 0.12500009 0.22802642 0.2043456
 0.17086582 0.12773731 0.23215494 0.2087207
 0.17085886 0.12773731 0.22986811 0.20867868
 0.21780317 0.12681167 0.25831506 0.20733184
 0.2343287 0.11724806 0.26220018 0.18157755
 0.2536233 0.10937508 0.26959836 0.1612529
 0.39344773 0.10869573 0.41843557 0.1603067
 0.5375224 0.10736203 0.5714902 0.1582781
 0.72597396 0.106707394 0.7797705 0.15733139
 0.3475997 0.09090915 0.37222266 0.13402909
 0.22727287 0.17857154 0.24073003 0.24658403
 0.22727287 0.18072301 0.2393323 0.2496262
 0.22727287 0.21048494 0.23918176 0.29101288
 0.21084352 0.20942608 0.33470285 0.28984377
 0.24505508 0.44435224 0.38904974 0.6147879
 0.1941289 0.39542493 0.30807993 0.5472335
 0.1725276 0.21279773 0.27367178 0.31178907
 0.13056496 0.21307465 0.20652077 0.31205234
 0.08620696 0.22477448 0.13599627 0.33003616
 0.08670527 0.22488038 0.13682307 0.33522457
 0.08620696 0.12441768 0.13605936 0.16637416
 0.07183913 0.08534509 0.11330827 0.09494071
 0.014534895 0.0853702 0.02286139 0.09486334
 0. 0.08469095 0. 0.09403805
 0. 0.08299379 0. 0.09220436
 0. 0.07478638 0. 0.0796641
 0.05847957 0.07543109 0.08311696 0.080433525
 0.11583193 0.07575763 0.16153218 0.080757886
 0.114944294 0.07575763 0.16044666 0.080791675
 0.13555844 0.06521744 0.18809718 0.069592744
 0.13681827 0.092608765 0.19134168 0.122726455
 0.13514715 0.121951304 0.18975759 0.17856002
 0.13660157 0.1260505 0.1919718 0.18453382
 0.1382871 0.1260505 0.19431037 0.1845748
 0.14562085 0.15086217 0.20126425 0.2210391
 0.17697051 0.4499503 0.27309602 0.647433
 0.18081114 0.5171105 0.287933 0.7415399
 0.18105642 0.358586 0.28832322 0.5036066
 0.15683158 0.34253258 0.26460665 0.48450598
 0.1728051 0.3508019 0.20492096 0.49628106
 0.16203715 0.2939562 0.17533283 0.3923848
 0.15765776 0.26289025 0.1707641 0.34921136
 0.1483052 0.2624436 0.16070437 0.34234357
 0.14112914 0.26446882 0.1526636 0.3381056
 0.9765625 0.25142023 1.058024 0.3227215
 1.0238097 0.2439864 1.1142356 0.32737043
 0.612311 0.4331138 0.6835997 0.61429995
 0.29817876 0.6431035 0.35073376 0.921269
 0.29115352 0.43706292 0.3436731 0.6377459
 0.28962588 0.44888598 0.34327346 0.6102964
 0.3054787 0.22211389 0.42340484 0.28962374
 0.3068183 0.15828572 0.43629017 0.19987574
 0.4052504 0.16145845 0.5873924 0.20557773
 0.2543172 0.15894748 0.3801195 0.20347393
 0.15914595 0.15756834 0.24560192 0.19973437
 0.12068975 0.13690487 0.18885383 0.17580426
 0.12237771 0.13450101 0.19110829 0.17284803
 0.12589936 0.07784964 0.19668983 0.09555709
 0.12500009 0.10309285 0.1924386 0.13112527
 0.12253704 0.16179769 0.18083036 0.20459276
 0.10067122 0.158781 0.14194705 0.20060447
 0.09933782 0.20349297 0.13999534 0.2555616
 0.11217956 0.23131141 0.15803774 0.29104325
 0.093750075 0.24563165 0.13216734 0.31032756
 0.0920246 0.24804509 0.12986788 0.3143204
 0.18036444 0.29580447 0.20512952 0.3741232
 0.20588247 0.30357155 0.2230802 0.3849278
 0.19444455 0.45535713 0.21080574 0.58290416
 0.19444455 0.6703703 0.21101071 0.8421611
 0.492752 0.6745342 0.53650427 0.8927897
 0.57005495 0.60089296 0.6240218 0.80980176
 0.5397233 0.29411778 0.5944522 0.4312824
 0.6 0.5234376 0.6607722 0.65165347
 0.29215497 0.7369335 0.33521944 0.81700987
 0.17109016 0.19562572 0.2082846 0.23159605
 0.17948015 0.16055056 0.21452387 0.16467835
 0.18453269 0.16203715 0.20017014 0.16709182
 0.15952611 0.16509442 0.17030835 0.17100249
 0.16099784 0.17326742 0.16909023 0.18031693
 0.17281711 0.20467421 0.19045122 0.25481066
 0.10752694 0.23426226 0.12498845 0.33736047
 0.08333339 0.29656452 0.1005367 0.42652968
 0. 0.32668433 0. 0.46978006
 0. 0.3352893 0. 0.47602233
 0. 0.36468896 0. 0.51347816
 0. 0.4116145 0. 0.5671023
 0. 0.31665596 0. 0.45232567
 0. 0.2516235 0. 0.36099148
 0. 0.25431046 0. 0.3540685
 0. 0.27116415 0. 0.3661774
 0. 0.2956782 0. 0.3850577
 0. 0.29582223 0. 0.39101115
 0.03289476 0.8720012 0.040562138 1.0810925
 0.066225216 0.5167304 0.08165636 0.66660327
 0.10067122 0.87807006 0.12411019 1.1130986
 0.102739796 1.0110066 0.12655692 1.2895548
 0.104166746 0.20352578 0.12845203 0.2829714
 0.12411356 0.20446213 0.15333317 0.28528973
 0.12949356 0.18378824 0.16267784 0.26421687
 0.13201049 0.18311436 0.17075722 0.261745
 0.32537046 0.17878921 0.4052095 0.24956042
 0.6594148 0.15203771 0.8002111 0.1922952
 0.14964975 0.15086217 0.1935813 0.19012378
 0.14479575 0.15350887 0.1799771 0.19358388
 0.14351861 0.15486735 0.17231773 0.19540755
 0.1446282 0.20089296 0.1721326 0.25386602
 0.13887104 0.25214958 0.1753841 0.31886438
 0.14000534 0.29223242 0.18106776 0.40837815
 0.12740812 0.26864046 0.17434135 0.4056068
 0.11959399 0.2543861 0.1896183 0.40643868
 0.12024864 0.27525264 0.19103219 0.43214855
 0.12024864 0.29870144 0.19121586 0.45363766
 0.12158235 0.31250012 0.19323936 0.47025976
 0.12666649 0.31818196 0.1954155 0.48009583
 0.119764425 0.08620696 0.18021812 0.14192456
 0.16155688 0.087064736 0.22305717 0.14330927
 0.19173197 0.08793976 0.25098792 0.14472568
 0.19342265 0.07575764 0.24931172 0.12463491
 0.19795075 0.07653068 0.2554708 0.12589528
 0.19638707 0.07692314 0.24474657 0.12642403
 0.1631017 0.06476689 0.19840255 0.10645055
 0.07853408 0.03906253 0.13755782 0.064209685
 0.07936514 0. 0.13882987 0.
 0.09358296 0. 0.16365357 0.
 0.09358296 0. 0.16369988 0.
 0.08064522 0. 0.14096873 0.
 0.08196728 0. 0.14328253 0.
 0.08196728 0. 0.1433399 0.
 0.098039284 0.02762433 0.12973338 0.029203543
 0.09554147 0.05917164 0.12641089 0.062587366
 0.10937508 0.07530126 0.14470384 0.07968411
 0.11075958 0.09036151 0.14653051 0.09556267
 0.11006298 0.088757455 0.14560689 0.0938218
 0.119872585 0.09036151 0.16331238 0.09553033
 0.51914275 0.1129033 0.6970927 0.11928924
 0.4945055 0.12940687 0.67466486 0.14855503
 0.6402363 0.13122615 0.87140167 0.15091038
 0.27692792 0.14578418 0.3918365 0.1774012
 0.24785814 0.14620003 0.34843594 0.17549604
 0.268933 0.59449756 0.37182882 0.636783
 0.19865993 0.69956136 0.27372336 0.74023014
 0.19886377 1.4938177 0.27036753 1.58777
 0.2034885 1.9017168 0.27719864 2.0191028
 0.12237771 1.3700378 0.18714201 1.4558911
 0.12962972 1.4544203 0.19861987 1.5522828
 0.13888898 0.7939104 0.21358772 0.85756505
 0.14788654 2.010135 0.2252707 2.163886
 0.1298627 2.7441611 0.1976289 2.9841547
 0.07017722 3.6089644 0.11212078 3.9660642
 0.08141591 0.77593553 0.13126516 0.84437525
 0.0796078 1.6571077 0.12880959 1.8231205
 0.07963277 1.088221 0.1288081 1.3660387
 0.079657875 0.6958814 0.12866889 0.9441717
 0.06941197 0.7252001 0.111389354 0.99249977
 0.069361895 0.5246828 0.111197166 0.7192936
 0.069361895 0.32818028 0.1111815 0.5096642
 0.04081636 0.34493682 0.06757386 0.5365173
 0. 0.30286446 0. 0.47024626
 0.043859683 0.2692309 0.057322826 0.42325434
 0.07309947 0.2692309 0.09557907 0.42300108
 0.08720937 0.2714989 0.1139039 0.3857974
 0.087719366 0.26004475 0.114470035 0.32282382
 0.08720937 0.24350664 0.11375359 0.31179014
 0.10233925 0.25993943 0.13345878 0.33847257
 0.10233925 0.2841712 0.13340072 0.37585133
 0.10233925 0.26494578 0.13336483 0.34655705
 0.16510944 0.21815181 0.21512629 0.27559748
 0.1902175 0.18403968 0.24765237 0.23090419
 0.18817218 0.14705893 0.24484514 0.18198484
 0.16129044 0.14705893 0.20986964 0.18206367
 0.19444455 0.14705893 0.25335962 0.18196508
 0.19444455 0.14705893 0.25322467 0.18176089
 0.19444455 0.14705893 0.25321826 0.18185459
 0.2708334 0.4327732 0.35278374 0.53512746
 0.72916657 0.42261916 0.9500984 0.5228618
 0.72916657 0.30587134 0.9505334 0.38614658
 0.6851851 0.24397044 0.89292634 0.3169747
 0.6524725 0.19470102 0.8506988 0.26322398
 0.6737013 0.16826935 0.878636 0.23433508
 0.7711038 0.17156874 1.0054166 0.238457
 0.60344833 0.15306132 0.78663427 0.21436912
 0.5031018 0.1767678 0.6575373 0.24774814
 0.31885868 0.1767678 0.41673133 0.24783938
 0.13461548 0.1767678 0.17598048 0.24780257
 0.13461548 0.42709702 0.1760988 0.5982976
 0.1153847 0.8412196 0.15106647 1.179831
 0.11627915 0.36507955 0.15223688 0.51223904
 0.12425208 0.38022703 0.16750892 0.5331053
 0.24398637 0.09809269 0.31696424 0.15427762
 0.252829 0.09856008 0.32699773 0.15493006
 0.307143 0.0990573 0.40284538 0.15562458
 0.29361054 0.08730166 0.3871764 0.13716988
 0.2946738 0.080213964 0.38662374 0.12618637
 0.35984865 0.0815218 0.4741532 0.1282695
 0.40601516 0.068306066 0.51105046 0.10742922
 0.36662012 0.02747255 0.4917633 0.043121967
 0.2491465 0. 0.39706948 0.
 0.21546921 0.044910215 0.3328374 0.06197871
 0.1716439 0.07485036 0.25557333 0.103312835
 0.15105888 0.08982043 0.21872962 0.12409153
 0.10542176 0.08982043 0.13919596 0.124217115
 0.10355036 0.08982043 0.13674046 0.124285005
 0.087719366 0.089285776 0.11590059 0.12349625
 0.08720937 0.104790494 0.115235865 0.14492242
 0.08670527 0.26857442 0.11460249 0.371288
 0.10344835 0.48611122 0.1418384 0.67182606
 0.104895175 0.25275287 0.14386578 0.35042697
 0.12323953 0.21013479 0.16910666 0.28285402
 0.12500009 0.25856084 0.17151724 0.31537175
 0.12589936 0.25027215 0.17269854 0.29636845
 0.12749273 0.3244812 0.17730807 0.3566338
 0.13888898 0.3801605 0.20737378 0.40750238
 0.14705893 0.3202896 0.2190197 0.34389994
 0.14705893 0.5971793 0.21830627 0.6947266
 0.12711874 0.7302376 0.18740325 0.88984984
 0.06302525 0.4857703 0.11074121 0.67418754
 0.07322181 0.32871103 0.12882826 0.45782197
 0.07446815 0.33729154 0.13132234 0.48038492
 0.07383972 0.3666824 0.13028868 0.5232573
 0.07446815 0.088383906 0.13129357 0.14203821
 0.07446815 0.08928579 0.13109359 0.14352661
 0.06382984 0.09020625 0.11226676 0.14492437
 0.06382984 0.0916231 0.11218308 0.14709398
 0.043859683 0.0815218 0.07696057 0.13078286
 0.06313136 0.08620696 0.08628446 0.13812022
 0.07614219 0.085714355 0.104025744 0.13690023
 0.07614219 0.060241006 0.10393306 0.095817156
 0.07653068 0.18605387 0.10436877 0.2507055
 0.08974366 0.2662603 0.12232643 0.35970438
 0.08974366 0.22491792 0.12229434 0.304824
 0.09020625 0.225249 0.12288771 0.30276716
 0.09067364 0.22484091 0.12366679 0.30212104
 0.3977274 0.20561092 0.5765086 0.28041884
 0.30200273 0.20800278 0.43859938 0.28367367
 0.16203715 0.38345116 0.23579773 0.5297369
 0.16203715 1.5539238 0.23605405 2.106944
 0.16203715 0.2647141 0.23570655 0.3644138
 0.12962972 0.15542474 0.18815243 0.19979991
 0.1305971 0.15665229 0.19002648 0.20039271
 0.1305971 0.1568605 0.19014946 0.20155108
 0.13157904 0.13238925 0.19111465 0.17178638
 0.1305971 0.13198707 0.18931812 0.17401022
 0.13214865 0.086956576 0.19754311 0.11606608
 0.12867656 0.04310348 0.1962474 0.058271896
 0.12589936 0.026315808 0.19191375 0.040653497
 0.12237771 0.052356057 0.1866831 0.08093099
 0.12152787 0.07853408 0.1853431 0.12152613
 0.102739796 0.092592664 0.15682377 0.14336857
 0.16304357 0.092592664 0.1734601 0.14333415
 0.16792206 0.09308517 0.18464468 0.14387967
 0.19576162 0.09308517 0.21925403 0.14357929
 0.18588908 0.09210533 0.21292922 0.14209053
 0.18709162 0.1902175 0.2134204 0.29171667
 0.18088174 0.1902175 0.21384154 0.2920975
 0.19275777 0.1923078 0.22938047 0.2963634
 0.9702382 0.26515165 1.0438434 0.40367368
 0.97258884 0.29671732 1.0984462 0.45252088
 0.32466796 0.42613643 0.4056818 0.6512637
 0.3117184 0.51167977 0.39465916 0.7922814
 0.30124402 0.2692309 0.38317648 0.44098002
 0.25912365 0.22180994 0.327593 0.34584346
 0.19859798 0.184999 0.25141925 0.26947916
 0.16877577 0.13565901 0.20861195 0.1665373
 0.15470012 0.13257585 0.18879172 0.16266078
 0.0822369 0.12962972 0.086406134 0.158972
 0.064102605 0.10791375 0.06553654 0.13228692
 0.031446565 0.14557734 0.031564254 0.17896233
 0.036231913 0.23570505 0.060955394 0.28931364
 0.060096197 0.2721055 0.1009152 0.3336279
 0.07142863 0.27138832 0.11987029 0.33316758
 0.071090095 0.26238945 0.11932842 0.3227286
 0.07281558 0.24596682 0.12227715 0.3004401
 0.07246382 0.25682312 0.121589474 0.29035887
 0.10740866 0.31551737 0.17681164 0.34271342
 0.11905868 0.30810994 0.19468483 0.33548757
 0.13786523 1.0935179 0.22254506 1.1866391
 0.14426939 0.8760352 0.23101513 0.9124812
 0.15086217 3.4263637 0.24066576 3.925607
 0.15266117 1.1314586 0.22799943 1.3899839
 0.15857503 0.5193694 0.21182787 0.6411845
 0.1635515 0.84297067 0.2030384 1.0144725
 0.17350395 0.85755837 0.21882163 1.0128229
 0.18492079 0.46711063 0.24548301 0.56823075
 0.22215867 0.5444915 0.32071948 0.68458056
 0.32389283 0.38753146 0.43832803 0.5155505
 0.35393062 0.3153848 0.46264184 0.44500422
 0.32899323 0.35353547 0.40982318 0.5018866
 0.36377853 0.16849704 0.43264073 0.25507578
 0.32071432 0.10416673 0.39015302 0.1655887
 0.4033824 0.104790494 0.43815085 0.1636717
 0.38980842 0.08982043 0.4187126 0.13680407
 0.34090918 0.08982043 0.36637956 0.13260937
 0.3016334 0.07530126 0.32449695 0.1082351
 0.20169747 0.059880286 0.22839458 0.084718995
 0.16237757 0. 0.19713162 0.
 0.117243946 0.028735653 0.1600416 0.036212772
 0.094086096 0.058479577 0.14115714 0.07370615
 0.09358296 0.087719366 0.14029668 0.11061259
 0.08064522 0.08823536 0.120854035 0.11133027
 0.0833334 0.088757455 0.124870226 0.11197584
 0.084745824 0.10355036 0.1269286 0.13058098
 0.072674476 0.10416673 0.108847626 0.13127461
 0.05952385 0.104790494 0.064543314 0.13200758
 0.07352947 0.121583976 0.07971151 0.16234042
 0.08823536 0.68910253 0.09562909 0.88953125
 0.08823536 0.4484656 0.09560316 0.60110015
 0.08823536 0.46030492 0.095611595 0.6197626
 0.10233925 0.7282156 0.11093712 0.95314735
 0.10174427 0.5143693 0.11046457 0.6658852
 0.10174427 0.36395893 0.11063811 0.48721808
 0.10174427 0.37197417 0.110704996 0.50201243
 0.38843232 0.38156298 0.42267394 0.5060187
 0.60344833 0.42123643 0.6563054 0.5592879
 0.7249999 0.20045955 0.788197 0.2694368
 0.7670454 0.10057478 0.8327953 0.12669827
 0.44039005 0.10000007 0.49179497 0.12604004
 0.3065161 0.09831467 0.37481898 0.1239705
 0.30327016 0.09776543 0.3690274 0.12325925
 0.2878291 0.096685156 0.35991704 0.12197644
 0.27222234 0.0815218 0.33238494 0.10289016
 0.21828263 0.08064522 0.277892 0.10181497
 0.2137214 0.11574082 0.27291337 0.12728865
 0.21314463 0.13513522 0.2723987 0.14208369
 0.21274261 0.1635515 0.27327502 0.1718797
 0.21084352 0.19753456 0.27154043 0.20787144
 0.21381836 0.24795306 0.27601975 0.2669646
 0.18154773 0.2755182 0.23764262 0.29910472
 0.24265656 0.25024733 0.3237782 0.2696092
 0.2889529 0.22222236 0.38493115 0.24479108
 0.28345263 0.20077649 0.3612537 0.22829285
 0.26284122 0.413449 0.334584 0.5171326
 0.24370804 0.43308768 0.3129636 0.526627
 0.45585743 0.15422088 0.60812056 0.18902554
 0.65878075 0.13944826 0.8745659 0.17585266
 0.9210526 0.13004412 1.2193431 0.17474264
 0.7608695 0.13925639 1.0082188 0.18903777
 0.10233925 0.12096783 0.13564071 0.17342164
 0.10355036 0.13157903 0.1371552 0.1883745
 0.10355036 0.1229509 0.1371105 0.1883879
 0.10355036 0.14583343 0.13716057 0.22354284
 0.088757455 0.15217403 0.117633015 0.23324245
 0.088757455 0.15350887 0.117691256 0.23512372
 0.07396455 0.2318842 0.09807988 0.35491377
 0.05917164 0.2966103 0.07846652 0.4536922
 0. 0.2966103 0. 0.45351335
 0. 0.22435911 0. 0.34457967
 0. 0.22435911 0. 0.3444034
 0. 0.22435911 0. 0.3443363
 0. 0.12411356 0. 0.19057173
 0. 0.12152787 0. 0.18650517
 0.020161305 0.1190477 0.035381317 0.18266283
 0.03952572 0.10067122 0.06945688 0.15449089
 0.058823574 0.108557664 0.103452414 0.16689259
 0.06782951 0.24891397 0.11926937 0.36223933
 0.066287935 0.2590827 0.116467856 0.37719357
 0.06554313 0.247028 0.114906624 0.35982138
 0.064814866 0.22935121 0.11370114 0.334509
 0.063868664 0.20768896 0.11236635 0.3032647
 0.06272407 0.18853174 0.11054371 0.27575755
 0.053763486 0.28225717 0.09457175 0.41351297
 0.09066062 0.28044885 0.12600486 0.41092888
 0.10563388 0.3335405 0.13759805 0.48864338
 0.10204089 0.38562933 0.13302958 0.5653502
 0.1190477 0.13761476 0.15523475 0.17644063
 0.1190477 0.16666678 0.15502274 0.21365893
 0.11437917 0.3568483 0.1488429 0.47641712
 0.29981026 0.39218512 0.39571956 0.5227338
 0.5341325 0.3732454 0.71095747 0.5034669
 0.45592466 0.17538486 0.6082863 0.24907623
 0.2644922 0.16938418 0.3534712 0.23698942
 0.21562906 0.16252153 0.28143543 0.21717747
 0.21376891 0.14970511 0.27764753 0.19814053
 0.21376891 0.14410266 0.27774516 0.19431427
 0.21376891 0.11850307 0.27739447 0.1644466
 0.68101335 0.114870586 0.8854424 0.16412874
 0.7078864 0.05868549 0.9201475 0.092318006
 0.8749999 0.06944449 1.1379646 0.109314986
 0.8400736 0.06880739 1.1135279 0.108229026
 1.1973183 0.068181865 1.5861751 0.10729342
 1.1649594 0.067873344 1.5633914 0.10698426
 0.81290865 0.06696433 1.0790026 0.10572352
 0.5011365 0.06607934 0.6810202 0.10446122
 0.9428881 0.065502234 1.2050196 0.10331132
 0.16481726 0.077686585 0.23369642 0.1100391
 0.14905773 0.14423087 0.19599552 0.15332796
 0.13565901 0.16509442 0.17199294 0.17550875
 0.13358788 0.18329082 0.1697734 0.20120537
 0.11278204 0.1780658 0.14389989 0.19543111
 0.11194037 0.18963687 0.14356361 0.2128232
 0.11111119 0.18985248 0.14316441 0.21510237
 0.11194037 0.51666665 0.14445691 0.54514855
 0.11194037 0.46777302 0.14442973 0.5001808
 0.11194037 1.1461655 0.14439684 1.1769849
 0.1305971 0.89616424 0.16814548 0.96061254
 0.16628823 1.240999 0.21432883 1.3558886
 0.2037038 2.1932235 0.26267588 2.356762
 0.24398406 1.4121125 0.31444877 1.5379754
 0.46626997 1.6702169 0.6029065 1.7413692
 0.43402785 4.3728743 0.5647396 4.915773
 0.21854587 3.3434138 0.29945064 3.8575997
 0.19914229 0.8258929 0.27322584 0.93807566
 0.20133719 1.7138008 0.2766516 1.914246
 0.16366455 1.8974158 0.22485827 2.1093469
 0.14407142 1.7694803 0.19766852 2.0540357
 0.14833069 2.2989078 0.20324266 2.613201
 0.08620696 2.2960029 0.11833091 2.702484
 0.08680562 1.0548084 0.11920434 1.198152
 0.052447587 0.23892912 0.07205505 0.2787144
 0. 0.20570783 0. 0.2399986
 0. 0.19490415 0. 0.2280113
 0. 0.3409072 0. 0.375566
 0. 0.27619058 0. 0.2814497
 0. 0.25416678 0. 0.24689266
 0. 0.23960456 0. 0.22733553
 0.048387133 0.0548246 0.06644477 0.08457404
 0.08064522 0.06637173 0.11056023 0.102301456
 0.09740267 0.067264624 0.13320683 0.10364693
 0.098039284 0.069124475 0.13387316 0.10651507
 0.09868427 0.0813954 0.13463803 0.12544902
 0.115131654 0.0813954 0.15700504 0.12548521
 0.1409837 0.08177577 0.193234 0.12605058
 0.5062243 0.08293845 0.69249433 0.12793775
 0.6684984 0.10999529 0.91855043 0.16481741
 0.4058706 0.13136299 0.562625 0.19309314
 0.6845381 0.1400001 0.9515173 0.20490302
 0.15964407 0.14380021 0.24553102 0.21309777
 0.11744976 0.14920647 0.19203545 0.22492832
 0.104895175 0.15831256 0.17096367 0.24369495
 0.10791375 0.1636906 0.17522454 0.25670248
 0.10948913 0.41065302 0.17687783 0.52924013
