 0.23206098 0.09388409 0.3547965 0.10445762
 0.20838146 0.09307058 0.32618433 0.099278286
 0.22893214 0.084123425 0.32463568 0.08737316
 0.237034 0.07397605 0.35555226 0.07084911
 0.2170349 0.08744688 0.30492967 0.10613805
 0.20992823 0.14688995 0.31685087 0.23092201
 0.19538826 0.17396918 0.24610762 0.27859855
 0.18780203 0.17635167 0.23600033 0.27093643
 0.15010068 0.18017071 0.20054159 0.2868314
 0.11767081 0.19876494 0.16514637 0.34619558
 0.113878526 0.20518605 0.16400374 0.35422707
 0.11049116 0.17874596 0.16342235 0.27978605
 0.11236316 0.17518796 0.155467 0.26518136
 0.11422815 0.1765612 0.15261462 0.25975987
 0.100383446 0.18529227 0.12037723 0.25575608
 0.10752239 0.18664992 0.12265301 0.29867315
 0.11807646 0.19403426 0.13860625 0.30001083
 0.11228703 0.1845649 0.12940551 0.27450544
 0.11369417 0.15971616 0.13410676 0.23117124
 0.12642813 0.15169534 0.15325828 0.22344208
 0.12978734 0.16016985 0.1608637 0.23273295
 0.11634996 0.1794671 0.14360043 0.25504208
 0.11599441 0.1907804 0.1383437 0.2585247
 0.11519635 0.19068825 0.09261192 0.24814685
 0.10879638 0.1899003 0.101105474 0.21480365
 0.10039101 0.23424225 0.1005214 0.27854428
 0.11069511 0.24298525 0.11558669 0.25898382
 0.12352083 0.2889727 0.13325892 0.27676725
 0.12376837 0.29890797 0.13654394 0.29153213
 0.12198432 0.37536258 0.13658883 0.40746057
 0.11899491 0.38710627 0.14914057 0.42207095
 0.11673745 0.29721972 0.14415562 0.33950529
 0.11596195 0.47324786 0.13518238 0.51772165
 0.1153705 0.5569688 0.12816826 0.5983106
 0.104734436 0.638638 0.11745932 0.705123
 0.07322181 0.48185778 0.0883827 0.5423835
 0.08809917 0.48348397 0.10708897 0.5182354
 0.1065688 0.40286413 0.12692448 0.5566569
 0.122533605 0.3625994 0.14588721 0.45195916
 0.16564384 0.3272211 0.20946576 0.40086043
 0.17741896 0.2250559 0.2363265 0.28657213
 0.17158893 0.23552576 0.2355763 0.30725563
 0.17341895 0.14738268 0.21457781 0.17439327
 0.21593137 0.15631482 0.3050988 0.1712738
 0.27707225 0.15826967 0.37979865 0.1822599
 0.28046438 0.13905996 0.3885271 0.16897812
 0.18094787 0.14224704 0.27338663 0.17507033
 0.17857155 0.15376996 0.26825166 0.20245685
 0.17144045 0.12763333 0.23165902 0.1730315
 0.17315172 0.034482785 0.24262418 0.046710454
 0.17102054 0.052447595 0.24121663 0.071819946
 0.20398207 0.052816946 0.23160005 0.076006286
 0.23773828 0.062056787 0.25855935 0.08530305
 0.24072948 0.062949695 0.26078907 0.042827595
 0.23324731 0.073529474 0.25418606 0.05686959
 0.24315934 0.07692314 0.2824669 0.07608294
 0.24823923 0.07782107 0.28660768 0.09189252
 0.2479604 0.08163272 0.27574524 0.1052378
 0.24634019 0.0964237 0.27351582 0.1365704
 0.25780803 0.10387059 0.2874899 0.152654
 0.18430075 0.10450934 0.21741052 0.15469275
 0.18862629 0.0987909 0.23015288 0.1535396
 0.1950356 0.09794843 0.24157931 0.16314806
 0.20140097 0.083333395 0.24682315 0.1453906
 0.21047123 0.08293845 0.25157428 0.07764904
 0.20140097 0.09661842 0.2791497 0.11454503
 0.24074093 0.09852224 0.34299847 0.1383382
 0.23929663 0.087064736 0.34110528 0.13531859
 0.24768241 0.098731965 0.3412016 0.14464237
 0.24815527 0.111315444 0.3341725 0.13248168
 0.27028316 0.11744976 0.36012095 0.13677287
 0.36512968 0.12820521 0.50627935 0.14859663
 0.4643212 0.12345687 0.64353436 0.14381006
 0.5180435 0.117647156 0.71134794 0.13560274
 0.4410631 0.12650107 0.5684986 0.14165176
 0.46884376 0.14913842 0.6072287 0.1637038
 0.50792956 0.18381456 0.64843714 0.20666352
 0.51910126 0.2331914 0.67565775 0.27850387
 0.3714232 0.30303043 0.510217 0.37206286
 0.45464867 0.32070723 0.63687366 0.3991727
 0.42756957 0.3354953 0.6041334 0.39603043
 0.4142859 0.34636098 0.5824827 0.40956315
 0.35729113 0.33598602 0.46088937 0.39377174
 0.3513946 0.27857158 0.42545843 0.33023477
 0.38867864 0.24813136 0.47587094 0.29900295
 0.33572522 0.24810624 0.40801507 0.24096851
 0.4093283 0.10638305 0.49598956 0.14090466
 0.4226192 0.10526323 0.5099143 0.14123459
 0.3009146 0.103092864 0.3499216 0.13894548
 0.34645295 0.108108185 0.40215987 0.14512351
 0.32841074 0.1020409 0.3670052 0.13541237
 0.23907897 0.21789844 0.24195752 0.16883564
 0.35936505 0.16705373 0.1910266 0.20676377
 0.35898027 0.18521097 0.20566952 0.258857
 0.32700133 0.21655989 0.26187435 0.28787938
 0.327178 0.26299545 0.3262195 0.3748787
 0.28910905 0.28074893 0.3189158 0.34853205
 0.24065068 0.23506454 0.23733658 0.2977678
 0.20676026 0.23197761 0.13479412 0.30882812
 0.16970623 0.2439603 0.12360996 0.29487836
 0.18653491 0.2513116 0.111702226 0.29178795
 0.18201616 0.26294714 0.03447955 0.2844197
 0.18225327 0.27414206 0.06103193 0.3112993
 0.17274317 0.27976233 0.14385152 0.31427175
 0.18074925 0.28278223 0.18392079 0.34994155
 0.18487272 0.2606992 0.20606159 0.34526893
 0.17660013 0.26809496 0.21532843 0.29305062
 0.18664086 0.2577557 0.23037952 0.2570166
 0.18375176 0.23786958 0.22614972 0.2230741
 0.1904936 0.22861652 0.21723364 0.14667198
 0.18843982 0.21895114 0.21887979 0.20361763
 0.18192986 0.22142312 0.2050501 0.22450076
 0.20288686 0.20828609 0.23777527 0.23575364
 0.20382881 0.18758404 0.20517576 0.22907244
 0.19480945 0.17823526 0.20755294 0.23245966
 0.27711076 0.1518466 0.2903313 0.20802544
 0.35127372 0.14814825 0.35197428 0.23521999
 0.76681125 0.14492762 0.714763 0.2322925
 0.8635888 0.16007596 0.8699086 0.24620776
 0.7977983 0.185516 0.8500924 0.24730173
 0.5105572 0.23215804 0.5646371 0.28895554
 0.39197442 0.26975447 0.40274563 0.31369242
 0.43145537 0.3602212 0.431686 0.42296466
 0.35013002 0.31760865 0.31323987 0.3874472
 0.34361494 0.26962286 0.30805004 0.3072165
 0.4226752 0.22850959 0.28348035 0.20075934
 0.3699977 0.23237196 0.44085497 0.24094225
 0.41796207 0.24709463 0.4008971 0.2000825
 0.5335941 0.24582186 0.6130122 0.19224845
 0.5187739 0.23728856 0.443494 0.14769867
 0.65591353 0.23114078 0.4160008 0.16626999
 0.6249685 0.18541338 0.34181255 0.05997252
 0.44792122 0.25890332 0.29106858 0.15253013
 0.63663065 0.282043 0.43164712 0.22342911
 0.39378852 0.34995538 0.40140373 0.3754298
 0.49444252 0.26413095 0.33740383 0.3011594
 0.5233012 0.25855613 0.37381968 0.25208506
 0.27334863 0.42669266 0.24970481 0.46415645
 0.3110792 0.34773302 0.24982372 0.35389382
 0.4825037 0.2659268 0.44950876 0.28051987
 0.33979684 0.35823068 0.35462856 0.31964254
 0.28980282 0.5262598 0.31476587 0.35210505
 0.29501724 0.5299689 0.18847874 0.4211195
 0.26672316 0.52012384 0.13758087 0.43880564
 0.35830182 0.41862243 0.25317425 0.34171665
 0.24604042 0.5829856 0.25658548 0.56198055
 0.2405934 0.5220321 0.18433385 0.43374243
 0.27691704 0.5251612 0.29456222 0.4505659
 0.27180123 0.7681803 0.24387252 0.62346053
 0.3101672 0.90688306 0.24999265 0.927751
 0.27023005 0.7224697 0.22425665 0.8068632
 0.22152738 0.66768014 0.21218908 0.73368114
 0.29786652 0.54333663 0.21566315 0.5615539
 0.11560702 0.70324636 0.09929383 0.2445729
 0.22380605 0.65287924 0.13449869 0.40989867
 0.21753618 0.6657691 0.14797895 0.52587473
 0.24226356 0.812682 0.21729642 0.44696134
 0.15240954 0.72141486 0.1665771 0.42993793
 0.20829058 0.49936932 0.12566656 0.38202095
 0.21576354 0.5332245 0.10957027 0.41100854
 0.12851794 0.6695632 0.06798697 0.23572633
 0.15970643 0.53990185 0.081141785 0.18002294
 0.11299443 0.54832184 0.06544784 0.28930756
 0.16681165 0.52236676 0.10798568 0.34566784
 0.21651657 0.4747603 0.22679804 0.2045424
 0.17708346 0.38118318 0.17990853 0.27779037
 0.292111 0.55802464 0.1463884 0.49863082
 0.28619546 0.49518013 0.22785203 0.42817542
 0.45224142 0.2738567 0.21788408 0.25393412
 0.31684265 0.33736992 0.27808145 0.20189732
 0.3307743 0.13542841 0.21642157 0.09763119
 0.28035167 0.18347886 0.2984928 0.073354185
 0.3646272 0.19386904 0.37580085 0.115136825
 0.4747003 0.1764411 0.543523 0.114009574
 0.36264557 0.23298053 0.47349134 0.14838809
 0.62328136 0.24204712 0.5950253 0.097325526
 0.7108051 0.36367142 0.7414458 0.13592947
 0.9899476 0.18579647 1.3401905 0.21287498
 0.9763988 0.17002326 1.154354 0.17697704
 0.93635064 0.20689452 0.998789 0.22621946
 1.1131216 0.19548514 1.2758821 0.1559117
 0.96432436 0.18130651 1.0824605 0.2002618
 1.0175924 0.20104912 1.3726369 0.19526428
 0.7703744 0.20270881 1.0401102 0.24923345
 0.7267629 0.15666848 1.0450546 0.18171299
 0.7707671 0.1909596 1.0684742 0.21453705
 0.75394565 0.15956363 1.0241977 0.16061999
 0.7337479 0.16420224 0.9793598 0.15795375
 0.7776973 0.15087713 1.009785 0.19111942
 0.709939 0.15341058 0.86130935 0.22567147
 0.73147345 0.1480264 0.94318545 0.2352926
 0.70068485 0.1791251 0.8885092 0.23223417
 0.74209577 0.11375071 0.92807376 0.1688203
 0.6829175 0.062500045 0.805605 0.103853256
 0.7610139 0.15328851 0.6923618 0.12702003
 0.613966 0.18099633 0.5786252 0.16206728
 0.35680908 0.36934137 0.41040933 0.35104746
 0.24786429 0.16908236 0.26621306 0.20431748
 0.24105468 0.108906865 0.328473 0.15503173
 0.26020873 0.12135321 0.3703034 0.17146069
 0.24038479 0.13300988 0.34469256 0.18064049
 0.2605299 0.11876849 0.33699155 0.14776452
 0.2525254 0.119583726 0.2880314 0.13889238
 0.21926172 0.12987545 0.17407703 0.14369182
 0.21112189 0.13182761 0.19667453 0.1402584
 0.2023257 0.12336639 0.23256736 0.13414152
 0.18489596 0.15494657 0.18878312 0.20182298
 0.16788779 0.15968749 0.20533556 0.1910012
 0.17326152 0.17871222 0.13095976 0.233642
 0.15338728 0.1709403 0.096126854 0.23793158
 0.15189739 0.15873027 0.1258969 0.22261678
 0.15092209 0.25888902 0.12065044 0.34087765
 0.13200626 0.35590094 0.13193548 0.44868377
 0.1468117 0.37979898 0.1518276 0.4735049
 0.1377468 0.28573185 0.14234386 0.33597764
 0.17439444 0.27666432 0.122270904 0.19727519
 0.14583345 0.3842557 0.17663144 0.24018066
 0.16261998 0.39975345 0.2000036 0.19038722
 0.18599693 0.18752183 0.15218703 0.20580266
 0.18991996 0.32096475 0.2258957 0.1865166
 0.28476053 0.2578278 0.23463365 0.1807882
 0.2894187 0.2771086 0.22072165 0.32661504
 0.36013585 0.1818397 0.29077643 0.303746
 0.24284163 0.21643277 0.26226228 0.23899549
 0.46474376 0.22946875 0.4819628 0.29594862
 0.38926697 0.2213413 0.4374482 0.3056571
 0.37151718 0.20674856 0.43408462 0.2949294
 0.33387604 0.18789285 0.42409533 0.23673417
 0.38225815 0.16943833 0.49677464 0.20739514
 0.3703705 0.16633579 0.47777575 0.20944227
 0.120701216 0.16297272 0.15438725 0.20216669
 0.14140178 0.13800749 0.16941355 0.15216574
 0.14247955 0.13168845 0.17547177 0.14771834
 0.14851391 0.12731968 0.18101361 0.14332882
 0.15795067 0.12423013 0.1837276 0.13783199
 0.14604108 0.12183523 0.17579865 0.13334501
 0.13256118 0.117889665 0.17292137 0.13140374
 0.12000009 0.115663216 0.15317452 0.13017881
 0.12295522 0.1462411 0.14810804 0.17324017
 0.11986311 0.17404069 0.15776344 0.21468145
 0.13513525 0.20769875 0.1703594 0.24061827
 0.1432276 0.23345509 0.18197027 0.22979325
 0.14897051 0.22801273 0.19233698 0.18480372
 0.1564627 0.21065147 0.21008843 0.13716313
 0.16280577 0.21803603 0.22396077 0.18603134
 0.17288472 0.2316688 0.24070297 0.2319607
 0.17920169 0.2326804 0.25606412 0.2551064
 0.2308064 0.22035618 0.2995598 0.24917492
 0.26692995 0.21888795 0.31711468 0.25965446
 0.22727287 0.30571112 0.2361711 0.3506729
 0.21978036 0.48053446 0.23098654 0.5368957
 0.26427785 0.52778614 0.27937338 0.5738122
 0.32731977 0.39840707 0.34797528 0.41209403
 0.3752527 0.3772589 0.40099415 0.38641816
 0.39506787 0.3601795 0.4249275 0.37655964
 0.3728161 0.25387278 0.41531634 0.3386402
 0.37932914 0.28123719 0.445203 0.3733555
 0.689994 0.2958896 0.7960489 0.39181355
 0.47672644 0.2849702 0.57088023 0.381048
 0.6968824 0.17620179 0.80221605 0.26410922
 0.6968128 0.17769077 0.7978905 0.26926517
 0.81541693 0.16290435 0.9202098 0.24964342
 0.66231954 0.09677426 0.76475686 0.15182666
 0.39184514 0.098039284 0.46584183 0.15299946
 0.4536054 0.15835811 0.50862044 0.1785681
 0.48984918 0.1987541 0.47505778 0.11553029
 0.5908483 0.12096783 0.43198776 0.1216095
 0.35249823 0.16826935 0.32734832 0.1652103
 0.5478325 0.2337403 0.40666276 0.15672165
 0.36448961 0.12375148 0.18269718 0.11618739
 0.42819437 0.14378813 0.2417854 0.18038066
 0.32115823 0.16953492 0.18949649 0.18984553
 0.37016836 0.2357454 0.24089341 0.19047877
 0.31816307 0.2706554 0.23002048 0.26976052
 0.23119815 0.44424367 0.16074525 0.37739483
 0.19110289 0.44503754 0.11176058 0.35536775
 0.20008175 0.40215534 0.14549677 0.3711456
 0.14836167 0.3980394 0.18236692 0.38096955
 0.13986024 0.46131593 0.20258437 0.52066666
 0.15503886 0.48000798 0.21512088 0.5712683
 0.19305117 0.30217808 0.22597727 0.36437774
 0.21195665 0.275091 0.2660691 0.36421964
 0.17990811 0.27890235 0.20664467 0.35360405
 0.18438454 0.3047368 0.25377318 0.37433347
 0.18483722 0.3226351 0.25457287 0.3857639
 0.2102805 0.41902915 0.28377852 0.49453253
 0.2428211 0.44851393 0.3129268 0.52689344
 0.23488489 0.574885 0.28221506 0.64320415
 0.2675446 0.5531365 0.31760582 0.6027055
 0.3201411 0.6590313 0.38165143 0.73967224
 0.2844165 0.75475156 0.34824237 0.85848945
 0.248276 0.49386734 0.26071498 0.58232874
 0.248276 0.45496815 0.28025788 0.581783
 0.26349536 0.2838456 0.2916036 0.3434688
 0.26177046 0.28562182 0.2936648 0.353856
 0.26079488 0.2855666 0.2901036 0.3579682
 0.2536233 0.2920119 0.27739808 0.3679168
 0.23024607 0.33179945 0.25000206 0.4370446
 0.21810523 0.35784099 0.25846657 0.477983
 0.15408753 0.35555094 0.18848671 0.47277498
 0.1446282 0.27777797 0.16624853 0.34667706
 0.14705893 0.2660258 0.16858403 0.32710233
 0.16949165 0.21875015 0.19405818 0.26432264
 0.1709403 0.21341476 0.19622087 0.25726068
 0.18744999 0.09308517 0.21573795 0.111112565
 0.22270128 0.09308517 0.25709373 0.11120842
 0.22988519 0.09358296 0.26477253 0.111518994
 0.22988519 0.09510877 0.26343834 0.113003165
 0.20114955 0.08196728 0.22968137 0.097309195
 0.19662933 0.08196728 0.22259502 0.09738304
 0.22471924 0.08196728 0.2535831 0.09797671
 0.22471924 0.068306066 0.2530983 0.08201854
 0.22471924 0.054644853 0.25280893 0.06598307
 0.30303043 0. 0.34061387 0.
 0.30303043 0. 0.34039095 0.
 0.29850763 0. 0.33518586 0.
 0.30303043 0. 0.33896682 0.
 0.30769247 0. 0.34409317 0.
 0.4313295 0. 0.4823693 0.
 0.57692313 0. 0.64529747 0.
 0.66666675 0. 0.7458186 0.
 0.46511644 0. 0.52025527 0.
 0.4255321 0. 0.47613817 0.
 0.38461554 0. 0.4273573 0.
 0.39995557 0. 0.4444517 0.
 0.41958055 0. 0.46582708 0.
 0.48772627 0. 0.5417974 0.
 0.50891054 0.0140449535 0.5784349 0.015728045
 0.47731775 0.056179814 0.5575426 0.063022256
 0.46342763 0.07022477 0.57110745 0.078752264
 0.6374066 0.084745824 0.7609341 0.0891567
 0.57853156 0.08379894 0.6972796 0.08454285
 0.80478173 0.0833334 0.9091197 0.08239537
 0.7523054 0.0833334 0.8492953 0.084256984
 1.0566337 0.11263492 1.2699683 0.11572266
 0.92366296 0.14135256 1.0862497 0.14951411
 0.68522537 0.14010687 0.7954417 0.15384547
 0.41179675 0.15554745 0.5149475 0.18009819
 0.40228787 0.40433764 0.50506175 0.46535456
 0.39631492 0.44805208 0.49234697 0.5145549
 0.36873853 0.2359308 0.45769045 0.2752328
 0.3597146 0.17446792 0.4459227 0.2003679
 0.36442047 0.17639217 0.4419328 0.20228139
 0.080986775 0.27749678 0.11233144 0.32363698
 0.06679395 0.37811068 0.09582196 0.45126495
 0.06704985 0.26546013 0.0976584 0.31643593
 0.0766284 0.16322123 0.11246686 0.1916105
 0.07692314 0.16800883 0.11272217 0.20040876
 0.06835942 0.15243216 0.09954256 0.18422803
 0.06917001 0.12026235 0.100060396 0.14745604
 0.06972118 0.10087059 0.10011228 0.125013
 0.070281185 0.12996627 0.10066791 0.15576729
 0.051229548 0.15850179 0.073637515 0.18796083
 0.051867258 0.14194149 0.07506081 0.16869019
 0.020920519 0.11263492 0.030433385 0.13434829
 0.04777074 0.082872994 0.07789972 0.09841915
 0.07911398 0.096685156 0.12840897 0.1147333
 0.11006298 0.096153915 0.17750394 0.11458938
 0.12151363 0.095628485 0.19494537 0.11403563
 0.14988185 0.094086096 0.23951417 0.11255203
 0.16338368 0.40697688 0.26033577 0.4854893
 0.17744264 0.45300397 0.28243616 0.5426491
 0.19220886 0.6136364 0.3029129 0.7361546
 0.17901245 0.83041954 0.27984533 1.0132365
 0.16408871 0.8547249 0.25887966 1.0466925
 0.12884125 0.7366334 0.20703642 0.9183923
 0.10752696 0.7662777 0.17457026 0.92767256
 0.08974366 0.2799366 0.14590125 0.34920174
 0.09020625 0.19243953 0.14682397 0.24563697
 0.077319644 0.1914766 0.12560315 0.24627143
 0.051546432 0.19184086 0.08348072 0.24947071
 0. 0.1931887 0. 0.24880135
 0.02906979 0.18119602 0.030340008 0.23048465
 0.057142902 0.18067715 0.060145643 0.22506629
 0.087719366 0.1795617 0.09355657 0.21870826
 0.08823536 0.1637842 0.095169805 0.18486342
 0.10233925 0.1281235 0.11038798 0.12872218
 0.10233925 0.07575763 0.11001892 0.07508607
 0.116959155 0.07352947 0.12534474 0.082065605
 0.117647156 0.057142902 0.12584655 0.06841723
 0.117647156 0.042134862 0.12570505 0.0516421
 0.17992432 0. 0.19263735 0.
 0.47627854 0. 0.52508277 0.
 0.7371223 0. 0.8350198 0.
 0.576004 0. 0.6784445 0.
 0.5336361 0. 0.6368768 0.
 0.54403955 0. 0.64506036 0.
 0.5065655 0. 0.6125699 0.
 0.67965895 0. 0.8044403 0.
 0.772909 0. 0.9498929 0.
 0.75652856 0. 0.9352617 0.
 0.8678891 0. 1.0333672 0.
 0.68108773 0. 0.79658604 0.
 0.5927582 0. 0.6952536 0.
 0.5639269 0. 0.66528714 0.
 0.62655294 0. 0.7244754 0.
 0.4130079 0.02906979 0.4377959 0.029348291
 0.35484403 0.05813958 0.39735 0.060761556
 0.29992834 0.11647735 0.3601973 0.11685951
 0.28739443 0.14906844 0.33056414 0.15582837
 0.27701482 0.15129086 0.3185255 0.15829235
 0.3206548 0.16934161 0.38640767 0.17828329
 0.3288154 0.17069441 0.3916101 0.18239321
 0.32396585 0.17209733 0.37797004 0.18618625
 0.30443564 0.17318128 0.3528519 0.18935816
 0.1740482 0.17366652 0.20591152 0.19207977
 0.12048201 0.17331445 0.15511292 0.19287543
 0.12048201 0.46941084 0.15621632 0.48897994
 0.12121221 0.9675013 0.15887834 0.98496324
 0.12269946 0.85333645 0.16196921 0.8606697
 0.12500009 0.6403201 0.16582093 0.62252915
 0.12578626 0.94810456 0.1667572 0.8948373
 0.12548742 1.0630766 0.16016167 0.8001765
 0.23708932 0.752673 0.24565274 0.4343883
 0.23368618 0.36032885 0.23691459 0.14419341
 0.27743918 0.5727168 0.28601184 0.29115272
 0.31389213 0.67600024 0.30564603 0.35241854
 0.3289558 0.6379205 0.28843284 0.42406502
 0.33812016 0.6110438 0.2937625 0.4219557
 0.2653416 0.5367497 0.24578685 0.20996054
 0.6048221 1.0071148 0.53903717 0.84739065
 0.41057462 1.2286326 0.2883853 0.95766443
 0.7457161 0.8494779 0.50236076 0.83301365
 0.5909799 0.72249013 0.52081764 0.6248041
 0.71677643 0.3193796 0.7037865 0.3010351
 0.99129516 0.19412223 0.89986867 0.1347896
 0.780299 0.24209993 0.7070762 0.13714461
 0.8944914 0.17913614 0.6156783 0.16959138
 0.6694136 0.233978 0.6449058 0.2182299
 0.62463343 0.26123628 0.6734607 0.2567271
 0.42520317 0.24877402 0.4776192 0.25642768
 0.23873067 0.2516348 0.27263087 0.26824296
 0.25843188 0.25817305 0.30598548 0.2794649
 0.254094 0.24767506 0.30444592 0.23886037
 0.22760463 0.21241844 0.27120215 0.18290676
 0.22055134 0.19555013 0.2581911 0.18375422
 0.19783723 0.13825332 0.2245253 0.11579712
 0.15687014 0.10735442 0.17541781 0.10636883
 0.17555569 0.03225809 0.21647435 0.04080352
 0.18567525 0.039936133 0.24409352 0.051278897
 0.1992975 0.048076957 0.2638021 0.06115015
 0.22693467 0.04823155 0.2941116 0.057415117
 0.23804668 0.04823155 0.3119409 0.050628573
 0.22678351 0.04823155 0.30835032 0.04844295
 0.23284578 0.048859976 0.32067642 0.043611377
 0.2333335 0.04870134 0.31938452 0.031380862
 0.22374162 0.08445183 0.31574312 0.093318194
 0.26353347 0.09573974 0.379585 0.11342729
 0.5530378 0.10789025 0.69977754 0.14822376
 0.61002195 0.10828427 0.7304974 0.14675958
 0.56043184 0.108114325 0.68362135 0.14474113
 0.5524349 0.10828427 0.67010754 0.13870947
 1.1060355 0.108589984 1.2456921 0.13298804
 1.1759629 0.10771773 1.3170496 0.13874105
 0.9720581 0.12505427 1.1048406 0.11216511
 0.98162097 0.065604635 1.0862327 0.08949321
 0.6195157 0.06465522 0.65078264 0.074143626
 0.76175535 0.14271903 0.8265617 0.08407597
 0.82506514 0.09904114 0.32656613 0.117841095
 0.66871524 0.1320838 0.5366728 0.109629765
 0.78566617 0.16803865 0.6943467 0.12971297
 0.79965985 0.1077587 0.7083718 0.12571393
 0.6808686 0.1765583 0.6282375 0.14612629
 0.38709944 0.15741622 0.2968443 0.18523544
 0.40864286 0.15387248 0.32172552 0.20461819
 0.39578038 0.1387911 0.30554593 0.17197783
 0.35429353 0.11690082 0.2619923 0.13921382
 0.27726138 0.09036151 0.20053264 0.10131038
 0.250625 0.13163927 0.1681569 0.15061626
 0.21635506 0.15638915 0.14688255 0.18617879
 0.20721033 0.3198918 0.15858738 0.3952134
 0.1574075 0.6576354 0.13420525 0.80095434
 0.15650505 0.63883364 0.14897272 0.7915022
 0.090415314 0.54433066 0.09976561 0.6970759
 0.057603728 0.35371533 0.09386088 0.46685392
 0.08027529 0.3466508 0.13168867 0.46275097
 0.07990874 0.3499352 0.13175082 0.4670128
 0.092592664 0.7451845 0.15438643 0.88942194
 0.09852224 0.6018081 0.1672866 0.7241532
 0.10256418 0.31704316 0.1763741 0.399586
 0.108108185 0.30532673 0.18626015 0.3878363
 0.1111112 0.29421946 0.18926126 0.37535396
 0.12500009 0.2638883 0.16559675 0.34164435
 0.16806735 0.25775114 0.22675303 0.337095
 0.16528937 0.24673402 0.22419673 0.3231669
 0.16129044 0.26230553 0.2170962 0.34116116
 0.23015888 0.27151608 0.30888942 0.35070735
 0.35702786 0.29770306 0.4636572 0.35126665
 0.46590924 0.23243928 0.58245826 0.2649848
 0.33724797 0.21859916 0.4098048 0.24068573
 0.28104293 0.16819249 0.33970433 0.18389553
 0.24096401 0.17218395 0.2824314 0.18747588
 0.24807115 0.20566253 0.305133 0.22539464
 0.25834417 0.23642969 0.32750994 0.26117647
 0.2597404 0.26224557 0.32476294 0.28217036
 0.30448732 0.32572597 0.38388753 0.35090584
 0.34459463 0.40707248 0.43980443 0.42887697
 0.36742815 0.43314114 0.47820234 0.42953172
 0.32896528 0.5135016 0.44464183 0.4998412
 0.32641834 0.559034 0.45337328 0.5567187
 0.29666996 0.5023503 0.4255011 0.4956069
 0.2439026 0.4233513 0.36483768 0.42253393
 0.23255828 0.4371922 0.34323797 0.42632398
 0.1446282 0.40182567 0.17429039 0.3686046
 0.14705893 0.2521188 0.18070862 0.22786435
 0.16949165 0.25686795 0.2077771 0.2020919
 0.2430877 0.2724139 0.2404161 0.14925373
 0.25741738 0.3196233 0.30551177 0.16447365
 0.20925692 0.19784652 0.30088517 0.13455823
 0.22451405 0.21895723 0.33016676 0.2170552
 0.23809537 0.27611935 0.35098594 0.29357055
 0.18181829 0.3386295 0.25022775 0.3658375
 0.1693391 0.3722004 0.22943226 0.40906277
 0.16528937 0.3815791 0.23001538 0.4142311
 0.13888898 0.3772524 0.19393086 0.41476515
 0.13257585 0.34609947 0.18505551 0.3981677
 0.16389097 0.34097123 0.1936147 0.39537463
 0.21230057 0.4267315 0.21807846 0.53767943
 0.20714298 0.494315 0.21502545 0.65128845
 0.19041155 0.36152497 0.1994674 0.49520734
 0.18780585 0.27397272 0.19884863 0.3947873
 0.18973228 0.26428586 0.20283093 0.37826884
 0.17440426 0.21063125 0.18805422 0.2974677
 0.19568162 0.18867934 0.21740144 0.2670991
 0.19693854 0.19287221 0.22099444 0.2630517
 0.19824573 0.19532418 0.22295022 0.24722846
 0.20841277 0.17113107 0.23414586 0.2047673
 0.21389318 0.17538276 0.23981483 0.19364984
 0.15074536 0.16990301 0.21099214 0.18042152
 0.15558296 0.16666678 0.22682254 0.1770974
 0.1591828 0.20610824 0.24177207 0.21862446
 0.17362592 0.31250012 0.2803731 0.33063167
 0.16668455 0.31250012 0.26579887 0.3306197
 0.15803161 0.3365386 0.24268417 0.3552392
 0.13836375 0.34313738 0.19200853 0.3631418
 0.13404581 0.2517858 0.18655305 0.26547223
 0.12778915 0.23604281 0.17837596 0.24956931
 0.12731676 0.20861809 0.1782044 0.22103135
 0.12697276 0.206183 0.17810643 0.21857415
 0.12663278 0.17369488 0.1778635 0.18437088
 0.12826827 0.116959155 0.1804479 0.12434605
 0.11091672 0.121951304 0.15629354 0.12535654
 0.11024104 0.10869573 0.15563531 0.11529616
 0.07829337 0.11363645 0.11076518 0.123541154
 0.010593228 0.098039284 0.016119178 0.10761711
 0.052742653 0.098255716 0.0808283 0.110138476
 0.063291185 0.07413425 0.09745992 0.09920665
 0.06437773 0.059121676 0.08994315 0.09152795
 0.11184613 0.059931558 0.15932485 0.09124065
 0.14423089 0.0692042 0.2064571 0.10516294
 0.1439581 0.06993012 0.2077096 0.096269
 0.14372054 0.07117443 0.20952171 0.10267004
 0.14271903 0.072463825 0.20976727 0.10811179
 0.14965408 0.074074134 0.21950802 0.11372537
 0.1650973 0.076335944 0.24576013 0.11964533
 0.1854268 0.057251953 0.2806586 0.09009988
 0.5347036 0.049019646 0.75876325 0.07728198
 0.38449115 0.0298805 0.5524214 0.046927266
 0.24698086 0. 0.3633333 0.
 0.2486517 0. 0.36691475 0.
 0.22846231 0. 0.33469042 0.
 0.24324052 0. 0.33170837 0.
 0.27731347 0.07113826 0.34635997 0.016060704
 0.29096454 0. 0.36222312 0.
 0.30707428 0.014619894 0.3723758 0.016623735
 0.3003142 0.058479577 0.3627424 0.06680451
 0.30166373 0.07440481 0.36137 0.08462484
 0.30002755 0.09259266 0.3525883 0.10478993
 0.4546165 0.11146505 0.51484424 0.12446957
 0.51182497 0.14816298 0.5687873 0.16743773
 0.4678526 0.16603097 0.5195781 0.19670932
 0.42412972 0.17618154 0.4758605 0.21583295
 0.46087432 0.17679913 0.54779464 0.22447665
 0.48877913 0.2128531 0.5876091 0.28428274
 0.5236259 0.25247902 0.6276779 0.31959307
 0.5378826 0.24770546 0.62764233 0.29797846
 0.4818352 0.24687655 0.60696685 0.29079604
 0.41472435 0.22686505 0.49696314 0.25344148
 0.4725998 0.22483277 0.5598566 0.26033205
 0.51033604 0.21800795 0.5994447 0.24834467
 0.49606222 0.23721802 0.5817456 0.25789702
 0.5055158 0.16706875 0.553553 0.18219277
 0.47770333 0.16383627 0.5341739 0.18278585
 0.51086986 0.15765776 0.5607817 0.17323895
 0.697601 0.1446282 0.76886135 0.16542123
 0.6898069 0.14112914 0.74759066 0.1658867
 0.5395425 0.15748042 0.5885878 0.188334
 0.55876327 0.15267186 0.6098046 0.18454291
 0.56482077 0.16257116 0.5998201 0.19984922
 0.62339675 0.4221169 0.38126153 0.49436104
 0.53567564 0.68590844 0.41089627 0.71345913
 0.3611682 0.7001772 0.2792348 0.77192366
 0.33653864 0.4113273 0.28050277 0.49224758
 0.359916 0.4241708 0.31812346 0.50929284
 0.35407394 0.6419505 0.36885735 0.77933896
 0.30476287 1.1320349 0.32711014 1.3241017
 0.1956077 0.7051345 0.21821772 0.83736974
 0.18181054 0.4380184 0.18728913 0.5565652
 0.17372707 0.5376937 0.16699855 0.65388024
 0.17592603 0.70749295 0.17881863 0.84434146
 0.17708258 0.6497793 0.19063617 0.76244044
 0.1861116 0.27551076 0.2087776 0.34697455
 0.1896692 0.19773336 0.21880692 0.24115157
 0.29998127 0.18378234 0.35532337 0.22201066
 0.4131636 0.11075958 0.49866018 0.13894849
 0.2124428 0.1129033 0.27181342 0.14002681
 0.21895313 0.115131654 0.2910848 0.1413181
 0.19444455 0.08389268 0.26672643 0.10220454
 0.19577217 0.08503407 0.27570504 0.10308598
 0.1902175 0.051724173 0.2779341 0.06254413
 0.1923078 0. 0.27958214 0.
 0.1923078 0. 0.27896562 0.
 0.2966103 0. 0.42339602 0.
 0.2966103 0. 0.42380223 0.
 0.38043493 0. 0.5381131 0.
 0.38043493 0. 0.53880244 0.
 0.10000007 0. 0.14065357 0.
 0.10000007 0. 0.14083831 0.
 0.10000007 0. 0.14111128 0.
 0.10000007 0. 0.141419 0.
 0.085714355 0. 0.12148371 0.
 0.08522733 0. 0.120999746 0.
 0.07102278 0. 0.10096182 0.
 0.042613667 0. 0.060633734 0.
 0. 0. 0. 0.
 0. 0. 0. 0.
 0.018115956 0. 0.027278524 0.
 0.03610111 0. 0.054456055 0.
 0.054151665 0. 0.081806704 0.
 0.053956877 0. 0.08135121 0.
 0.062949695 0. 0.09485054 0.
 0.052631624 0.024752494 0.06779886 0.031223824
 0.13405062 0.041528273 0.15791261 0.05902028
 0.21496546 0.049833927 0.24315801 0.07310058
 0.22550514 0.049833927 0.26708817 0.07084477
 0.24179518 0.04950499 0.2789633 0.07614299
 0.23807259 0.049342148 0.27517956 0.08270412
 0.25382397 0.04950499 0.29401153 0.07753953
 0.305848 0.04950499 0.3393194 0.07643517
 0.35377628 0.049833927 0.38975963 0.075641856
 0.36190242 0.041528273 0.3917892 0.04753865
 0.3393939 0.06597374 0.36153087 0.077206835
 0.48158917 0.077497736 0.49732172 0.11788667
 0.50453275 0.0814776 0.5241548 0.12298683
 0.51950437 0.09607029 0.5575055 0.15120916
 0.4117036 0.08968616 0.473526 0.11965483
 0.4004919 0.08771936 0.4645649 0.1391353
 0.63565147 0.08474583 0.88521767 0.13849637
 0.5958189 0.08810578 0.81011075 0.09195993
 0.4507627 0.08849564 0.6303179 0.056455877
 0.53410757 0.07990874 0.746721 0.0505575
 0.48300117 0.15447506 0.6677736 0.13681498
 0.57023257 0.1223793 0.7147459 0.16099207
 0.60610074 0.13071905 0.76441437 0.16706027
 0.3255715 0.12578626 0.3987022 0.16157737
 0.33188176 0.18743242 0.40221596 0.18813108
 0.32861593 0.15836017 0.39336604 0.16963266
 0.35199216 0.18246582 0.37497005 0.19429564
 0.29523188 0.20750117 0.4323821 0.15540141
 0.3473484 0.12608495 0.34277508 0.17511925
 0.29814067 0.117647156 0.2696842 0.15710932
 0.24258006 0.11299443 0.30055836 0.14582519
 0.23684227 0.1111112 0.28931853 0.13878207
 0.24104397 0.11049732 0.30905655 0.13463627
 0.24249074 0.096685156 0.29997206 0.11630061
 0.23251705 0.13557336 0.27600595 0.16185454
 0.21595392 0.1933376 0.22467545 0.2367144
 0.24340048 0.19592795 0.19465774 0.23872533
 0.23963515 0.18639529 0.097926855 0.21699914
 0.24615118 0.21590754 0.114000484 0.25312433
 0.25958797 0.31402752 0.13539866 0.37329447
 0.23598626 0.44874 0.19858363 0.5394486
 0.26045197 0.48972648 0.2835621 0.6078112
 0.25045633 0.43813008 0.32018813 0.53849256
 0.25573233 0.45648187 0.30968082 0.57217175
 0.25714666 0.2794877 0.28591606 0.3782558
 0.22925389 0.19481686 0.27342182 0.29273006
 0.19873036 0.20023787 0.22855037 0.27731952
 0.2169523 0.20641379 0.23209137 0.2681833
 0.23314345 0.18159118 0.18017471 0.21898048
 0.25127488 0.18506949 0.23314671 0.22485664
 0.28991833 0.24223089 0.25870886 0.31179914
 0.32377893 0.22212386 0.2377793 0.28818512
 0.3032884 0.21724112 0.24943507 0.2828692
 0.34100604 0.2170848 0.21886797 0.2784225
 0.34458476 0.23070665 0.28984532 0.28604218
 0.34121022 0.31393296 0.2828021 0.39737874
 0.18164687 0.6045199 0.16367383 0.74190533
 0.32744595 0.49898386 0.25398234 0.5270494
 0.31899887 0.3506181 0.13797586 0.36791956
 0.25733536 0.46283564 0.1437025 0.4987995
 0.45060462 0.372134 0.13507366 0.38525376
 0.34775597 0.42604318 0.23301971 0.5927572
 0.3892812 0.42465416 0.3815103 0.6140573
 0.3894676 0.5792918 0.32762253 0.8245654
 0.41467318 0.74758685 0.36606118 1.0682137
 0.46525192 0.5496361 0.4354393 0.73850596
 0.9625867 0.6232735 0.7945469 0.8021163
 0.32350826 0.6059274 0.31152773 0.7118961
 0.36318627 0.71890914 0.28634298 0.76832944
 0.37121123 0.5020745 0.17713332 0.48775923
 0.17303264 0.67951083 0.24187392 0.5474049
 0.40537405 0.512188 0.3723362 0.5013186
 0.38666302 0.45686293 0.23932737 0.45613953
 0.2614647 0.48114595 0.16862224 0.45626628
 0.3003723 0.36639184 0.22693363 0.34002262
 0.30493844 0.3926735 0.30292574 0.2862174
 0.35040763 0.35878173 0.3956256 0.27013743
 0.47815028 0.42290568 0.5192385 0.3122984
 0.40277797 0.5195496 0.49724576 0.36883545
 0.5743169 0.48883253 0.63514215 0.5178273
 0.57012206 0.40867853 0.6429011 0.5814874
 0.60808146 0.4610003 0.64294016 0.71037096
 0.5092295 0.42301416 0.5754625 0.61341727
 0.5743245 0.38540637 0.6441709 0.5003578
 0.5207182 0.38381922 0.5982094 0.4559172
 0.54733664 0.27400666 0.7570468 0.3024504
 0.56895196 0.28332812 0.7328494 0.33659846
 0.51142085 0.25630194 0.74115217 0.34741074
 0.41232055 0.33300903 0.555841 0.41922578
 0.24687763 0.39426345 0.29754907 0.4316466
 0.26425382 0.3332314 0.25564194 0.39069113
 0.25877053 0.17177048 0.32090506 0.121624105
 0.24947973 0.13495155 0.3198385 0.19952272
 0.2608963 0.1592 0.37228692 0.23337932
 0.30074185 0.15939465 0.42174596 0.2760148
 0.38633573 0.11437917 0.5319907 0.17000832
 0.42090926 0.093167774 0.5034501 0.105354495
 0.38958868 0.18980244 0.4734371 0.084921196
 0.2956821 0.14455587 0.39864522 0.04580527
 0.3584172 0.12453969 0.43068838 0.065103956
 0.3281223 0.13325058 0.45241463 0.0687438
 0.35513094 0.13163683 0.39578775 0.0825887
 0.34416488 0.11261269 0.36281452 0.0125981765
 0.38713074 0.13257585 0.5048907 0.06359327
 0.55339754 0.019920334 0.6370282 0.025507418
 0.4485919 0.13354412 0.5921331 0.020937791
 0.41204214 0.10358417 0.58189034 0.09022687
 0.3966718 0.06302525 0.5585663 0.08063613
 0.34788275 0.06917001 0.5016786 0.10804582
 0.35806704 0.06704985 0.5429662 0.108719066
 0.38512298 0.076335944 0.55696154 0.100865155
 0.41022936 0.07575764 0.5770576 0.06773066
 0.31054652 0.07604569 0.37470734 0.041123256
 0.3497947 0.07692314 0.4583677 0.047602277
 0.350146 0.07751944 0.45327002 0.07257425
 0.3292743 0.07843143 0.43680605 0.08852918
 0.30390477 0.07080932 0.34330517 0.086533934
 0.33392388 0.07574029 0.35364076 0.098817535
 0.31845248 0.11714615 0.35283908 0.1381664
 0.33525985 0.14457926 0.28465122 0.1460667
 0.36016256 0.13494326 0.3007681 0.14424351
 0.40818968 0.16042233 0.24621858 0.22493003
 0.42223412 0.1616399 0.34787694 0.11987363
 0.36952716 0.21325538 0.28524235 0.2100241
 0.5080685 0.18910438 0.46441975 0.21893297
 0.44961673 0.20883796 0.444626 0.25187075
 0.3824432 0.21024768 0.36062092 0.2175269
 0.32684153 0.18889306 0.33527634 0.14645277
 0.23917551 0.2095596 0.277931 0.17034024
 0.20662582 0.24649134 0.24382253 0.20604104
 0.19330518 0.24241462 0.22099738 0.2180226
 0.19026151 0.33296126 0.21546078 0.29404095
 0.17773905 0.34708387 0.16415225 0.3246869
 0.19653076 0.33043033 0.18978073 0.36053422
 0.1900803 0.33026633 0.1024268 0.4074311
 0.18604305 0.34960335 0.13495073 0.45945567
 0.1919932 0.23850313 0.23803201 0.31474113
 0.25913632 0.21725926 0.31975025 0.29626772
 0.30541253 0.2115918 0.37921858 0.28005216
 0.31447384 0.20734343 0.3754757 0.27217618
 0.3294635 0.20500676 0.39055905 0.22985509
 0.40565604 0.21952888 0.4674827 0.19154571
 0.4918104 0.15343757 0.55080736 0.13181989
 0.44734627 0.1514751 0.5211941 0.1532746
 0.48543185 0.15191375 0.57659274 0.18204863
 0.57024086 0.13303843 0.63719857 0.16160107
 0.5418531 0.11217956 0.6036453 0.13347387
 0.5412475 0.16669746 0.556904 0.14768112
 0.4581178 0.16286229 0.50747365 0.092169195
 0.5359364 0.13273443 0.35053933 0.13873191
 0.36611238 0.15941967 0.22798331 0.11166691
 0.37347236 0.16185372 0.29953206 0.15930068
 0.32483137 0.15937245 0.18791069 0.08666165
 0.3895561 0.15045501 0.18751916 0.11770603
 0.41271544 0.14536703 0.27230367 0.13024224
 0.332277 0.16515774 0.24747139 0.17828277
 0.31040245 0.15907077 0.28626546 0.18022637
 0.28775024 0.155928 0.2900564 0.20049536
 0.3080334 0.14880297 0.32197976 0.20576227
 0.30009982 0.17952016 0.275317 0.2589707
 0.31221205 0.29347587 0.35663188 0.45962238
 0.28084427 0.3093035 0.33408755 0.4684962
 0.30281705 0.2829668 0.35977983 0.37892362
 0.25757378 0.24765186 0.3106744 0.3073466
 0.15242018 0.22698155 0.18606754 0.28733388
 0.13534153 0.20599565 0.17556229 0.26587287
 0.11834327 0.20195022 0.1586416 0.2675596
 0.121951304 0.19286253 0.16201639 0.2588693
 0.0920246 0.18366827 0.119453065 0.24742742
 0.09933782 0.18460743 0.10312527 0.26514912
 0.10204089 0.15539172 0.10682554 0.23055507
 0.0856165 0.15324987 0.098210454 0.22524437
 0.05128209 0.113272965 0.078502186 0.15507892
 0.07692314 0.12834954 0.11740883 0.1684449
 0.07692314 0.13349725 0.116753936 0.16704248
 0.09020625 0.13466957 0.13634706 0.16787544
 0.103627026 0.15024655 0.14802693 0.1834966
 0.10752696 0.14637247 0.1487753 0.17753264
 0.108108185 0.14716342 0.0840712 0.17328873
 0.15161529 0.14383307 0.17954928 0.1708396
 0.17630439 0.21534786 0.21773678 0.2371625
 0.1584892 0.23149712 0.20936882 0.24945827
 0.18087134 0.29135936 0.25014567 0.30142263
 0.21509445 0.29992896 0.28095675 0.30400845
 0.20634933 0.39990765 0.2705025 0.35269994
 0.20506468 0.3273561 0.27233765 0.25068307
 0.23694408 0.26756805 0.2598863 0.262042
 0.2155995 0.42249107 0.2491088 0.34077945
 0.2727149 0.4797327 0.32060438 0.3769509
 0.2618027 0.8104811 0.2974054 0.6104803
 0.25051406 1.0635405 0.37858272 0.7703731
 0.27112955 0.94713956 0.23861909 0.83599263
 0.27105206 0.64405996 0.25973344 0.6033614
 0.43524104 0.49043465 0.24258001 0.4433937
 0.46890754 1.0229378 0.29781243 0.96543807
 0.258573 0.850687 0.25300026 0.5143174
 0.27589265 0.7077022 0.302879 0.6157357
 0.27646023 0.7179152 0.3037224 0.53916234
 0.3581116 0.75184745 0.4095261 0.571587
 0.37506613 0.78906024 0.3479951 0.72312427
 0.38279936 0.4839546 0.4166735 0.4996004
 0.3479999 0.55751413 0.40146637 0.57832175
 0.4222935 0.5231379 0.47295102 0.5154912
 0.3813724 0.6309092 0.33104366 0.60102254
 0.28712565 0.6827651 0.38330626 0.47975713
 0.38625583 0.76393235 0.38160968 0.76263314
 0.331509 0.7398562 0.48801047 0.32375902
 0.2522065 0.554909 0.18527472 0.40761015
 0.2434982 0.42873803 0.13653189 0.2510332
 0.25225645 0.53621787 0.18700914 0.34853244
 0.23775065 0.4051404 0.18272617 0.2173451
 0.3082436 0.5209966 0.3144975 0.3088682
 0.4863084 0.42051354 0.5150323 0.267151
 0.6205565 0.41592008 0.51724714 0.3276526
 0.5018814 0.4209473 0.38585526 0.36529705
 0.41866374 0.36192507 0.40293044 0.29032356
 0.39836302 0.28628522 0.26462185 0.24617264
 0.33730936 0.24530432 0.22276862 0.19431815
 0.34640646 0.22900215 0.2698598 0.19617897
 0.37414983 0.22579014 0.38999704 0.15554371
 0.3333335 0.21342751 0.37113574 0.18548268
 0.29737502 0.19325486 0.32518193 0.18367535
 0.27874807 0.18205038 0.28929174 0.16603877
 0.30776384 0.17950794 0.30691567 0.119606435
 0.31272227 0.13398702 0.3229088 0.09083614
 0.30594423 0.11560702 0.32605729 0.08931845
 0.4362352 0.1190477 0.46697867 0.10632763
 0.5456861 0.12048201 0.5897735 0.11758099
 0.46063167 0.10802476 0.5123469 0.110635854
 0.38828695 0.11217956 0.45574495 0.11981535
 0.39168856 0.08170825 0.47605368 0.09437213
 0.4051571 0.05319153 0.49276987 0.070295185
 0.45378056 0.053763486 0.53640425 0.071318485
 0.57193875 0.06272407 0.6973834 0.08323163
 0.7215675 0.06272407 0.8473112 0.08307143
 0.62364686 0.06272407 0.72690064 0.08321833
 0.4718048 0.06340585 0.5264858 0.08461859
 0.45196065 0.063868664 0.5029512 0.08566869
 0.36276668 0.064102605 0.40649635 0.08581817
 0.7128364 0.055147104 0.82030314 0.07370655
 0.8000801 0.0555556 0.9419276 0.074109875
 0.6734901 0.055762123 0.8793976 0.074254006
 0.14984667 0.03745321 0.19200748 0.049830306
 0.1190477 0.01886794 0.16034526 0.025094092
 0.12048201 0. 0.1571928 0.
 0.12121221 0. 0.15182644 0.
 0.12121221 0. 0.14489073 0.
 0.09146348 0. 0.10449593 0.
 0.0920246 0.013812165 0.1021729 0.020212254
 0.062111847 0.054644853 0.06864216 0.08086096
 0.062500045 0.08108114 0.07013753 0.12060194
 0.045180757 0.07978729 0.061035674 0.119004875
 0.07575763 0.07978729 0.102329865 0.11864013
 0.095484175 0.09308517 0.13028742 0.13826051
 0.11271594 0.09308517 0.15486073 0.13790667
 0.12887272 0.09358296 0.17853023 0.1388343
 0.13031529 0.2966103 0.18269381 0.44129986
 0.1296142 0.2966103 0.18255363 0.44319946
 0.1282105 0.22435911 0.18120702 0.31616867
 0.13029464 0.22435911 0.18277697 0.31756
 0.12905385 0.24677165 0.17490448 0.34780785
 0.12989213 0.27174336 0.1752781 0.39063692
 0.1299579 0.26528817 0.17604798 0.3825192
 0.13245043 0.26500338 0.17927359 0.3820349
 0.09847213 0.21938321 0.13242899 0.30154064
 0.18617032 0.21938321 0.19525875 0.2985562
 0.19060847 0.2038329 0.2018234 0.26845258
 0.20907955 0.20202032 0.2244683 0.26481512
 0.20739982 0.19407909 0.22134589 0.25516143
 0.27313617 0.17041998 0.28533438 0.22188118
 0.32498875 0.17700395 0.33660945 0.23421443
 0.34041563 0.23569961 0.34787917 0.3376155
 0.38217297 0.25339288 0.35227716 0.36798915
 0.41919202 0.255682 0.3584319 0.37476426
 0.55885184 0.254695 0.45731017 0.38088688
 0.58623195 0.32030943 0.5057168 0.40619966
 0.5233517 0.32508385 0.474524 0.40663543
 0.51619446 0.33480614 0.48027638 0.42000738
 0.5677007 0.7184486 0.5163881 0.9095728
 0.521302 0.747826 0.48052084 0.9457276
 0.5341882 0.28922522 0.4941668 0.36253637
 0.47894755 0.31113562 0.4439413 0.39359388
 0.4686603 0.38675746 0.42404884 0.4975653
 0.47248822 0.38539135 0.41040272 0.49298462
 0.44433212 0.45932165 0.44359842 0.5855844
 0.33333355 0.4853167 0.46380067 0.6322115
 0.3397438 0.2726348 0.44283995 0.34059295
 0.39215702 0.28284165 0.4640282 0.3506723
 0.37735862 0.26292697 0.4177205 0.32156876
 0.39215702 0.22159557 0.43100673 0.28038165
 0.47812518 0.19125096 0.54675287 0.24284938
 0.4400804 0.19193117 0.5127881 0.24417119
 0.46474367 0.19193117 0.57789373 0.24374007
 0.5219675 0.19180647 0.67379093 0.24065463
 0.6267456 0.18533565 0.8302345 0.23022743
 0.483234 0.18651131 0.62592787 0.23233865
 0.40649843 0.2122825 0.5232769 0.2619366
 0.40350288 0.44775596 0.5377647 0.5478716
 0.66607076 0.38828993 0.80770725 0.4794739
 0.52039546 0.32827538 0.6664437 0.41654798
 0.62861425 0.14951691 0.75884616 0.19523935
 0.48599482 0.14912005 0.6213376 0.19843599
 0.5106714 0.14850762 0.6525513 0.19794464
 0.41211027 0.14294381 0.53376216 0.18873705
 0.3576977 0.14294381 0.46483743 0.18698266
 0.40609986 0.14372052 0.51084226 0.1868752
 0.36803314 0.13489094 0.45032668 0.17489843
 0.33428177 0.0932541 0.39252496 0.1207948
 0.27796733 0. 0.330495 0.
 0.11829402 0. 0.15433411 0.
 0.07056457 0. 0.10274197 0.
 0.07113826 0. 0.10340951 0.
 0.083333395 0. 0.121015616 0.
 0.07383972 0.020242931 0.10705596 0.032094304
 0.074152604 0.050000034 0.10752978 0.079988554
 0.07510735 0.049800836 0.10913378 0.07898198
 0.07608701 0.059761006 0.11055588 0.09475029
 0.05530978 0.060000043 0.080333896 0.0953728
 0.056053855 0.07000005 0.08129058 0.11155086
 0.02304149 0.07000005 0.033477318 0.111853674
 0. 0.07000005 0. 0.11155738
 0. 0.070281185 0. 0.111968696
 0. 0.070281185 0. 0.11206084
 0. 0.14563116 0. 0.22857052
 0. 0.19434208 0. 0.2970667
 0. 0.20042686 0. 0.3017004
 0. 0.20724635 0. 0.3123705
 0. 0.34486908 0. 0.5405151
 0. 0.28871775 0. 0.39088356
 0. 0.16834408 0. 0.22413214
 0.026737988 0.1677504 0.029127786 0.24182601
 0.054644853 0.16875896 0.061925393 0.2422175
 0.06983245 0.15520957 0.09072608 0.22205925
 0.07022477 0.15664443 0.10042611 0.23622209
 0.12541059 0.14230536 0.17100912 0.12404957
 0.14317644 0.11847408 0.19155844 0.08141583
 0.1936433 0.11374917 0.25856692 0.0869961
 0.18940492 0.1103673 0.2490425 0.058331575
 0.16938445 0.11070271 0.22249101 0.081531316
 0.27306297 0.054347865 0.33259842 0.049766812
 0.26997262 0.13375577 0.36413693 0.09481546
 0.33670166 0.13678014 0.45751193 0.12677248
 0.55394703 0.13998957 0.75968105 0.1530866
 0.433165 0.14471643 0.43386692 0.18710211
 0.36657193 0.22773126 0.3723007 0.19377404
 0.4730906 0.15240657 0.43203348 0.22197394
 0.54390216 0.1494478 0.59699035 0.24743551
 0.32546112 0.18708785 0.39811903 0.19066358
 0.33681664 0.2149047 0.5116974 0.20771155
