 0.8383881 1.1503797 0.707932 0.8487355
 1.1145508 0.9976193 0.98135924 0.7763767
 1.2116305 1.0121435 1.0979828 0.8149186
 0.85892725 0.98636645 0.8350334 0.77878445
 0.94983274 0.6382335 1.1183248 0.5582345
 0.9619406 0.76515156 0.9261099 0.7474887
 1.0820994 0.74563396 1.0432605 0.6051117
 1.6573797 0.63027596 1.823207 0.4831883
 1.5029789 0.5607951 1.6594036 0.447844
 0.88693416 0.49833053 0.9443327 0.42955238
 0.66642916 0.6749164 0.5783423 0.56408864
 0.6999223 0.7438066 0.61879593 0.62285393
 0.7641363 0.5324265 0.6820175 0.47596034
 0.61287963 0.40332922 0.6206061 0.3339622
 0.62053 0.40271148 0.610819 0.333021
 0.4501039 0.40884456 0.40489578 0.37259215
 0.47349444 0.43176037 0.3969355 0.4065434
 0.43866196 0.58974373 0.36948088 0.5075076
 0.29783702 0.6010454 0.25395694 0.52364784
 0.22092345 0.77694404 0.19757135 0.71190965
 0.20408174 0.7921876 0.20219184 0.74924594
 0.20833346 0.7764517 0.22613586 0.72496504
 0.2013301 0.84639037 0.23344876 0.7711014
 0.12025909 0.81374025 0.15903343 0.7472857
 0.10869573 0.84982455 0.14700428 0.8519483
 0.111731924 0.6105665 0.15059443 0.6516111
 0.116959155 0.5420256 0.15942006 0.5717089
 0.116959155 0.7981742 0.16213295 0.7301506
 0.12048201 0.9395744 0.16799279 0.8836418
 0.11437917 0.6707131 0.1595909 0.66272026
 0.09358296 0.98539066 0.15878956 0.9529548
 0.10526323 0.86784667 0.17872018 0.8713556
 0.10526323 0.840803 0.17835945 0.83558476
 0.104712114 0.34027794 0.17746024 0.3746634
 0.09020625 0.5125202 0.15293726 0.5350318
 0.09308517 0.22583039 0.15760252 0.299947
 0.12250968 0.16512002 0.18447153 0.26967242
 0.14622037 0.16666678 0.2067235 0.28210127
 0.14893034 0.17241392 0.2110665 0.2923774
 0.1485438 0.15486735 0.2101904 0.26183793
 0.15417469 0.1814777 0.21878266 0.2920749
 0.15207383 0.18353187 0.21596935 0.21703672
 0.15386355 0.1932837 0.21983409 0.23784254
 0.15073222 0.22756612 0.21554479 0.2684253
 0.15084083 0.23012991 0.2163486 0.24760702
 0.14227653 0.24816191 0.20195471 0.24027352
 0.17538913 0.24302106 0.2317128 0.2375553
 0.20735434 0.27678585 0.2617865 0.26559353
 0.20600314 0.32256266 0.2611888 0.30952984
 0.24437694 0.39423656 0.3044844 0.41748437
 0.29279298 0.41514057 0.3535071 0.4334339
 0.3160357 0.42982474 0.40853035 0.430061
 0.3236969 0.61764514 0.43100336 0.6128043
 0.3398836 0.73076916 0.46292645 0.71318465
 0.38493842 0.42613643 0.5407831 0.42218822
 0.4065 0.2439026 0.5754578 0.2397397
 0.38036388 0.24089897 0.53605014 0.26021692
 0.73261005 0.23703209 0.86778575 0.28732747
 0.97875535 0.24080281 1.1136695 0.3102806
 0.64153004 0.1970052 0.7727053 0.33264926
 0.5008203 0.23333351 0.61734354 0.39836034
 0.2668489 0.23773536 0.36473885 0.40476778
 0.2997837 0.26036364 0.3547184 0.40437484
 0.33128864 0.31548437 0.37849793 0.32585773
 0.3528619 0.34551805 0.42506748 0.40497246
 0.37797797 0.34522602 0.4509856 0.40830415
 0.38727152 0.36764202 0.45869344 0.40911603
 0.38036734 0.5510696 0.46939406 0.7317948
 0.41316557 0.6465721 0.5057295 0.9124551
 0.379348 0.46460494 0.5072105 0.6508939
 0.53486323 0.22939844 0.6232368 0.30925527
 0.5536753 0.16631141 0.692758 0.22531588
 0.7132354 0.16547205 0.8441265 0.22031172
 0.78125 0.16867697 0.8896444 0.22727779
 0.73080075 0.14449632 0.8693575 0.18264577
 0.49282438 0.124977276 0.5823821 0.14813438
 0.6861703 0.09316455 0.8821603 0.10773226
 0.5636647 0.09219104 0.70423365 0.12682915
 0.23866776 0.103278995 0.2973958 0.1418793
 1.0167339 0.10512388 1.2517014 0.13695402
 0.68634474 0.10620924 0.8823164 0.13494879
 0.47586793 0.10718159 0.62134564 0.13807043
 0.5341593 0.10732931 0.6701194 0.14000468
 0.52298146 0.10848609 0.63137245 0.14376575
 0.41865548 0.09824018 0.46655175 0.12876208
 0.35480875 0.098628834 0.38188305 0.12855397
 0.34019455 0.059400488 0.37548143 0.07914789
 0.36539632 0.029761929 0.43333647 0.048769236
 0.3849208 0.04940715 0.43880486 0.08088536
 0.38587934 0.0686275 0.41623777 0.11231798
 0.30303043 0.0686275 0.33408552 0.11233906
 0.2642464 0.06835942 0.30303103 0.1119111
 0.2181251 0.068093434 0.26491517 0.11142499
 0.14112914 0.06835942 0.18485615 0.11178081
 0.14344272 0.068093434 0.1866658 0.1113975
 0.14448935 0.06835942 0.18700987 0.11183968
 0.14112914 0.102783106 0.18420823 0.16578536
 0.14112914 0.18715021 0.18396607 0.2930187
 0.14112914 0.18317863 0.18379301 0.28607476
 0.14112914 0.1848068 0.18354924 0.2877291
 0.23969543 0.1848068 0.3116004 0.283393
 0.5000001 0.18329439 0.64888424 0.2803384
 0.34313738 0.18491867 0.44477144 0.28553867
 0.34313738 0.2128313 0.44484803 0.29856473
 0.26986888 0.27337983 0.35627493 0.35900432
 0.24938588 0.30599767 0.3304572 0.38981035
 0.22139779 0.3222497 0.2936238 0.3978142
 0.1950759 0.37258464 0.25957027 0.45245448
 0.16783229 0.42301568 0.22444116 0.50102544
 0.12323953 0.4900144 0.16517861 0.6000745
 0.12500009 0.40923294 0.16740313 0.50539374
 0.12773731 0.32653078 0.1709877 0.41798094
 0.0555556 0.30491823 0.089891806 0.39643583
 0.06529856 0.25721064 0.10568998 0.31233752
 0.06529856 0.2704176 0.105688244 0.25939775
 0.06603779 0.27475858 0.10685286 0.29330432
 0.08295461 0.29506236 0.13105065 0.3221497
 0.10027248 0.32322317 0.15556261 0.3487216
 0.09935905 0.3345961 0.15160197 0.33980107
 0.09930588 0.3474277 0.15097404 0.35282314
 0.09939374 0.39807397 0.1505482 0.40181893
 0.088415526 0.41930953 0.13159898 0.4235111
 0.06895 0.28563634 0.10178358 0.3300208
 0.049342148 0.24021879 0.0681882 0.30483353
 0.04918037 0.24250455 0.0664129 0.31149912
 0.09136973 0.2439026 0.13620913 0.3117375
 0.10256004 0.2500392 0.15546057 0.31569675
 0.11857128 0.24227352 0.1844893 0.3248462
 0.11702944 0.3239254 0.18237408 0.44765884
 0.11662688 0.349309 0.18117745 0.4780484
 0.11078708 0.36201945 0.17303364 0.48441765
 0.09345802 0.35161766 0.14941332 0.4266249
 0.17040098 0.38356808 0.176546 0.50410825
 0.18310706 0.5930406 0.25598907 0.7705858
 0.36188206 0.17823835 0.37732518 0.25940984
 0.40446347 0.30502707 0.48385206 0.3565
 0.40365452 0.18491903 0.4073013 0.2432802
 0.24332356 0.2594023 0.3056392 0.28989792
 0.29260433 0.1415095 0.40807492 0.17665885
 0.21496661 0.27409142 0.28558832 0.23386842
 0.3712783 0.21788044 0.5117225 0.27322537
 0.44256765 0.3238302 0.54435235 0.33122173
 0.46966553 0.2555563 0.5668723 0.28930843
 0.45880944 0.24126117 0.5768603 0.2703709
 0.3445756 0.24796554 0.4427045 0.28591016
 0.28772935 0.43790612 0.34931505 0.51374006
 0.66966426 0.69986475 0.8451857 0.8393969
 0.8541667 1.0072305 1.1699442 1.1351163
 0.7403667 0.66692847 1.0138965 0.7895089
 0.32516906 0.8333334 0.42004046 0.8693457
 0.40723094 0.7161881 0.53909385 0.81060463
 0.5337459 0.7209555 0.721277 0.6736533
 0.5970031 0.6013335 0.79874086 0.3869802
 0.58238643 0.45201167 0.7179345 0.39737895
 0.59207475 0.49262023 0.697901 0.50078005
 0.6931035 0.55014443 0.7500025 0.57997674
 0.68998474 1.1704271 0.72502834 1.2919558
 0.59976256 0.74126035 0.6245247 0.8129967
 0.6155737 0.8137962 0.62775284 0.91474855
 0.93526953 0.9644033 0.9325029 1.0898368
 1.06307 0.5337304 1.0040311 0.53028107
 1.3185608 0.513889 1.1612101 0.51713526
 2.0095165 0.60804266 1.7127447 0.6297474
 1.4672481 0.34031504 1.2555087 0.4251455
 1.2656424 0.33166912 0.7778307 0.39953595
 1.0775166 0.3681132 0.8743938 0.36878633
 1.0513775 0.4809317 0.89267457 0.34797573
 1.5745842 0.5423445 1.1709698 0.4385573
 1.4709324 0.5750598 1.0683799 0.62782604
 1.898708 0.584154 1.4452825 0.5546582
 1.633847 0.55457044 1.3507825 0.4415704
 1.1417294 0.39943624 0.93760794 0.2653115
 1.7200906 0.49422818 1.2849187 0.23801689
 1.6619737 0.36234125 1.1089861 0.2988222
 1.2814456 0.40773106 1.0961472 0.43076319
 1.5875893 0.43548685 1.220699 0.39145458
 1.2241342 0.608379 1.0767475 0.6172941
 1.4289358 0.5328284 1.1743815 0.5748853
 0.8556205 0.48947716 0.5424445 0.53200483
 0.7654795 0.35790613 0.6836444 0.36441162
 0.5449358 0.5169333 0.5146923 0.40582964
 0.75259817 0.53703713 0.692613 0.56081533
 0.6335853 0.5433329 0.58433646 0.5648968
 0.58507407 0.3774116 0.5695685 0.4797158
 0.6055853 0.2686405 0.63096344 0.33646873
 0.45652938 0.29892454 0.5079954 0.35345703
 0.3480251 0.35260314 0.39618108 0.40363953
 0.39461303 0.6119188 0.46320903 0.67160785
 0.41698542 0.53167444 0.4701941 0.62741613
 0.37265748 0.64149666 0.4279067 0.76791495
 0.31417292 0.5114944 0.32971334 0.6381914
 0.45192084 0.7098875 0.5034128 0.91877687
 0.4704187 0.99933165 0.5496382 1.2894235
 0.35983038 0.47674578 0.38762462 0.6315249
 0.2899088 0.4555447 0.29889986 0.6271498
 0.37840146 0.6032128 0.33771986 0.83859897
 0.2779644 0.758468 0.27925462 1.0601856
 0.42219996 0.6998308 0.451476 0.82065904
 0.4072214 0.7143904 0.44754314 0.8634966
 0.54004556 0.7206392 0.57296485 0.9046536
 0.47688913 0.70540637 0.5267062 0.7911943
 0.53455997 0.5589746 0.5839232 0.59037
 0.6822159 0.761225 0.75184125 0.7278325
 0.61801004 0.7576555 0.66614825 0.73621225
 0.62805164 0.97295845 0.6658727 0.85221994
 0.79545486 1.1343834 0.82806486 0.85693234
 1.1914682 1.0244951 1.308067 0.6356506
 1.0184016 1.5730455 1.1821526 1.1053221
 1.0183005 1.0507686 1.1731321 0.86213654
 0.41288576 1.4214783 0.46706495 1.2225006
 1.095238 1.282164 1.1925536 1.1775166
 0.8875001 1.6099584 0.9655065 1.3177032
 1.2793837 0.34846562 1.4196727 0.28299046
 0.86180127 0.36454397 1.018799 0.33199155
 0.67994523 0.38316795 0.78990865 0.38183782
 0.48352498 0.4018289 0.5991113 0.42447034
 0.5417875 0.46329474 0.65655315 0.51169586
 0.6531831 0.36089033 0.7476798 0.42671242
 0.60012394 0.2224993 0.7036228 0.2895868
 0.912546 0.24078837 1.0557727 0.31418458
 0.8579825 0.3283829 0.981485 0.39362812
 1.2184777 0.331822 1.3470376 0.40093157
 0.3138466 0.36143306 0.29655948 0.4142975
 0.49622488 0.531023 0.4861353 0.5594602
 0.53762305 0.50282854 0.57880414 0.51306236
 0.6942564 0.6023435 0.73954684 0.5790636
 0.78256047 0.7223942 0.91579366 0.6224703
 0.43243855 0.71369815 0.5233433 0.5749286
 0.4598903 0.506958 0.57880986 0.363691
 0.4362669 0.51448536 0.5456184 0.32557726
 0.37770584 0.5000001 0.47368783 0.31224203
 0.3905983 0.53768766 0.47434103 0.33107042
 0.4414606 0.7322869 0.5601746 0.48878062
 0.45116526 0.85011595 0.5709575 0.6197396
 0.43069202 0.5508182 0.5420235 0.5054623
 0.42680287 0.53105605 0.5364509 0.5091617
 0.4238708 0.52661574 0.5443371 0.5531428
 0.8943555 0.6668786 1.0343124 0.6079899
 0.5248018 0.93854105 0.60393363 0.94632494
 0.43810892 1.1192095 0.51777846 1.1007006
 0.4292059 0.5106632 0.55054635 0.58920103
 0.4456795 0.5207511 0.5732311 0.5845292
 0.5017725 0.51105076 0.6057988 0.5733348
 0.47201592 0.50407326 0.5675991 0.55772716
 0.50245106 0.49726933 0.6101021 0.5673142
 0.5212109 0.3978824 0.64789957 0.5353655
 0.41294676 0.34687635 0.46852586 0.5225733
 0.7080077 0.37029693 0.79468393 0.54840046
 0.602625 0.44579005 0.69400436 0.5955562
 0.28177238 0.5091466 0.29540586 0.5351854
 0.26901022 0.4196047 0.28455767 0.4029579
 0.25989285 0.39993393 0.364794 0.39320615
 0.2942039 0.38070577 0.42523566 0.3756759
 0.42914754 0.38245007 0.5280153 0.37764475
 0.522483 0.35982338 0.62656105 0.36327824
 0.74671596 0.3605265 0.8239795 0.36789545
 0.50948757 0.33733454 0.56394184 0.34664887
 0.5139309 0.27962875 0.5596788 0.27975327
 0.76889706 0.23494425 0.8562004 0.24427278
 0.8855875 0.23743603 0.98895067 0.2509154
 1.0354853 0.24076125 1.1558853 0.26631552
 0.83523977 0.24734707 0.9004806 0.27553704
 0.29325727 0.24749708 0.31387854 0.28519133
 0.29766032 0.2532509 0.32266504 0.2924306
 0.3598486 0.36022896 0.3935508 0.4167587
 0.3796711 0.52085394 0.42101452 0.64241594
 0.2698536 0.6441791 0.32123342 0.80366546
 0.152172 0.81272256 0.20450142 0.9640276
 0.13605452 0.74408776 0.18976769 0.75067216
 0.138889 0.6850063 0.1913646 0.721127
 0.14285725 0.46515164 0.19793318 0.5078392
 0.14747357 0.5098636 0.20663781 0.5746714
 0.15151528 0.33417755 0.21489125 0.34978926
 0.2284849 0.31007108 0.31000134 0.37385616
 0.23130357 0.50199294 0.31375867 0.5722283
 0.23130357 0.6349208 0.31220156 0.6720021
 0.24195676 0.55310476 0.32628864 0.5767289
 0.25114483 0.7614516 0.3387331 0.76359314
 0.2920065 0.7198101 0.39224982 0.7461992
 0.26603255 0.8057976 0.3590425 0.88303155
 0.23945513 0.66228086 0.32620388 0.71886605
 0.17424722 0.77990437 0.24192543 0.84717786
 0.17699125 0.64078295 0.24345697 0.6755633
 0.17699125 0.72357464 0.24269001 0.7465064
 0.18668166 0.7714146 0.25728557 0.8128158
 0.19777605 0.8396014 0.2741447 0.872469
 0.21505392 0.9008361 0.29872113 0.96370655
 0.21978036 0.45109048 0.3078198 0.4448175
 0.2061857 0.41709024 0.28763294 0.39881545
 0.12121221 0.39993253 0.16372278 0.3775193
 0.15390763 0.36201987 0.20631681 0.35619512
 0.15300371 0.36580902 0.20495181 0.3696994
 0.15279037 0.46271706 0.20598438 0.49174082
 0.15196033 0.48780504 0.20620762 0.50882715
 0.14638154 0.4440241 0.19886066 0.4830982
 0.14721552 0.44310826 0.20071532 0.5142568
 0.22676101 0.34172922 0.33382836 0.45317727
 0.23047256 0.36779886 0.3401563 0.4645558
 0.22948483 0.26862788 0.33850503 0.31457287
 0.2567523 0.29907304 0.37622753 0.38635364
 0.40366197 0.30563396 0.5927056 0.40767777
 0.4020289 0.30968484 0.5869965 0.35353366
 0.4020289 0.34980178 0.58584154 0.36478907
 0.29171282 0.34352311 0.42228538 0.36331007
 0.18031028 0.3611183 0.25677437 0.39004275
 0.17715856 0.39114136 0.2534624 0.38789147
 0.17447236 0.44060573 0.25074485 0.39810777
 0.17447236 0.46997896 0.25130254 0.47052804
 0.16610195 0.52183217 0.24381113 0.51960945
 0.1532204 0.71600884 0.23323798 0.80018145
 0.14583345 0.73593074 0.22405055 0.88280284
 0.14467603 0.53571445 0.2220975 0.6478466
 0.15213285 0.3314395 0.21878132 0.40184546
 0.15692651 0.24639435 0.204946 0.30070868
 0.16606897 0.19417487 0.20614153 0.24074954
 0.18661846 0.19607857 0.2112809 0.24166086
 0.20210609 0.1980199 0.22319825 0.24276929
 0.24605362 0.2061857 0.2775851 0.3135048
 0.37382165 0.21739142 0.41518518 0.3284347
 0.5680291 0.22471924 0.6281215 0.33707255
 0.607805 0.38854545 0.671327 0.5885896
 0.39649275 0.495752 0.43040702 0.7496815
 0.38405818 0.18469892 0.4180154 0.2701367
 0.44694787 0.1669312 0.57305574 0.23827535
 0.51767695 0.16405527 0.6590703 0.23656149
 0.7571428 0.1593652 0.90170914 0.23470406
 0.467346 0.15942591 0.5468538 0.23934296
 0.40800476 0.13661043 0.4820912 0.20702234
 0.62770575 0.11684791 0.6967735 0.18080585
 0.7073865 0.090763465 0.78815615 0.13825455
 0.37048978 0. 0.49757588 0.
 0.5059526 0. 0.6689383 0.
 0.4202698 0. 0.57567275 0.
 0.40309 0.026178028 0.5804199 0.037864745
 0.45604405 0.052083373 0.6506806 0.07538534
 0.12237771 0.07812506 0.1850321 0.113126844
 0.12589936 0.07812506 0.19017673 0.113066964
 0.12867656 0.104166746 0.19427502 0.15059923
 0.13358788 0.104166746 0.2016696 0.15013418
 0.13223462 0.103627026 0.20278576 0.14813222
 0.13189265 0.104712114 0.19489674 0.14727846
 0.16215742 0.22547635 0.23362514 0.31866848
 0.16713232 0.3507257 0.22731547 0.4902875
 0.16203555 0.4177007 0.22157969 0.57706773
 0.16103403 0.39722592 0.22229397 0.5460334
 0.19153036 0.270468 0.26740098 0.38937008
 0.21507783 0.23048063 0.30382904 0.3414911
 0.24128397 0.21012783 0.3502098 0.31165722
 0.2613429 0.17142114 0.3607872 0.2562513
 0.27872977 0.1294123 0.36852968 0.19222526
 0.28399968 0.109890185 0.36861756 0.16771115
 0.72300905 0.11049732 0.8702845 0.16990565
 0.34885547 0.096153915 0.45200768 0.14729166
 0.36835903 0.0815218 0.4392929 0.124595456
 0.36536393 0.06793483 0.43266886 0.10370093
 0.3790785 0.11575766 0.441478 0.16737415
 0.37105134 0.15164782 0.42174625 0.22009061
 0.3579062 0.1507648 0.41216588 0.22117211
 0.38280818 0.16917965 0.4514646 0.25289288
 0.38449866 0.16998115 0.45321333 0.25128248
 0.39351875 0.17090815 0.45728263 0.23770882
 0.40524444 0.18316713 0.47272858 0.21955082
 0.47628728 0.3148237 0.6035926 0.42686263
 0.53092086 0.8406547 0.70890784 1.0073491
 0.3549579 0.78022313 0.5191941 0.8704652
 0.18817464 0.46753258 0.28824002 0.53352594
 0.17974555 0.42863673 0.28832722 0.46600217
 0.18575934 0.8490321 0.29063717 1.0152924
 0.1860388 1.2827382 0.2843956 1.5994772
 0.19709983 0.64865905 0.29718176 0.86944544
 0.19664334 0.39870703 0.2990367 0.5763081
 0.2797795 0.43283063 0.42876008 0.599968
 0.3122106 0.42133173 0.46305808 0.5714894
 0.30482993 0.35436934 0.43442252 0.459718
 0.31339535 0.4866423 0.4404253 0.5290374
 0.31348324 0.60242945 0.43254253 0.48787722
 0.31083074 0.6563058 0.42162362 0.5328861
 0.31927413 0.6607232 0.42990494 0.50922805
 0.6079722 1.2326803 0.79788154 0.7784074
 0.29144108 1.2635282 0.36870912 0.81635725
 0.30753508 1.1634457 0.39919308 0.93673307
 0.37257484 1.0075016 0.49517596 0.7798376
 0.591575 1.2386886 0.75052583 0.9013011
 0.9356062 0.9254983 1.1515285 0.67017436
 0.7500722 0.77764004 0.7516969 0.5710101
 0.43283048 1.1163002 0.45974988 0.68092436
 0.342713 1.1364589 0.309636 0.76709944
 0.52574587 0.6882378 0.40300038 0.44806328
 0.4319674 1.1937443 0.4391297 0.9166007
 0.41088232 0.6987707 0.49364308 0.6552914
 0.3500991 0.9474295 0.40840504 0.8536055
 0.49486947 0.9286109 0.6590106 0.88958716
 0.5868904 1.0042822 0.74941564 1.0420674
 0.39597425 1.2717497 0.48515436 1.3519732
 0.5080166 0.92849386 0.63691795 0.95189863
 0.56335706 0.81924325 0.6022123 0.8184508
 0.69347197 0.6989791 0.86506146 0.67133546
 0.50947 0.40324712 0.644636 0.4559702
 0.42482963 0.46031132 0.43091047 0.5063639
 0.6945653 0.6958334 0.881987 0.6791621
 0.3840114 0.9543654 0.5149872 0.9404029
 0.5442136 0.38994482 0.6511849 0.43090144
 0.36718768 0.5320342 0.5197369 0.54389936
 0.49291 0.4093569 0.62454283 0.45586804
 0.40768394 0.24108624 0.5023574 0.20134552
 0.42903748 0.268933 0.5244385 0.33173072
 0.34090927 0.44810933 0.4521976 0.49671406
 0.33698645 0.4066256 0.46249974 0.4163127
 0.33793315 0.34673 0.47357196 0.32491904
 0.68958825 0.2892096 0.74261403 0.35798466
 0.7128702 0.26796514 0.86029905 0.25027835
 0.8633381 0.3956626 0.89565235 0.4443531
 0.8125938 0.40771383 0.91483957 0.4991434
 1.0527308 0.43420482 1.0467244 0.5331445
 0.63693017 0.41327053 0.7086915 0.44054994
 0.6205961 0.44224286 0.61954737 0.5575509
 0.6927084 0.488942 0.7731036 0.47296965
 0.34941822 0.34821445 0.28669423 0.38287815
 0.50947577 0.3472529 0.5928277 0.35977283
 0.59030294 0.28640366 0.6455841 0.33629858
 0.90640604 0.87401354 0.9204433 0.75986326
 1.1605208 0.6286487 1.2819707 0.60498923
 0.79423416 0.4301196 0.87134296 0.42606297
 0.6519027 0.27700764 0.78317344 0.30750334
 0.60454005 0.32114905 0.74290675 0.34725663
 0.93506324 0.32822183 0.96029395 0.29560786
 0.8315582 0.32772547 0.87280506 0.33031166
 1.1058348 0.31837234 0.9105902 0.34315807
 1.0993344 0.28585905 0.7697006 0.32540083
 1.4791722 0.22181153 1.3452843 0.28728396
 1.8788471 0.18554401 1.6772894 0.26912192
 1.4659092 0.18593642 1.2023407 0.26565894
 1.5005463 0.19123103 1.2111578 0.27209073
 1.0291483 0.23281212 0.7227479 0.34204954
 1.0073683 0.28388056 0.7275516 0.42674968
 0.66099846 0.3177192 0.5615245 0.48257002
 1.0309963 0.29149505 0.9439927 0.45226315
 0.9081222 0.25944686 0.8766299 0.407159
 1.0707744 0.25126082 0.9793023 0.39958784
 1.2557234 0.20860533 1.0629995 0.28210565
 1.0250862 0.18369189 0.87514496 0.20096315
 0.83647233 0.19096847 0.57159364 0.2083843
 1.094846 0.18696329 0.9154396 0.20350209
 0.44021958 0.18316004 0.359071 0.19707392
 0.9897922 0.17811885 0.8447622 0.18724248
 0.45655093 0.8143116 0.43309236 0.8929864
 0.46078652 0.6624596 0.4457138 0.7333049
 0.4545456 0.64301264 0.44245932 0.728024
 0.43114987 0.59978586 0.43403292 0.6728304
 0.41666684 0.5451262 0.4314695 0.6011023
 0.28467005 0.36599895 0.30433792 0.3783005
 0.26021796 0.28352144 0.2757384 0.292729
 0.24972734 0.27924505 0.2660889 0.28718695
 0.27102923 0.2963127 0.3065708 0.30487403
 0.27374327 0.26091093 0.32107458 0.27096677
 0.61582303 0.2536233 0.6810245 0.2629342
 0.5282968 0.28569013 0.5949131 0.30389255
 0.5570116 0.3375098 0.6041756 0.35847172
 0.7403676 0.35416678 0.7444284 0.37742764
 1.144772 0.52981275 1.2118125 0.5332051
 1.0610884 0.37500015 0.98380315 0.4011969
 1.0905308 0.993059 0.9156468 0.9863855
 1.9053195 0.7888671 1.3891506 0.8732622
 1.7149277 1.0657961 1.3924297 1.2400205
 1.2819486 0.85539234 0.9812614 1.0045093
 1.5397727 0.57401645 1.0829113 0.6971232
 1.7144108 0.49892026 1.3170218 0.6060496
 1.6783072 0.5425278 1.2793052 0.6430027
 1.8598229 0.32518697 1.535829 0.35440266
 1.4153637 0.29917055 1.0773804 0.3136413
 1.5601534 0.29308078 1.188563 0.3062388
 0.7081341 0.31816 0.5304518 0.3364111
 0.91198885 0.1914064 0.652365 0.2032696
 1.4375656 0.20039694 1.1052347 0.2211625
 1.1877134 0.20015916 0.9099441 0.22451235
 0.47179833 0.2329654 0.4069493 0.2599165
 0.53716695 0.23403692 0.4611348 0.26234177
 0.51110184 0.24623866 0.49194598 0.26888174
 0.38753352 0.24440852 0.4591755 0.26557204
 0.37337676 0.2558342 0.46447042 0.27086246
 0.3692414 0.24248579 0.45169505 0.25870863
 0.40838963 1.26262 0.494882 1.3304785
 0.41739148 0.85401917 0.50180995 0.96298534
 0.44390258 0.62050855 0.53323793 0.6171478
 0.5420693 0.62309813 0.6587399 0.6236712
 1.0036075 0.5084142 1.2353543 0.5175668
 0.81367934 0.7210785 1.0147464 0.7361736
 0.6040528 0.6703515 0.72392464 0.6874492
 0.5260944 0.19637859 0.6025472 0.20703974
 0.5713521 0.19058166 0.7429275 0.20086694
 0.6045246 0.19506225 0.8351604 0.2045744
 0.41479367 0.19939381 0.52644676 0.20302434
 0.33409157 0.20262508 0.3712739 0.21481627
 0.2573531 0.20811477 0.29251042 0.23136692
 0.71428585 0.20860514 0.81158423 0.25424287
 0.29621145 0.21922159 0.35467345 0.28758967
 0.3003113 0.22649269 0.36171708 0.30916515
 0.3356014 0.2363836 0.40409175 0.3242976
 0.36331174 0.3008359 0.41786057 0.43055618
 0.3044756 0.28780144 0.33919582 0.42067957
 0.25031477 0.2993086 0.27417883 0.42764243
 0.27641323 0.35540673 0.29960564 0.48448485
 0.29131776 0.44615012 0.305625 0.5509728
 0.29183048 0.50034094 0.28659946 0.578273
 0.29537374 0.4851314 0.26975733 0.5403286
 0.29647452 0.41556215 0.3072662 0.46533015
 0.31063062 0.3676841 0.35326418 0.42591193
 0.28431392 0.29830182 0.3549149 0.36690977
 0.30429605 0.6705328 0.38484618 0.7719657
 0.31767726 0.63662946 0.4008704 0.735863
 0.34238273 0.6615354 0.43041417 0.7441723
 0.33091217 1.5173665 0.40838057 1.7438216
 0.28878763 1.6360296 0.36074948 1.829851
 0.15748042 0.75479764 0.24028496 0.8236844
 0.15748042 0.42341208 0.2403724 0.4653823
 0.15748042 0.40055737 0.2396692 0.36397746
 0.1562501 0.4196333 0.23758681 0.4110041
 0.21997738 0.4813574 0.31160116 0.51173544
 0.33844894 0.49342752 0.47005945 0.55998176
 0.33461624 0.43140307 0.4657465 0.4705317
 0.30972838 0.42154008 0.4294889 0.45894426
 0.25929502 0.35834733 0.36136433 0.39207545
 0.25656503 0.2966103 0.35036293 0.3102115
 0.2285626 0.32258075 0.29788727 0.34446552
 0.1903235 0.30519956 0.23918675 0.3216529
 0.17478366 0.6045168 0.23248398 0.6977112
 0.16904965 0.44452816 0.22494906 0.5187292
 0.15757963 0.4501331 0.21986613 0.52917665
 0.16013053 0.453588 0.22426707 0.45506907
 0.15977457 0.5076592 0.2332698 0.4817434
 0.10937508 0.56717056 0.17817946 0.53554213
 0.16960175 0.8377035 0.19914512 0.6195368
 0.14705893 0.8662205 0.19296502 0.7313175
 0.20634449 0.615301 0.21493046 0.56481445
 0.21853945 0.571916 0.2322062 0.47947633
 0.269626 0.6231944 0.30969435 0.6348917
 0.366114 0.5480982 0.45850495 0.6028655
 0.45343107 0.3870194 0.4787865 0.39226604
 0.2358009 0.7156766 0.34164864 0.7227097
 0.26479048 0.695278 0.4076681 0.6899962
 0.26602575 1.0573947 0.48220414 1.0969061
 0.24679053 1.6591358 0.40818146 1.9664668
 0.24655521 1.4871433 0.35004818 1.7208098
 0.2172257 1.4005104 0.2744141 1.5076785
 0.11623504 1.3694252 0.15089646 1.4943205
 0.0952429 1.3880514 0.1442472 1.5394546
 0.11383744 0.9228667 0.17606528 1.0984948
 0.112002455 0.4614907 0.17424022 0.5882183
 0.11000241 0.49261785 0.16548567 0.6259717
 0.12316303 0.4684573 0.18240683 0.5881498
 0.12004242 0.2938176 0.17226861 0.36564216
 0.11716448 0.28077483 0.16266763 0.34692082
 0.1111112 0.26721352 0.14331429 0.34104913
 0.09308517 0.28381658 0.12039608 0.3513508
 0.088383906 0.2837023 0.11467897 0.3543275
 0.08663373 0.27745903 0.11272904 0.34050605
 0.07281558 0.24100442 0.094758704 0.36493745
 0.05980866 0.25500387 0.07776972 0.38260785
 0.07142863 0.4413704 0.078036286 0.652361
 0.085714355 0.6435128 0.09356253 0.94722617
 0.085714355 0.25938982 0.093609616 0.39227948
 0.10057478 0.3260565 0.10995246 0.40593854
 0.10057478 0.31941664 0.10998956 0.38864216
 0.11363645 0.31325898 0.12381018 0.3838965
 0.1111112 0.2750999 0.12044691 0.32130793
 0.21681304 0.33091804 0.23562649 0.39540243
 0.24827263 0.36616176 0.28148347 0.43898833
 0.46925068 0.39271212 0.52880543 0.4530048
 0.61680293 0.53566504 0.69956565 0.6605815
 0.8155047 0.9735277 0.9330491 1.2581955
 0.7279571 0.54740274 0.81967354 0.7035631
 0.57028353 0.9197138 0.66488147 1.1733041
 0.56594217 0.64266855 0.6659812 0.84714746
 0.53402126 0.8738723 0.67054325 1.150961
 0.8068352 0.8715375 0.9983854 1.1599594
 0.833724 0.54787123 0.9938224 0.7194236
 0.7604167 0.41674414 0.8204031 0.55220276
 1.0616062 0.33119664 1.1325502 0.45058888
 1.2838097 0.2567044 1.3099768 0.34976047
 0.81520766 0.18518531 0.8224188 0.25255668
 0.67103183 0.14205661 0.6743035 0.19088088
 0.47776538 0.11217407 0.49775478 0.14727373
 0.33247763 0.0916231 0.36841053 0.117811024
 0.23306246 0.0916231 0.27025837 0.117788695
 0.23457925 0.0916231 0.33993894 0.11775606
 0.24164896 0.0916231 0.367617 0.11775988
 0.27792543 0.0916231 0.44408295 0.11776327
 0.26797485 0.0916231 0.42238417 0.11774856
 0.29338473 0.10016732 0.46636292 0.1292579
 0.22354755 0.12323953 0.3434956 0.16040505
 0.23697317 0.12867656 0.35794482 0.16732928
 0.23951533 0.12962972 0.34658462 0.16823187
 0.31643566 0.13989452 0.4206675 0.19123171
 0.2958197 0.1487114 0.39725807 0.2129284
 0.32105094 0.15617415 0.41864055 0.23256077
 0.3125001 0.1626945 0.40032184 0.25067997
 0.35574728 0.18295318 0.44410315 0.28054208
 0.35256696 0.18391366 0.4321266 0.27519152
 0.36701545 0.18421064 0.4442386 0.26228464
 0.37810054 0.17480059 0.46185014 0.24990787
 0.35719857 0.1557577 0.44086236 0.22497249
 0.51672983 0.14244011 0.64483774 0.20726097
 0.580837 0.13565901 0.73296934 0.1982948
 0.7778877 0.13569036 0.95964736 0.1973724
 0.53634185 0.2050801 0.66856754 0.28347278
 0.57189554 0.26280758 0.7138977 0.3514136
 0.49647617 0.35079044 0.6253497 0.4551422
 0.5151516 0.30789337 0.6469208 0.3964081
 0.93985426 0.28902596 1.1773682 0.35850108
 0.801668 0.2551585 1.0242085 0.3122285
 0.8552742 0.60188144 1.0779321 0.6902022
 1.199346 0.7561037 1.5349922 0.90341055
 1.1520895 0.4053448 1.4461639 0.5234159
 0.9243776 0.21765657 1.0628694 0.31150892
 1.0357317 0.26865602 1.2243217 0.36738622
 1.1489322 0.34620547 1.3024569 0.45826185
 1.5451012 0.3362223 1.8369799 0.41988823
 1.8303576 0.3370511 1.989464 0.41238135
 1.8329678 0.33603328 1.8833147 0.4019909
 1.1242917 0.38672653 1.0081468 0.480582
 1.0262257 0.4729324 1.0049235 0.6113918
 0.84700024 0.45396838 0.8278555 0.58734345
 0.953611 0.43091226 0.9118975 0.5515735
 0.97813 0.45935616 1.0296199 0.5126934
 0.93487847 0.43934256 1.0449334 0.5650141
 0.5528711 0.8854167 0.6636307 1.1607498
 0.6057006 0.97619057 0.7284305 1.3484436
 0.6355179 0.6020239 0.75990015 0.84136415
 0.62044823 0.45778522 0.78253174 0.6514816
 0.4395035 0.53954875 0.6001301 0.7919708
 0.44847193 0.56777984 0.601728 0.8459257
 0.30636162 0.47569045 0.41244018 0.73308384
 0.37967435 0.5540818 0.5096808 0.81285375
 0.47174582 0.49237338 0.6326076 0.6337889
 0.42864513 0.395052 0.5793154 0.47601086
 0.2615149 0.83842695 0.35440138 1.0012337
 0.17937484 0.7163357 0.23275484 0.82523
 0.1795394 0.44209045 0.23056729 0.44696543
 0.17024204 0.4388199 0.22096516 0.44572634
 0.13779536 0.40357238 0.18595175 0.4317737
 0.10776887 0.15280342 0.14432506 0.16443467
 0.07608701 0.16280787 0.09655776 0.17574489
 0.07608701 0.17042503 0.09678707 0.18946086
 0.07575763 0.17189996 0.096383706 0.19719344
 0.07543109 0.17312846 0.09578579 0.20034848
 0.07510735 0.17815621 0.095218726 0.20522751
 0.07510735 0.15639125 0.09516473 0.17807946
 0.07478638 0.154762 0.094869025 0.16950078
 0.07383972 0.13902016 0.09368977 0.15190148
 0.07322181 0.15070038 0.09292886 0.16946012
 0.1270781 0.18752943 0.16140786 0.21135965
 0.24696982 0.18839458 0.31665176 0.21379401
 0.29421815 0.1840576 0.37808552 0.18919878
 0.2967493 0.15646186 0.3763282 0.1253051
 0.2908705 0.1540733 0.36564302 0.13009481
 0.29331785 1.0094612 0.36638746 1.0391228
 0.33601943 1.1479384 0.42250174 1.0354372
 0.50863874 0.39874673 0.65338755 0.5092044
 0.5280067 0.3513452 0.68814296 0.43550414
 0.6617366 0.40842304 0.85414785 0.47191542
 0.479179 0.4342081 0.6158144 0.51210344
 0.33458543 0.36794364 0.4284337 0.4955155
 0.34553388 0.33498538 0.4566707 0.43543074
 0.3919776 0.3149427 0.53974897 0.40846226
 0.4901096 0.28713873 0.636142 0.3705033
 0.41919017 0.29146156 0.5518776 0.37972894
 0.4043324 0.21971135 0.51909053 0.29155883
 0.40633106 0.18136172 0.52191806 0.24893677
 0.78301394 0.16065386 0.99352217 0.2306419
 0.503795 0.1604633 0.6542926 0.23815365
 0.4882841 0.15182196 0.60892034 0.23662208
 0.70054543 0.14391458 0.89581186 0.2183366
 0.62260944 0.11217956 0.79314846 0.1800513
 0.587243 0.11075958 0.7427276 0.18401754
 0.43525308 0.10869573 0.5433584 0.18667366
 0.36490574 0.10802476 0.45554024 0.18893233
 0.2505643 0.13671884 0.30871138 0.15998825
 0.24147752 0.13461548 0.29740405 0.15799427
 0.232488 0.12962972 0.2866872 0.15430443
 0.22141123 0.14388499 0.27353773 0.17406301
 0.27487388 0.14285725 0.34364662 0.17481814
 0.41867214 0.13044998 0.53054196 0.15952513
 0.8072419 0.11444372 1.0386789 0.1398431
 0.94187593 0.11235963 1.2266388 0.13729411
 0.93078005 0.09831467 1.2105949 0.12036287
 0.4003656 0.09831467 0.52806973 0.120467104
 0.43781018 0.09831467 0.5759916 0.12057793
 0.43781018 0.09831467 0.571174 0.12049283
 0.2932084 0.07022477 0.3864914 0.08573162
 0.3020835 0.07022477 0.40793657 0.085385084
 0.30360392 0.042134862 0.43369126 0.051093247
 0.25926656 0. 0.38101643 0.
 0.22546244 0.04437873 0.32054478 0.04438322
 0.22546244 0.05952385 0.32270417 0.058947563
 0.23021749 0.060606103 0.31295833 0.059211027
 0.26124388 0.07763981 0.3168501 0.07454424
 0.34855783 0.07861641 0.28425997 0.073013365
 0.41848475 0.14729585 0.38344395 0.17199932
 0.40028572 0.19256692 0.38685805 0.19479536
 0.63715017 0.2240053 0.53130907 0.1898115
 0.7529193 0.14030388 0.61062557 0.18230435
 1.0462239 0.23636511 0.74588865 0.23775159
 1.0045216 0.2042574 0.76383567 0.19334076
 1.0379021 0.2160664 0.68809325 0.2081268
 1.092013 0.21417534 0.7884789 0.20211962
 0.9854639 0.23419623 0.6185376 0.21822268
 1.1649455 0.29797262 0.7109782 0.16029471
 2.0195434 0.31853813 1.2263415 0.29333237
 1.318344 0.4782845 0.7364301 0.4181977
 2.431361 0.5031448 1.9157012 0.4669456
 1.5014288 0.8739104 1.4560847 0.8648438
 0.8403994 0.53869665 0.6163117 0.4561956
 1.0932541 0.95902604 0.75566405 1.1194764
 1.3941904 1.1810154 0.9583151 1.1639433
 1.2048976 0.9644148 0.89316523 0.97314274
 0.78160447 0.6145145 0.61389625 0.5743146
 0.7459696 0.90545845 0.5403894 0.91823745
 0.7689607 0.7514533 0.56042355 0.7389115
 0.5643626 0.76920784 0.47220895 0.7154664
 0.5689417 0.7920698 0.36015972 0.7462391
 1.1270707 0.8439916 0.7715837 0.81736183
 0.8760026 1.080374 0.64107364 0.95045197
 1.0343376 1.231768 0.8024042 1.0655258
 0.9062501 2.3517418 0.72818464 1.9700245
 1.3092107 1.149494 0.93435484 1.0427648
 1.0778984 0.5526873 0.6331063 0.46004447
 1.3837956 0.587029 1.4180362 0.48058355
 0.9338023 0.45216084 0.6251727 0.4104076
 0.65189916 0.5173321 0.51331913 0.5124625
 0.64375687 0.6125287 0.5376297 0.5336237
 0.6988481 0.36672637 0.50434136 0.3478292
 1.0213733 0.4238333 0.8757981 0.38743067
 0.93253976 0.47877616 0.78668326 0.27223516
 0.74021065 0.48796326 0.6007028 0.3502667
 0.69069076 0.4652083 0.5578539 0.2749364
 0.9468641 0.41304475 0.72578865 0.30153733
 1.0468807 0.52572495 0.7723134 0.39774427
 1.1649746 0.61840075 0.8220818 0.6867402
 0.6256788 0.5845047 0.42476946 0.54872566
 0.4767695 0.803491 0.2966311 0.8869106
 0.4559141 0.593166 0.31191427 0.5062913
 0.45575103 0.61169404 0.33261666 0.5999065
 0.5779897 1.1621 0.5226261 1.1399889
 0.42822462 1.0838119 0.37033528 1.1407638
 0.29212067 1.3777783 0.29935429 1.141519
 0.32137513 0.78430074 0.28259277 0.800849
 0.3920291 0.8166529 0.31098953 0.99689597
 0.46918458 1.2378018 0.42579132 1.3339148
 0.31862757 0.75633705 0.32878655 0.7369789
 0.55740094 0.94050044 0.5755542 1.0569772
 0.5708734 1.1837633 0.6441665 1.3562474
 0.4749906 0.7233439 0.5024435 0.8940049
 0.51167154 0.357421 0.60124725 0.3228554
 0.4904991 0.5798613 0.5459084 0.6627559
 0.5697024 0.6767679 0.6615779 1.0434668
 0.3912612 0.59788084 0.47617638 0.7877154
 0.37966394 0.5095992 0.4898467 0.67972094
 0.479276 0.46651196 0.6828367 0.61775625
 0.31671888 0.7543351 0.4766933 1.0477281
 0.1528037 0.70333904 0.23318131 0.9798122
 0.12411356 0.39010185 0.21415782 0.53062886
 0.12589936 0.33837536 0.2173187 0.43542895
 0.13157904 0.9270835 0.22703522 1.2627363
 0.18928449 0.588363 0.2838488 0.79615974
 0.33077225 0.6607744 0.44474694 0.8800434
 0.33187148 0.5722095 0.44597808 0.7559211
 0.26286244 0.5284372 0.35344484 0.68050396
 0.22693682 0.445369 0.3060539 0.5675217
 0.2278076 0.3864736 0.30560374 0.48282766
 0.4608922 0.8113985 0.62148637 1.0454985
 0.7095903 0.7455756 0.9539688 0.96140283
 0.16853002 0.25774541 0.23051631 0.3265141
 0.15076657 0.26301676 0.20635971 0.33263263
 0.1369864 0.26819044 0.18712205 0.33522207
 0.11986311 0.20233998 0.16353863 0.29741356
 0.12068975 0.19375014 0.1646177 0.28788614
 0.104166746 0.20130877 0.14223453 0.28546453
 0.08503407 0.24389067 0.116189145 0.31100076
 0.035211295 0.23645845 0.048561547 0.29485974
 0.043859683 0.2811329 0.0604473 0.32665
 0.052631624 0.28971046 0.07241896 0.32254738
 0.06140356 0.27432823 0.08430592 0.30981526
 0.06140356 0.36177558 0.08415831 0.39206716
 0.0701755 0.39437467 0.09591365 0.42394915
 0.0701755 0.44916305 0.095842436 0.47545242
 0.0704226 0.6372837 0.096405536 0.71886694
 0.0704226 0.66293854 0.09688979 0.77806616
 0.06161977 0.52443933 0.08474119 0.62260294
 0.06161977 0.3004809 0.084633484 0.36382362
 0.06161977 0.4841562 0.08456985 0.55622715
 0.04401412 0.53613055 0.060476907 0.6146224
 0.07309947 0.70724696 0.10076675 0.7859003
 0.10233925 0.94803697 0.14120553 1.0075562
 0.10294126 0.7973172 0.14180233 0.84517884
 0.10355036 0.45086837 0.1422723 0.50094754
 0.11834327 0.6396643 0.16214584 0.7066843
 0.1190477 0.62132573 0.16302937 0.6922012
 0.1190477 0.669049 0.16345543 0.72065294
 0.23524149 0.44576597 0.3282267 0.48448557
 0.2777779 0.4444446 0.38787702 0.49836147
 0.29464298 0.3993857 0.41534448 0.44201764
 0.42473784 0.41480342 0.6001706 0.47907168
 0.43199682 0.53795946 0.60923874 0.61375856
 0.40454644 0.53790075 0.56108004 0.5992958
 0.393561 0.47120324 0.5699422 0.51235497
 0.41679034 0.30099893 0.60556686 0.34124252
 0.3183673 0.6883202 0.4820876 0.71257806
 0.22023682 1.0844346 0.34780595 1.1125416
 0.22432347 0.9794769 0.35173103 0.99736816
 0.22600631 0.50738674 0.356227 0.54560375
 0.27006766 0.6000842 0.37865517 0.6496156
 0.31858215 0.5267858 0.3633289 0.62430245
 0.33928585 0.42060536 0.3704831 0.5415092
 0.3168218 0.2668566 0.35237327 0.40723738
 0.7160429 0.27992865 0.7865685 0.41036066
 0.49801606 0.31008762 0.55193233 0.43313485
 0.5087774 0.38652498 0.5525925 0.5364421
 0.5256168 0.44407025 0.5707311 0.60299414
 0.7406143 0.4067703 0.8121989 0.5467719
 0.66549206 0.54846585 0.7236076 0.7185027
 1.1329052 0.49282676 1.1902694 0.6009546
 0.8981606 0.49928266 0.9193996 0.5956659
 0.8420113 0.7237881 0.8433985 0.85651594
 1.8098485 0.891775 2.003507 0.99173045
 1.6385238 1.0606061 1.8296591 1.0365628
 1.4396896 0.6054532 1.5699018 0.69759333
 1.4739196 0.8226016 1.5699612 0.86560506
 1.1376213 0.55924016 1.1845931 0.578233
 1.397678 0.36873856 1.452663 0.41016382
 1.376769 0.69926345 1.4184868 0.72351724
 1.1672933 0.51468015 1.1389561 0.67411727
 0.8884659 0.62795764 0.84658927 0.7918552
 1.6016347 0.5704647 1.2990315 0.6943133
 1.4703419 0.47284397 1.2200193 0.5818343
 1.7476854 0.53761196 1.2923008 0.58404684
 1.2810066 0.49572295 1.1042345 0.4645928
 1.6894312 0.3927676 1.4553225 0.40059352
 1.7132705 0.4963811 1.3462503 0.5753905
 1.7775902 0.5782372 0.9853687 0.55297184
 0.92438567 0.649366 0.8543014 0.6798062
 0.6760012 0.9688922 0.6238808 0.98785377
 1.2298021 0.58940274 0.76046795 0.7358997
 0.6287145 0.53516763 0.6271996 0.56939363
 1.0044628 0.47654486 0.95889735 0.65624774
 0.69180167 0.41312093 0.7657749 0.36749503
 0.7683834 0.2874405 0.71734995 0.34811807
 0.6078871 0.30561018 0.71914077 0.17113058
 0.7283675 0.15948178 0.6497774 0.19588089
 0.34006825 0.25301057 0.44301572 0.2655278
 0.3656723 0.13961776 0.18252812 0.19177517
 0.47420353 0.12457921 0.44403756 0.17319307
 0.50459474 0.117448345 0.54184943 0.15234496
 0.6468922 0.11833558 0.6911135 0.14593193
 0.51057404 0.085313365 0.5865854 0.113557845
 0.43177003 0.15765774 0.53306997 0.19173434
 0.4502523 0.16018316 0.5659308 0.19602856
 0.40174937 0.16467887 0.42654362 0.20153707
 0.39813092 0.20500012 0.34659418 0.24609318
 0.3689066 0.23313102 0.40598226 0.27329504
 0.35835618 0.24423495 0.421531 0.2869533
 0.3534228 0.28597137 0.44158143 0.33107015
 0.26821813 0.4596497 0.3719522 0.5472564
 0.2577641 1.0183253 0.35063335 1.1948808
 0.43076453 0.7790923 0.57037675 0.92961186
 0.5254907 0.38633716 0.7021296 0.48377496
 0.6055262 0.3142016 0.80000216 0.39761442
 0.48566517 0.31744653 0.6105447 0.3952787
 0.4736123 0.23193333 0.55948114 0.28388616
 0.30382824 0.2123628 0.27797204 0.2613604
 0.8997153 0.2132651 0.8955342 0.2632347
 0.38563308 0.1878939 0.4221906 0.23016514
 0.37437814 0.1898086 0.42729566 0.23247348
 0.52053154 0.18532279 0.6176579 0.22576405
 0.49935403 0.15881586 0.60783505 0.19198984
 0.25936675 0.078947425 0.3653749 0.12494192
 0.28731698 0.08064522 0.4018252 0.12766518
 0.296699 0.09510877 0.4123486 0.15049282
 0.4760174 0.097222306 0.64705086 0.15376289
 0.6390726 0.09887013 0.87528664 0.15634745
 0.43637046 0.10115614 0.6079546 0.15987915
 0.2931036 0.10355036 0.40703776 0.16370445
 0.32118765 0.12962972 0.45208764 0.20140362
 0.36306053 0.12962972 0.5097976 0.20125608
 0.5183609 0.12962972 0.7257597 0.20134595
 0.49667233 0.12962972 0.6824598 0.20144583
 0.54428726 0.093932666 0.6935342 0.14972146
 0.51971465 0.07990874 0.6195119 0.12944327
 0.3651051 0.0813954 0.39022723 0.13186058
 0.420818 0.083333395 0.4906437 0.13504755
 0.35415035 0.08454112 0.43745953 0.13706547
 0.70223993 0.07246382 0.8093195 0.1174656
 0.4969274 0.07246382 0.5798531 0.11744528
 0.7225929 0.060386516 0.82521844 0.09787682
 0.7542628 0.024154607 0.85286564 0.039147444
 0.61288583 0. 0.6698024 0.
 0.28886566 0. 0.35875383 0.
 0.31099337 0. 0.38549545 0.
 0.3201846 0. 0.39846227 0.
 0.3197867 0. 0.41868973 0.
 0.31377193 0. 0.42362207 0.
 0.30593616 0. 0.42417344 0.
 0.2955299 0. 0.4026472 0.
 0.26254195 0.046012305 0.3662065 0.04796508
 0.259144 0.07763981 0.35983306 0.08089856
 0.2445133 0.07911398 0.33113003 0.082500376
 0.24202912 0.09740267 0.32199198 0.101572424
 0.2626264 0.10000007 0.3509181 0.10422583
 0.9356063 0.10204089 1.3628944 0.10632548
 0.42057928 0.12152787 0.60202944 0.12657423
 0.3293528 0.14369652 0.4963752 0.16615279
 0.20727162 0.19281852 0.30532205 0.23242927
 0.21453209 0.23748367 0.2929564 0.29211095
 0.20792945 0.29493773 0.29301226 0.3610664
 0.21613511 0.2984024 0.3109494 0.3710798
 0.21949196 0.5032469 0.3199509 0.5750507
 0.18607032 0.8565591 0.2626706 1.0081383
 0.17757113 0.51411295 0.23025995 0.6990718
 0.22500017 0.4693397 0.28592718 0.6274307
 0.24178505 0.322951 0.30660152 0.42924407
 0.2644232 0.25319162 0.33416548 0.31684572
 0.3104782 0.189123 0.39013138 0.24481696
 0.48106068 0.14950368 0.60590863 0.20463726
 0.6256917 0.15191188 0.79471785 0.20910178
 0.27534127 0.15187743 0.3762829 0.21054024
 0.23604476 0.15181093 0.325217 0.2123381
 0.20573509 0.13166904 0.28751403 0.1812423
 0.20182917 0.13002242 0.28063264 0.18042259
 0.1770625 0.12993017 0.25065574 0.18131046
 0.17221375 0.10686813 0.23332839 0.14261413
 0.13704327 0.08389268 0.186126 0.10831083
 0.13492072 0.04934214 0.18169151 0.063732475
 0.08617808 0. 0.123609 0.
 0.06476689 0.04385968 0.099118926 0.05944095
 0.077319644 0.08698541 0.11829552 0.122948386
 0.07653068 0.14771129 0.11709302 0.21544804
 0.10955719 0.14141624 0.16095613 0.21050332
 0.13553123 0.1574271 0.19656657 0.2361226
 0.13698128 0.15818372 0.1983156 0.23562795
 0.15280235 0.15930642 0.217673 0.2353309
 0.15280235 0.1633026 0.21551144 0.2388897
 0.16889249 0.32861573 0.22619122 0.4595284
 0.2244933 0.47191525 0.29843065 0.65455174
 0.40072632 0.62226504 0.53196764 0.8515716
 0.71400213 0.12615103 0.96768874 0.17552693
 0.74951136 0.1305971 1.0128449 0.17650162
 0.31579462 0.1305971 0.36269835 0.1764891
 0.444532 0.11194037 0.47856116 0.15119998
 0.2532655 0.11194037 0.26761156 0.15107666
 0.2642918 0.11194037 0.28878435 0.15096498
 0.295139 0.11111119 0.34987515 0.15058146
 0.30330896 0.1102942 0.3725872 0.14951624
 0.3071085 0.1102942 0.37925977 0.14953724
 0.30164105 0.12962972 0.35955715 0.17575447
 0.15086217 0.19814727 0.17558552 0.2695463
 0.15086217 0.34193125 0.17556885 0.46552572
 0.14957276 0.35317466 0.17405343 0.49279374
 0.16245182 0.34883735 0.19022134 0.50202876
 0.17857155 0.36121124 0.21019647 0.49888012
 0.2654063 0.34125203 0.30316272 0.47608846
 0.33060127 0.33310455 0.37068203 0.43225807
 0.37088057 0.33000714 0.42605558 0.39275903
 0.35490218 0.33381724 0.40973982 0.40292662
 0.4137694 0.45125479 0.45362142 0.5004651
 0.39210734 0.41259593 0.4022006 0.46160656
 0.425038 0.78654003 0.34741879 0.8312508
 0.42784673 0.80526143 0.42378747 0.8120015
 1.6003288 0.70523703 1.4260415 0.7090881
 0.8666471 0.61309355 0.72535956 0.7511536
 0.7876463 0.9192842 0.76575136 1.0500962
 0.9304439 0.7446024 0.8109449 0.8151651
 1.2060118 0.43908143 1.1370945 0.5011848
 0.8272728 0.41474652 0.82754374 0.48011118
 0.7151303 0.49302807 0.67855537 0.5323823
 0.98188114 0.58929765 0.9022944 0.6129691
 1.0912468 0.5675351 1.0667822 0.65193295
 1.3469841 0.5447875 1.3468797 0.65066195
 1.2025565 0.44771653 1.2576222 0.5440239
 1.1839789 0.68825924 1.2173785 0.73903
 0.6778361 0.66428745 0.7453369 0.74313
 0.5798613 1.7100992 0.62104315 1.8167858
 0.66566074 1.289263 0.7569069 1.4051182
 0.7100913 1.2131557 0.7900026 1.3313457
 0.60574245 1.713526 0.61628395 1.8764747
 0.72336894 1.2880768 0.718776 1.3896078
 0.5256377 1.1228288 0.5507121 1.2610322
 0.5098177 1.1164367 0.5473275 1.3065567
 0.50968486 0.56035936 0.5408359 0.66303104
 0.6925677 0.31318834 0.7122434 0.39157566
 0.74227273 0.31898636 0.6525448 0.3753472
 0.49116167 0.39072618 0.46370742 0.4312366
 0.58779776 0.3998841 0.53510296 0.43858093
 0.5441957 0.3840184 0.4703919 0.41563267
 0.5691966 0.40712753 0.51014817 0.42692405
 0.7100771 0.37311107 0.65725094 0.40219688
 0.7481307 0.3163428 0.77733046 0.34899163
 0.95238113 0.32030573 0.97627187 0.39867756
 0.7961532 0.3513862 0.8519574 0.449105
 0.87574416 0.38408637 1.0105649 0.4779111
 0.8647858 0.55428505 0.86654264 0.6080678
 0.48685294 0.51533335 0.51446795 0.5493438
