 5.1 169359.81 10000.
 5.2 168144.48 10000.
 5.2999997 168653.06 10000.
 5.4 168858.88 10000.
 5.5 167979.4 10000.
 5.6 167446.42 10000.
 5.7 167040.84 10000.
 5.7999997 166349.4 10000.
 5.9 165582.06 10000.
 6. 165594.52 10000.
 6.1 165212.14 10000.
 6.2 164871.36 10000.
 6.2999997 164101.2 10000.
 6.3999996 163306.94 10000.
 6.5 162548.1 10000.
 6.6 161433.52 10000.
 6.7 161066.78 10000.
 6.7999997 159886.4 10000.
 6.8999996 157809.23 10000.
 7. 156686.5 10000.
 7.1 156207.02 10000.
 7.2 155467.11 10000.
 7.2999997 154472.97 10000.
 7.3999996 154636.06 10000.
 7.5 153912.58 10000.
 7.6 153369.45 10000.
 7.7 151649.72 10000.
 7.7999997 152182.36 10000.
 7.8999996 152096.67 10000.
 8. 151091.75 10000.
 8.099999 151663.44 10000.
 8.2 151864.94 10000.
 8.3 154126.28 10000.
 8.4 155353.66 10000.
 8.5 157458.38 10000.
 8.599999 158918.11 10000.
 8.7 160177.19 10000.
 8.8 161405.67 10000.
 8.9 160861.2 10000.
 9. 157656.8 8953.476
 9.099999 156610.6 8077.73
 9.2 155047.6 7758.5615
 9.3 153546.9 7971.2217
 9.4 155567.61 8068.288
 9.5 155599.05 8129.146
 9.599999 155817.25 8270.889
 9.7 157869.02 8396.605
 9.8 159176.55 8404.591
 9.9 160560.45 8644.573
 10. 161517.98 8576.66
 10.099999 162738.61 8486.803
 10.2 164120.77 8627.701
 10.3 166236.06 8837.057
 10.4 165857.28 8974.014
 10.5 167864.23 9189.169
 10.599999 169166.52 9524.252
 10.7 171509.78 9637.234
 10.8 172946.27 9697.33
 10.9 173159.95 9833.062
 11. 173499.78 10000.
 11.099999 183110.14 10000.
 11.2 198983.97 10000.
 11.3 215271.14 10000.
 11.4 205218.8 10000.
 11.5 190596.44 9342.363
 11.599999 178749. 9084.178
 11.7 167881.45 8273.887
 11.8 157080.27 7812.35
 11.9 143653.88 7384.4116
 12. 134452.69 7019.4053
 12.099999 124702.83 6497.304
 12.2 107071.445 5859.983
 12.3 100562.77 5790.2383
 12.4 93549.67 6089.0723
 12.5 87437.98 6843.549
 12.599999 80528.78 7537.634
 12.7 81950.016 7864.2124
 12.799999 73593.65 8005.035
 12.9 73613.945 7824.93
 13. 67902.46 7422.402
 13.099999 64643.977 6939.329
 13.2 64181.4 6960.8867
 13.299999 64734.125 6287.656
 13.4 62563.117 5671.7915
 13.5 63317.9 5456.0957
 13.599999 64597.83 5431.3623
 13.7 62808.36 5434.635
 13.799999 59127.19 5515.802
 13.9 56439.98 5420.7017
 14. 54617.66 4568.7607
 14.099999 43188.156 4122.291
 14.2 45187.984 3583.9214
 14.299999 48592.79 7323.293
 14.4 39695.965 4164.405
 14.5 37444.15 3565.0208
 14.599999 38268.44 3452.457
 14.7 39296.05 3175.1523
 14.799999 40328.504 3483.6423
 14.9 41537.008 3615.4243
 15. 42544.094 3827.7056
 15.099999 44090.87 3990.1794
 15.2 44210.313 4117.4946
 15.299999 43112.504 4157.5674
 15.4 42039.707 4278.742
 15.5 37757.855 4254.4805
 15.599999 37353.12 3568.8508
 15.7 44660.62 6237.575
 15.799999 44756.387 7865.0024
 15.9 46682.445 7161.6035
 16. 46523.45 7263.009
 16.1 48729.26 7033.65
 16.199999 49784.836 6775.63
 16.3 50620.76 6675.6943
 16.4 52365.37 6536.9893
 16.5 53389.52 6602.726
 16.6 55023.3 6493.914
 16.699999 56220.36 6499.3896
 16.8 58143.75 6419.286
 16.9 58755.395 6296.1084
 17. 59417.234 6066.636
 17.1 57879.57 5526.7305
 17.199999 54225.387 4536.513
 17.3 48737.688 3828.3813
 17.4 44490.39 3037.684
 17.5 44076.266 3179.1868
 17.6 42927.03 3095.684
 17.699999 42933.82 3219.334
 17.8 44424.99 3248.2017
 17.9 45554.34 3179.2544
 18. 46686.086 3197.39
 18.1 47210.727 3249.0134
 18.199999 47447.176 3457.768
 18.3 48934.7 3377.6665
 18.4 50369.49 3533.0845
 18.5 50595.008 3466.9375
 18.6 51666.957 3528.185
 18.699999 51422.195 3517.0627
 18.8 53385.664 3641.7922
 18.9 54569.44 3726.8044
 19. 55750.02 4024.0754
 19.1 56659.613 4055.0996
 19.199999 57885.918 4159.366
 19.3 58452.88 4342.7
 19.4 59627.984 4439.167
 19.5 60558.027 4447.957
 19.6 61519.996 4549.234
 19.699999 62270.348 4569.726
 19.8 62674.496 4470.491
 19.9 62680.813 4399.96
 20. 63050.355 4122.0654
 20.1 63112.125 4165.5425
 20.199999 61852.145 4094.3062
 20.3 58762.863 4193.216
 20.4 57695.82 4160.456
 20.5 58567.23 4225.4844
 20.6 60041.254 4226.5356
 20.699999 62044.234 4295.7725
 20.8 63611. 4476.965
 20.9 65074.9 4508.922
 21. 66239.07 4674.6787
 21.1 67132.164 4591.18
 21.199999 67837.914 4693.3867
 21.3 70038.98 4806.644
 21.4 70291.84 4846.7305
 21.5 71421.375 5040.89
 21.6 72586.32 5299.222
 21.699999 74067.55 5535.239
 21.8 74950.63 5560.888
 21.9 76266.34 5750.302
 22. 78503.67 5973.9414
 22.1 80265.84 6014.675
 22.199999 81727.77 6383.375
 22.3 82313.1 6492.5796
 22.4 83915.26 6406.7817
 22.5 84286.13 6485.6924
 22.6 86088.47 6380.321
 22.699999 87524.32 6524.813
 22.8 87559.86 6656.742
 22.9 88189.2 6612.6064
 23. 89565.914 6635.946
 23.1 89783.37 6523.336
 23.199999 89045.21 6473.4893
 23.3 86947.86 6378.3
 23.4 83300.97 5910.738
 23.5 83011.37 5822.6465
 23.6 82908.5 5873.509
 23.699999 79711.63 5671.595
 23.8 77415.03 5658.996
 23.9 72968.87 5607.305
 24. 68025.33 5631.101
 24.1 68237.73 5731.308
 24.199999 67277.3 5730.185
 24.3 66126.61 5795.413
 24.4 64237.563 5804.2
 24.5 64530.047 5944.68
 24.6 63761.426 5896.994
 24.699999 64835.84 6059.99
 24.8 65672.35 6029.041
 24.9 66075.19 5944.744
 25. 66546.26 6061.192
 25.1 67807.53 6175.5854
 25.199999 71969.19 6100.6123
 25.3 72878.3 6148.5884
 25.4 72874.83 6173.6187
 25.5 74351.62 6194.9946
 25.599998 75239.805 6234.924
 25.699999 74163.41 6287.831
 25.8 74040.68 6249.726
 25.9 72430.86 6315.3975
 26. 72636.72 6440.1733
 26.099998 74574.97 6555.4404
 26.199999 76452.555 6625.9824
 26.3 77576.78 6582.4775
 26.4 79228.38 6656.3667
 26.5 81031.664 6529.9805
 26.599998 81173.99 6645.0835
 26.699999 82337.81 6658.4375
 26.8 83110.51 6604.7324
 26.9 83582.1 6689.397
 27. 83890.38 6965.0205
 27.099998 83885.17 6918.8867
 27.199999 82977.57 6996.6353
 27.3 83564.69 6988.4453
 27.4 82972.12 7105.075
 27.5 83952.65 7143.96
 27.599998 85718.2 7164.577
 27.699999 87266.27 7020.5425
 27.8 88649.43 7072.835
 27.9 89940.78 7177.3047
 28. 90711.41 7287.047
 28.099998 91279.97 7406.6304
 28.199999 93288.836 7407.9795
 28.3 93881.01 7502.582
 28.4 95365.2 7432.512
 28.5 94274.13 7461.28
 28.599998 95419.06 7512.885
 28.699999 95667.27 7528.202
 28.8 95609.164 7573.3774
 28.9 95883.945 7552.3813
 29. 95877.1 7498.7266
 29.099998 94926.34 7526.94
 29.199999 95401.414 7554.3486
 29.3 95195.43 7612.939
 29.4 95312. 7637.9043
 29.5 95129.24 7715.757
 29.599998 95392.64 7668.8467
 29.699999 95920.7 7457.274
 29.8 96821.055 7419.6694
 29.9 97126.59 7234.8657
 30. 97029.58 7328.1953
 30.099998 97230.484 7301.4375
 30.199999 97764.44 7198.069
 30.3 97611.99 7128.868
 30.4 98296.26 7276.2646
 30.5 98728.2 7242.6865
 30.599998 98516.88 7152.003
 30.699999 98104.31 7159.7173
 30.8 99726.1 7101.4487
 30.9 99705.38 7120.6206
 31. 99800.26 7167.2095
 31.099998 101217.15 7067.982
 31.199999 101262.03 7131.525
 31.3 101103.12 7022.32
 31.4 102113.29 7052.0605
 31.5 103525.66 6954.0313
 31.599998 102974.55 7052.9365
 31.699999 104426.516 7008.133
 31.8 103668.2 7005.905
 31.9 104215.51 7082.0044
 32. 104710.72 6961.552
 32.1 104692.3 6992.7334
 32.2 104228.66 7059.77
 32.3 105114.984 7107.684
 32.399998 105645.31 7207.365
 32.5 105970.7 7120.287
 32.6 106109.13 7225.658
 32.7 106333.17 7239.7383
 32.8 106621.055 7005.024
 32.899998 106059.14 7074.9917
 33. 104990.72 6986.332
 33.1 104471.78 6919.8594
 33.2 101035.5 6905.712
 33.3 97580.016 6826.7905
 33.399998 96180.46 6920.733
 33.5 96744.984 6894.6934
 33.6 97964.26 6938.077
 33.7 98666.586 6834.6514
 33.8 99184.84 6856.184
 33.899998 99409.95 6740.3125
 34. 100268.98 6800.809
 34.1 99938.54 6937.4272
 34.2 99494.42 7090.4053
 34.3 97462.88 7184.4575
 34.399998 95515.09 7250.615
 34.5 90495.53 7236.6533
 34.6 79404.06 7165.829
 34.7 75153.17 6807.4824
 34.8 73629.22 6726.894
 34.899998 74817.13 6499.1606
 35. 69603.55 6336.193
 35.1 62676.14 6101.6997
 35.2 61635.59 6044.1006
 35.3 64410.06 6251.9253
 35.399998 64144.21 5705.6416
 35.5 62814.6 5833.0854
 35.6 60848.32 5780.7397
 35.7 56313.605 5675.851
 35.8 51150.234 5567.8545
 35.899998 51592.195 5485.05
 36. 54340.797 5463.5205
 36.1 59242.504 5488.511
 36.2 56983.258 5643.583
 36.3 57596.484 5928.112
 36.399998 59430.57 6064.846
 36.5 59851.305 6254.307
 36.6 60980.04 6404.9214
 36.7 61473.98 6515.7334
 36.8 61785.92 6563.53
 36.899998 61556.113 6723.9688
 37. 61629.22 6873.2427
 37.1 61701.25 6955.873
 37.2 61476.625 7207.343
 37.3 61185.586 7440.1724
 37.399998 61485.934 7560.425
 37.5 62734.973 7746.1733
 37.6 63612.496 7846.4517
 37.7 65359.32 7868.371
 37.8 66185.43 7981.1807
 37.899998 67840.16 8136.924
 38. 68986.53 8294.992
 38.1 70510.43 8459.834
 38.2 71084.03 8504.651
 38.3 72460.984 8696.251
 38.399998 72904.234 8696.341
 38.5 74720.016 8941.319
 38.6 75466.52 8904.294
 38.7 77096.89 8964.986
 38.8 78525.5 9010.984
 38.899998 79800.266 9110.828
 39. 80411.14 9319.214
 39.1 81588.94 9320.826
 39.2 82762.02 9417.097
 39.3 83458.11 9466.338
 39.399998 84616.17 9395.888
 39.5 84342.914 9493.027
 39.6 85729.1 9556.378
 39.7 86600. 9817.285
 39.8 87521.836 9753.7705
 39.899998 86966.51 9461.824
 40. 87791.49 9620.963
 40.1 87484.47 9732.993
 40.2 87505.12 9896.061
 40.3 85861.41 9964.006
 40.399998 82390.484 9938.986
 40.5 79166.24 9932.006
 40.6 78486.586 10000.
 40.7 71237.125 10000.
 40.8 73923.01 9975.113
 40.899998 74597.93 9851.539
 41. 76216.7 9824.975
 41.1 77514.78 9893.872
 41.2 78635.55 9876.673
 41.3 80527.89 9815.218
 41.399998 81354.87 9868.849
 41.5 83630.28 9846.143
 41.6 84663.95 9918.562
 41.7 86574.51 9955.426
 41.8 88358.21 10000.
 41.899998 90864.06 9764.278
 42. 90923.625 9802.974
 42.1 92624.336 9721.137
 42.2 95137.37 9803.617
 42.3 96141.52 9926.4375
 42.399998 96883.71 9799.318
 42.5 98306.19 9988.167
 42.6 99532.914 9972.281
 42.7 100786.46 10000.
 42.8 101748.16 10000.
 42.899998 102356.65 10000.
 43. 103636.664 10000.
 43.1 104880.61 10000.
 43.2 105042.48 10000.
 43.3 106456.84 10000.
 43.399998 107102.28 10000.
 43.5 108047.84 10000.
 43.6 109840.61 10000.
 43.7 110727.086 10000.
 43.8 112391.03 10000.
 43.899998 113179.25 10000.
 44. 113671.63 10000.
 44.1 112353.55 10000.
 44.2 111373.984 10000.
 44.3 109230. 9861.753
 44.399998 107185.27 9489.115
 44.5 107688.6 9353.467
 44.6 107118.336 8647.863
 44.7 100661.31 6392.287
 44.8 92173.836 6472.274
 44.899998 86196.01 9201.876
 45. 85193.06 10000.
 45.1 76681.29 5962.6147
 45.2 75989.625 5687.0986
 45.3 76750.15 5473.5015
 45.399998 77981.875 5535.9263
 45.5 78487.64 5503.124
 45.6 78674.695 5520.0576
 45.7 78476.234 5417.2285
 45.8 77417.67 5412.011
 45.899998 76449.12 5476.9487
 46. 74609.055 5702.552
 46.1 72915.336 5703.349
 46.2 68761.2 5745.6387
 46.3 66882.9 5482.5107
 46.399998 70529.85 4737.904
 46.5 65281.75 5132.4434
 46.6 56216.36 5151.408
 46.7 48964.57 4977.9834
 46.8 45209.91 5037.7354
 46.899998 43229.285 5242.292
 47. 43810.07 5297.8926
 47.1 38368.4 5101.544
 47.2 34655.05 5103.883
 47.3 46431.285 8882.256
 47.399998 40881.28 4785.6655
 47.5 29804.523 5682.435
 47.6 28945.447 4421.103
 47.7 27985.291 3843.9272
 47.8 28868.625 3507.0776
 47.899998 28741.06 3147.
 48. 29564.898 3245.2976
 48.1 30171.479 3377.888
 48.2 30936.072 3407.9292
 48.3 31859.793 3419.08
 48.399998 31647.568 3225.378
 48.5 31399.887 3164.742
 48.6 30418.332 3314.0981
 48.7 29783.813 3369.9063
 48.8 29920.459 3431.9614
 48.899998 30205.857 3453.934
 49. 28870.8 3546.5635
 49.1 27893.137 3882.111
 49.2 31093.285 3720.2666
 49.3 28888.037 3637.6616
 49.399998 28423.463 3864.4443
 49.5 26706.945 3794.8535
 49.6 33113.676 3947.2568
 49.7 32743.496 4944.8955
 49.8 31682.45 4881.624
 49.899998 33523.742 4523.3096
 50. 29998.46 4807.2876
 
 
 5.1 170179.84 10000.
 5.2 170024.64 10000.
 5.2999997 172000.17 10000.
 5.4 171085.48 10000.
 5.5 168809.1 10000.
 5.6 168502.92 10000.
 5.7 167098.5 10000.
 5.7999997 164549.33 10000.
 5.9 163145.2 10000.
 6. 158601.31 10000.
 6.1 157134.08 10000.
 6.2 152005.28 10000.
 6.2999997 149526.05 10000.
 6.3999996 141663.1 10000.
 6.5 139432.38 10000.
 6.6 138555.31 10000.
 6.7 138832.14 10000.
 6.7999997 138707.64 10000.
 6.8999996 139482.31 10000.
 7. 139977.55 10000.
 7.1 139630.31 10000.
 7.2 138984.88 10000.
 7.2999997 138166.89 10000.
 7.3999996 136694.72 10000.
 7.5 136329.53 10000.
 7.6 135440.16 10000.
 7.7 133359.36 10000.
 7.7999997 129524.97 10000.
 7.8999996 126024.46 10000.
 8. 120661.42 10000.
 8.099999 108873.9 10000.
 8.2 104710.64 8039.5957
 8.3 99953.12 5971.79
 8.4 98946.73 5952.1685
 8.5 97448.31 6526.1685
 8.599999 91033.33 6820.457
 8.7 83614.07 7075.971
 8.8 83604.09 7516.809
 8.9 81265.64 7600.0386
 9. 84325.55 7683.653
 9.099999 80714.82 7686.853
 9.2 81066.03 7452.915
 9.3 76368.59 6769.305
 9.4 75674.586 6280.3677
 9.5 67087.18 6387.13
 9.599999 63592.684 5788.014
 9.7 58842.098 4505.6064
 9.8 56443.39 4328.0894
 9.9 65577.766 7415.954
 10. 62374.97 4554.99
 10.099999 60272.03 4563.2314
 10.2 61291.152 4731.7227
 10.3 61804.117 4689.819
 10.4 63868.92 4867.1763
 10.5 65758.625 4946.5547
 10.599999 66843.46 5136.584
 10.7 68434.69 5345.083
 10.8 68380.63 5615.161
 10.9 69963.18 5816.624
 11. 72257.78 6008.6777
 11.099999 74380.76 6218.144
 11.2 76149.37 6340.5957
 11.3 77366.35 6387.7593
 11.4 78697.055 6531.356
 11.5 81151.234 6617.5137
 11.599999 81841.67 6726.179
 11.7 82201.37 6767.2725
 11.8 80767.516 6831.116
 11.9 78580.09 6865.6846
 12. 78329.11 6889.063
 12.099999 76980.766 6950.62
 12.2 77793.14 7220.1133
 12.3 77319.85 7561.2227
 12.4 77968.06 7692.3984
 12.5 78598.625 7734.9224
 12.599999 78902.3 7816.461
 12.7 78589.664 7932.709
 12.799999 76674.734 7999.0234
 12.9 73753.21 7745.8066
 13. 69693.234 7382.9375
 13.099999 68682.41 7892.568
 13.2 68044.05 9101.872
 13.299999 51565.957 7695.1123
 13.4 59053.77 7549.911
 13.5 55382.547 7341.1426
 13.599999 58829.62 7171.3564
 13.7 55847.902 7231.493
 13.799999 56997.902 7273.7754
 13.9 57571.484 7260.4863
 14. 59111.082 7275.0596
 14.099999 61257.504 7317.8174
 14.2 61460.168 7237.9233
 14.299999 62538.645 7326.964
 14.4 62575.43 7410.452
 14.5 64037.594 7668.793
 14.599999 65115.344 7980.828
 14.7 65651.305 8074.1973
 14.799999 65506.58 8116.905
 14.9 65740.14 8168.076
 15. 65238.977 8229.148
 15.099999 64885.164 8336.474
 15.2 64921.926 8168.518
 15.299999 64619.113 8196.445
 15.4 64444.223 8298.082
 15.5 64200.7 8299.297
 15.599999 64653.832 8459.916
 15.7 64674.72 8500.088
 15.799999 66029.17 8623.894
 15.9 67891.17 8762.715
 16. 68392.98 9001.75
 16.1 70220.65 9231.77
 16.199999 71156.45 9316.355
 16.3 71940.4 9512.818
 16.4 73023.414 9638.121
 16.5 74298.98 9748.021
 16.6 75819.875 9636.315
 16.699999 75240.164 9799.932
 16.8 74075.23 9852.586
 16.9 66917.08 9750.444
 17. 60774.39 9483.281
 17.1 67451.34 9108.694
 17.199999 62552.016 8958.574
 17.3 59355.5 8434.172
 17.4 61348.316 7228.1494
 17.5 66293.38 6473.6797
 17.6 59982.875 4623.2646
 17.699999 51746.637 3856.827
 17.8 57665.074 3653.183
 17.9 57301.598 6771.202
 18. 55472.746 4839.8423
 18.1 55777.715 5054.09
 18.199999 55299.742 5338.6416
 18.3 54721.05 5471.8525
 18.4 56472.563 5665.701
 18.5 58708.44 6108.77
 18.6 59170.46 6576.276
 18.699999 56670.47 6374.32
 18.8 54948.004 4928.8164
 18.9 52480.26 5552.752
 19. 57227.22 6290.771
 19.1 55740.152 4168.0815
 19.199999 55901.86 4606.5513
 19.3 52482.367 4874.522
 19.4 52702.207 4673.2773
 19.5 56533.445 5590.0454
 19.6 53814.406 6343.9463
 19.699999 59419.105 6718.225
 19.8 57124.617 6846.5605
 19.9 52671.656 6846.4976
 20. 50212.992 6867.156
 20.1 49412.17 8124.763
 20.199999 43483.242 6968.7793
 20.3 33507.98 5259.567
 20.4 29716.86 2703.8135
 20.5 45005.46 9021.967
 20.6 33927. 5096.8623
 20.699999 37466.348 4434.217
 20.8 36334.715 4453.59
 20.9 37722.273 4477.7334
 21. 38873.06 4865.765
 21.1 34574.336 4648.379
 21.199999 32461.834 4102.798
 21.3 27823.105 3261.0422
 21.4 24647.502 3241.3174
 21.5 23054.836 3362.553
 21.6 22912.607 3301.5347
 21.699999 25145.994 3249.7678
 21.8 32665.965 6330.045
 21.9 32349.057 6485.6084
 22. 33184.508 6200.7075
 22.1 35244.33 6271.191
 22.199999 33962.324 6266.616
 22.3 32448.453 6080.0654
 22.4 32436.053 5968.06
 22.5 31439.133 5548.5996
 22.6 33194.87 5487.4775
 22.699999 33684.7 5090.7896
 22.8 33300.957 4883.807
 22.9 35155.527 4788.748
 23. 37869.72 4791.262
 23.1 39710.74 5047.034
 23.199999 41377.55 5435.398
 23.3 43263.44 5661.1025
 23.4 43526.48 5759.706
 23.5 44608.016 6015.839
 23.6 45779.973 6324.8604
 23.699999 46438.504 6425.348
 23.8 47585.168 6619.882
 23.9 48937.504 6735.0234
 24. 49475.297 6737.6074
 24.1 50513.113 6855.2007
 24.199999 51872.164 6903.2583
 24.3 52908.676 6902.0137
 24.4 54123.8 6993.3184
 24.5 55710.35 7141.153
 24.6 56216.023 7180.2983
 24.699999 57114.797 7204.9194
 24.8 58415.813 7243.2446
 24.9 60001.93 7242.9873
 25. 62336.23 7144.87
 25.1 63187.59 7222.182
 25.199999 65099.63 7191.6997
 25.3 66804.31 7236.344
 25.4 68710.24 7294.838
 25.5 68872.234 7365.7397
 25.599998 71188.83 7268.717
 25.699999 72166.53 7214.2954
 25.8 72404.32 7317.129
 25.9 73812.39 7363.74
 26. 73727.02 7474.9463
 26.099998 74384.84 7616.6885
 26.199999 75602.69 7783.6943
 26.3 76448.71 7905.6875
 26.4 76992.52 7970.962
 26.5 76866.48 8106.5986
 26.599998 77360.71 8135.456
 26.699999 77920.805 8210.611
 26.8 77660.08 8287.998
 26.9 77199.77 8455.964
 27. 76081.44 8344.967
 27.099998 73323.76 8290.883
 27.199999 69920.05 8275.633
 27.3 66369.664 8178.1406
 27.4 75268.266 8596.551
 27.5 69826.2 8811.786
 27.599998 68337.37 8694.579
 27.699999 71067.305 8645.838
 27.8 73202.15 9042.291
 27.9 73003.04 9188.943
 28. 75007.65 9355.287
 28.099998 76654.86 9239.25
 28.199999 78526.25 9163.746
 28.3 79806.02 9336.811
 28.4 80613.29 9328.389
 28.5 82236.516 9399.437
 28.599998 83214.336 9333.302
 28.699999 83434.46 9325.733
 28.8 84032.49 9132.228
 28.9 84533.67 8999.696
 29. 84295.21 8777.188
 29.099998 83188.82 8279.755
 29.199999 82969.37 8211.51
 29.3 82317.4 8144.5596
 29.4 81562.28 7867.87
 29.5 80028.16 7258.451
 29.599998 77203.89 6147.57
 29.699999 71123.7 5962.293
 29.8 58251.195 5971.9136
 29.9 54429.367 5828.7188
 30. 53231.492 5793.5356
 30.099998 52379.938 5714.128
 30.199999 49161.453 5585.8687
 30.3 49882.29 5533.133
 30.4 50916.918 5552.659
 30.5 48914.945 5566.81
 30.599998 48864.887 5482.5957
 30.699999 49356.61 5497.81
 30.8 48153.8 5669.357
 30.9 49109.168 5741.908
 31. 47868.273 5748.5645
 31.099998 51771.758 6181.8267
 31.199999 56446.133 7712.1626
 31.3 50633.46 5906.6426
 31.4 58821.17 5861.156
 31.5 53774.86 6024.992
 31.599998 58373.355 6085.5386
 31.699999 58314.61 6011.61
 31.8 58637.45 5928.3184
 31.9 60631.33 6081.7837
 32. 59787.742 6000.7456
 32.1 60022.98 6070.1504
 32.2 60937.156 6048.9893
 32.3 62562.88 5993.8037
 32.399998 64412.824 6018.8306
 32.5 65883.65 6061.857
 32.6 66652.305 6039.501
 32.7 68197.85 6047.13
 32.8 70048.805 6042.302
 32.899998 71969.97 6029.0405
 33. 73243.51 6058.849
 33.1 74928.84 6151.836
 33.2 75442.65 6051.5034
 33.3 76309.43 6108.1484
 33.399998 76638.1 6144.9443
 33.5 77491.65 6255.205
 33.6 76995.97 6276.9307
 33.7 78332.34 6284.29
 33.8 79104.086 6306.2954
 33.899998 79378.63 6201.278
 34. 78164.69 6331.4644
 34.1 77026.19 6262.9907
 34.2 77629.01 6212.629
 34.3 77686.69 6256.6855
 34.399998 78006.67 6181.2466
 34.5 79536.15 6096.772
 34.6 81164.36 6214.0454
 34.7 83264.836 6659.2344
 34.8 84920.31 7051.713
 34.899998 86015.88 7440.3047
 35. 87420.945 7862.1123
 35.1 88305.93 8183.133
 35.2 89559.2 8415.738
 35.3 91374.36 8660.524
 35.399998 92265.47 8966.554
 35.5 92954.86 8951.282
 35.6 94045.74 9220.583
 35.7 94288.52 9273.083
 35.8 94349.22 9327.965
 35.899998 94472.63 9571.749
 36. 95068.414 9665.92
 36.1 93736.37 9753.22
 36.2 94974.336 9851.57
 36.3 95020.72 10000.
 36.399998 95129.34 10000.
 36.5 95168.19 10000.
 36.6 93936.766 10000.
 36.7 94048.32 10000.
 36.8 95685.234 10000.
 36.899998 93562.195 10000.
 37. 90407.4 10000.
 37.1 86832.61 10000.
 37.2 85767.586 10000.
 37.3 75813.414 10000.
 37.399998 71905.914 10000.
 37.5 66867.336 10000.
 37.6 86748.24 10000.
 37.7 71359.35 10000.
 37.8 65884.414 10000.
 37.899998 62916.89 10000.
 38. 60931.105 9804.172
 38.1 62643.28 10000.
 38.2 61013.06 9755.602
 38.3 59922.27 9772.904
 38.399998 59891.918 10000.
 38.5 59434.66 10000.
 38.6 58849.027 10000.
 38.7 57887.707 10000.
 38.8 57820.88 10000.
 38.899998 58638.813 10000.
 39. 60865.78 10000.
 39.1 62048.996 10000.
 39.2 62807.773 10000.
 39.3 62985.93 10000.
 39.399998 63369.81 10000.
 39.5 62429.03 10000.
 39.6 62594.297 10000.
 39.7 62445.383 10000.
 39.8 63380.05 10000.
 39.899998 64511.17 10000.
 40. 65807.305 10000.
 40.1 65902.484 10000.
 40.2 66121.234 10000.
 40.3 66362.4 10000.
 40.399998 67636.11 10000.
 40.5 67865.65 10000.
 40.6 68182.17 10000.
 40.7 69004.51 10000.
 40.8 69457.61 10000.
 40.899998 70271.49 10000.
 41. 70881.65 10000.
 41.1 71188.11 10000.
 41.2 72634.06 10000.
 41.3 74404.82 10000.
 41.399998 75111.586 10000.
 41.5 76089.47 10000.
 41.6 76426.945 10000.
 41.7 76654.18 10000.
 41.8 77337.16 10000.
 41.899998 77784.26 10000.
 42. 76521.31 10000.
 42.1 77378.54 10000.
 42.2 76944.58 10000.
 42.3 76834.516 10000.
 42.399998 77335.45 10000.
 42.5 77661.81 10000.
 42.6 78184.516 10000.
 42.7 79680.05 10000.
 42.8 80152.97 10000.
 42.899998 80131.46 10000.
 43. 80996.37 10000.
 43.1 80205.51 10000.
 43.2 80563.42 10000.
 43.3 80622.51 10000.
 43.399998 79918.875 10000.
 43.5 79762.664 10000.
 43.6 80029.03 10000.
 43.7 79571.12 10000.
 43.8 79686.46 10000.
 43.899998 81538.62 10000.
 44. 84865.59 10000.
 44.1 85589.555 10000.
 44.2 88646.37 9909.446
 44.3 90725.48 9807.801
 44.399998 91072.8 9770.437
 44.5 92710.99 9703.155
 44.6 94308.61 9442.424
 44.7 96524.97 9531.312
 44.8 97796.48 9452.025
 44.899998 99036.28 9422.625
 45. 100123.25 9349.376
 45.1 101694.01 9253.743
 45.2 101689.664 9305.07
 45.3 103459.66 9324.078
 45.399998 104603.23 9250.542
 45.5 106628.88 9296.133
 45.6 108005.45 9267.117
 45.7 109000.875 9309.529
 45.8 111327.945 9505.051
 45.899998 112301.78 9443.05
 46. 114215.695 9633.615
 46.1 115126.79 9776.376
 46.2 116247.375 9858.746
 46.3 117874.875 9891.046
 46.399998 118402.83 9983.379
 46.5 119077.36 10000.
 46.6 120089.49 10000.
 46.7 120547.87 10000.
 46.8 121779.234 10000.
 46.899998 122159.375 10000.
 47. 123282.45 10000.
 47.1 124259.09 10000.
 47.2 125827.64 10000.
 47.3 126121.21 10000.
 47.399998 126102.336 10000.
 47.5 126069.19 10000.
 47.6 127528.266 10000.
 47.7 127256.69 10000.
 47.8 127919.77 10000.
 47.899998 129723.12 10000.
 48. 130024.18 10000.
 48.1 130892.27 10000.
 48.2 131324.55 10000.
 48.3 131125.5 10000.
 48.399998 130312.75 10000.
 48.5 130606.58 10000.
 48.6 128701.58 10000.
 48.7 126941.42 10000.
 48.8 121803.086 10000.
 48.899998 117326.74 10000.
 49. 114632.305 10000.
 49.1 113698.99 10000.
 49.2 113918.42 10000.
 49.3 112743.414 10000.
 49.399998 113445.4 10000.
 49.5 114165.945 10000.
 49.6 114605.37 10000.
 49.7 116114.945 10000.
 49.8 117333.41 10000.
 49.899998 118015.305 10000.
 50. 118913.25 10000.
 
 
 5.1 152999.28 8525.233
 5.2 154492.22 9043.5
 5.2999997 153235.36 9031.62
 5.4 149385. 9281.902
 5.5 137732.2 8574.629
 5.6 140423.44 10000.
 5.7 132521.8 8296.473
 5.7999997 128014.17 8314.97
 5.9 134319.45 8280.051
 6. 134100.72 8180.087
 6.1 135150.61 8120.2666
 6.2 139121.77 8179.432
 6.2999997 139954.33 8113.0244
 6.3999996 141403.5 8041.4775
 6.5 144013.19 8141.874
 6.6 140238.23 8152.113
 6.7 137748.73 8081.5176
 6.7999997 129723.27 7851.963
 6.8999996 129140.01 7692.7935
 7. 131482.67 7577.795
 7.1 134721.45 7506.67
 7.2 138459.6 7567.1025
 7.2999997 142839.86 7537.204
 7.3999996 146771.38 7473.199
 7.5 149677.56 7557.832
 7.6 152996.89 7727.752
 7.7 154354.97 8015.202
 7.7999997 151753.73 8176.94
 7.8999996 149169.97 8340.962
 8. 143206.25 8517.072
 8.099999 135392.3 8434.732
 8.2 124446.76 8348.415
 8.3 108424.1 8259.73
 8.4 105520.29 8112.3735
 8.5 105181.52 7966.0635
 8.599999 109593.94 7782.973
 8.7 114337.39 8190.2676
 8.8 117945.3 8580.412
 8.9 121552.66 8927.872
 9. 126930.09 9013.835
 9.099999 131599.36 9445.191
 9.2 135712.84 9778.025
 9.3 140031.39 10000.
 9.4 144616.81 10000.
 9.5 150101.84 10000.
 9.599999 155248.1 10000.
 9.7 159944.9 10000.
 9.8 165218.19 10000.
 9.9 169859.72 10000.
 10. 174295.89 10000.
 10.099999 178845.84 10000.
 10.2 182851.19 10000.
 10.3 187159.05 10000.
 10.4 191505.48 10000.
 10.5 194725.22 10000.
 10.599999 198082.28 10000.
 10.7 201034.11 10000.
 10.8 205748.42 10000.
 10.9 207881.11 10000.
 11. 209934.98 10000.
 11.099999 212449.52 10000.
 11.2 215272.11 10000.
 11.3 218034.73 10000.
 11.4 222081.22 10000.
 11.5 225573.1 10000.
 11.599999 227991.1 10000.
 11.7 230055.45 10000.
 11.8 233009.86 10000.
 11.9 235241.94 10000.
 12. 237683.81 10000.
 12.099999 239583.8 10000.
 12.2 242034.22 10000.
 12.3 243480.44 10000.
 12.4 245533.1 10000.
 12.5 247054.48 10000.
 12.599999 249138.73 10000.
 12.7 250989.55 10000.
 12.799999 254025.61 10000.
 12.9 255662.14 10000.
 13. 258246.27 10000.
 13.099999 259297.77 10000.
 13.2 261568.3 10000.
 13.299999 262943.75 10000.
 13.4 263439.1 10000.
 13.5 265385.66 10000.
 13.599999 266602.63 10000.
 13.7 268567.63 10000.
 13.799999 269381.7 10000.
 13.9 269399.66 10000.
 14. 271393.34 10000.
 14.099999 272106.94 10000.
 14.2 274387.34 10000.
 14.299999 274432.13 10000.
 14.4 275481.16 10000.
 14.5 276606.06 10000.
 14.599999 278159.28 10000.
 14.7 279231.7 10000.
 14.799999 279355.88 10000.
 14.9 280719.6 10000.
 15. 280516.4 10000.
 15.099999 279854.88 10000.
 15.2 280005.47 10000.
 15.299999 276400.1 10000.
 15.4 274633.5 10000.
 15.5 274152.38 10000.
 15.599999 273017.3 10000.
 15.7 272515.78 9910.697
 15.799999 271754.22 9835.186
 15.9 270431.06 9859.096
 16. 269341.7 10000.
 16.1 268333.94 10000.
 16.199999 270288.9 10000.
 16.3 272056.97 10000.
 16.4 274293.84 10000.
 16.5 276106.03 10000.
 16.6 277477.3 10000.
 16.699999 278959.22 10000.
 16.8 281865.75 10000.
 16.9 284453.5 10000.
 17. 286616.6 10000.
 17.1 287478.53 10000.
 17.199999 288420.8 10000.
 17.3 289884.03 10000.
 17.4 289863.9 10000.
 17.5 289462.5 10000.
 17.6 291104.5 10000.
 17.699999 290537.56 10000.
 17.8 289926.38 10000.
 17.9 291198.53 10000.
 18. 291910.84 10000.
 18.1 291154.9 10000.
 18.199999 291519.8 10000.
 18.3 289582.7 10000.
 18.4 287771.3 10000.
 18.5 287803.88 10000.
 18.6 287572.06 10000.
 18.699999 286032.03 10000.
 18.8 285543.5 10000.
 18.9 284222.47 10000.
 19. 283192.63 10000.
 19.1 296362.2 10000.
 19.199999 331056.56 10000.
 19.3 341248.28 10000.
 19.4 354751.56 10000.
 19.5 330650.84 10000.
 19.6 357048.13 10000.
 19.699999 314820.3 10000.
 19.8 297110.1 10000.
 19.9 276446.2 10000.
 20. 248818.22 10000.
 20.1 237712.78 10000.
 20.199999 219718.28 10000.
 20.3 210576.8 10000.
 20.4 212623.95 10000.
 20.5 211733.06 10000.
 20.6 208144.83 10000.
 20.699999 206399.55 10000.
 20.8 203704.95 10000.
 20.9 198983.88 9879.377
 21. 187943.2 6819.913
 21.1 182836.75 6761.7236
 21.199999 176337.81 9676.581
 21.3 174577.64 6884.19
 21.4 160513.31 6850.527
 21.5 148455.23 6741.997
 21.6 148906.61 6616.5093
 21.699999 133921.61 6522.625
 21.8 123762.11 6598.8604
 21.9 116452.445 6817.088
 22. 109879.88 8230.119
 22.1 117814.48 6815.69
 22.199999 117831.28 7010.5684
 22.3 117669.25 7229.4043
 22.4 119224.88 7188.4214
 22.5 113263.75 7445.912
 22.6 109386.01 6892.365
 22.699999 110693.375 7006.545
 22.8 108601.15 7196.7065
 22.9 106983.62 7258.4336
 23. 106254.414 7238.789
 23.1 104933.86 7315.8823
 23.199999 101650.75 7425.513
 23.3 101809.48 7355.308
 23.4 101964.26 7435.366
 23.5 100411.06 7480.674
 23.6 96159.28 7247.7
 23.699999 89251.414 6542.741
 23.8 75850.57 5266.485
 23.9 64246.766 5207.144
 24. 72758.625 8246.055
 24.1 78496.33 7799.978
 24.199999 74804.42 5890.439
 24.3 75366.91 5874.421
 24.4 76631.37 5910.069
 24.5 76265.08 5827.127
 24.6 71205.66 4381.345
 24.699999 68158.56 4416.3574
 24.8 73920.19 4708.9614
 24.9 70814.97 4720.101
 25. 86121.33 10000.
 25.1 79533.58 10000.
 25.199999 76885.89 10000.
 25.3 75037.766 8634.581
 25.4 76529.17 5195.371
 25.5 75731.69 5297.2197
 25.599998 77693.805 5705.8955
 25.699999 80700.375 6112.139
 25.8 81354.625 6556.159
 25.9 82668.86 6694.93
 26. 84404.11 6833.424
 26.099998 87140.62 6838.1235
 26.199999 89021.37 7027.3735
 26.3 90599.27 7055.894
 26.4 91947.48 7168.804
 26.5 90288.9 7073.0317
 26.599998 85940.1 5018.195
 26.699999 87576.94 5122.4365
 26.8 82350.32 5084.116
 26.9 74976.16 4919.3325
 27. 68658.086 4995.3066
 27.099998 62769.89 4975.644
 27.199999 71163.79 7331.8286
 27.3 65829.016 5040.328
 27.4 61353.69 5224.972
 27.5 71248.945 5046.397
 27.599998 69847.414 5105.27
 27.699999 67458.766 5160.388
 27.8 64169.32 4926.6177
 27.9 68911.1 9772.672
 28. 59419. 5041.119
 28.099998 60651.31 5660.0337
 28.199999 57540.855 5787.077
 28.3 57046.395 5857.726
 28.4 58310.008 5609.782
 28.5 55414.32 4766.1675
 28.599998 57796.273 4646.7305
 28.699999 58260.215 4392.3745
 28.8 61004.695 4341.5273
 28.9 60268.75 4498.794
 29. 58566.598 4768.7285
 29.099998 59999.445 5170.0327
 29.199999 60707.92 5503.711
 29.3 60335.195 5623.4624
 29.4 60783.313 5685.078
 29.5 62200.527 5749.0786
 29.599998 62887.625 6019.825
 29.699999 63882.305 6183.9907
 29.8 63956.383 6515.7266
 29.9 63273.137 6716.906
 30. 63400.867 7051.256
 30.099998 62449.746 7213.1143
 30.199999 60522.137 7253.895
 30.3 59382.176 7273.4893
 30.4 59614.824 7634.0244
 30.5 60397.32 7767.663
 30.599998 62401.832 7851.7417
 30.699999 63050.055 8183.291
 30.8 63087.066 8312.992
 30.9 64074.766 8487.156
 31. 63659.344 8517.1045
 31.099998 65033.152 8708.672
 31.199999 66350.82 8971.725
 31.3 67682.414 8935.947
 31.4 69586.234 9072.947
 31.5 70351.17 9208.152
 31.599998 71630.266 9326.767
 31.699999 73196.55 9385.908
 31.8 74287.34 9471.3125
 31.9 75817.91 9628.076
 32. 77438.06 9769.879
 32.1 79035.55 9863.502
 32.2 81910.98 10000.
 32.3 82418.805 10000.
 32.399998 84083.34 9993.377
 32.5 86457.484 10000.
 32.6 88849.82 10000.
 32.7 91047.086 10000.
 32.8 93502.54 10000.
 32.899998 94831.51 10000.
 33. 96110.375 10000.
 33.1 97800.71 10000.
 33.2 99339.055 10000.
 33.3 102140.47 10000.
 33.399998 103065.086 10000.
 33.5 103388.82 10000.
 33.6 102598.1 10000.
 33.7 99657.65 9582.739
 33.8 101126.71 9907.869
 33.899998 101639.31 10000.
 34. 102762.77 10000.
 34.1 103391.75 10000.
 34.2 103455.31 10000.
 34.3 100350.375 10000.
 34.399998 99254.48 10000.
 34.5 101550.336 10000.
 34.6 102407.13 10000.
 34.7 105496.99 10000.
 34.8 104504.23 10000.
 34.899998 105579.07 10000.
 35. 105182.19 9937.22
 35.1 104360.61 9448.922
 35.2 94676.53 8833.501
 35.3 96167.93 8867.783
 35.399998 88453.27 9284.48
 35.5 83651.98 9383.387
 35.6 82053.32 9298.386
 35.7 78914.05 9089.441
 35.8 75801.586 8984.792
 35.899998 73915.15 8905.353
 36. 73341.08 8965.039
 36.1 73390.445 9117.852
 36.2 74853.414 9433.623
 36.3 76883.57 9562.654
 36.399998 78212.92 9584.141
 36.5 78921.23 9462.937
 36.6 78703.99 9423.3545
 36.7 78961.29 9570.45
 36.8 78652.94 9562.558
 36.899998 77700.016 9526.3125
 37. 77705.21 9575.68
 37.1 76081.48 9477.714
 37.2 73457.96 9093.9795
 37.3 69830.36 8434.024
 37.399998 67925.04 6601.246
 37.5 58968.332 5953.67
 37.6 52030.44 4643.6226
 37.7 55657.152 6915.3174
 37.8 52641.574 4638.552
 37.899998 53392.65 5227.2783
 38. 50644.434 5059.93
 38.1 59395.42 6676.1753
 38.2 54469.15 5626.6094
 38.3 52417.625 5018.749
 38.399998 53028.414 5174.761
 38.5 54196.23 5050.3887
 38.6 55040.64 5058.714
 38.7 59475.5 6105.6553
 38.8 64653.336 6804.532
 38.899998 61659.355 7755.5454
 39. 61236.293 7596.3525
 39.1 61683.797 7505.9043
 39.2 63088.57 7609.209
 39.3 64793.29 7517.2163
 39.399998 66932.94 7701.2725
 39.5 69434.15 7772.913
 39.6 72191.92 7879.276
 39.7 74074.94 8098.4688
 39.8 76722.96 8201.233
 39.899998 78812.85 8335.572
 40. 81780.59 8407.398
 40.1 84630.24 8464.033
 40.2 86840.34 8430.329
 40.3 88464.45 8500.582
 40.399998 90455.375 8583.291
 40.5 93305.41 8609.269
 40.6 94273.61 8642.689
 40.7 97101.33 8671.599
 40.8 97461.4 8548.916
 40.899998 98489.7 8615.109
 41. 97960.16 8483.227
 41.1 94154.59 8342.296
 41.2 94590.625 7508.298
 41.3 88220.11 7358.4077
 41.399998 88460.53 7424.1973
 41.5 80754.47 7019.2075
 41.6 78102.19 6724.663
 41.7 78084.055 6429.598
 41.8 81088.81 6792.8267
 41.899998 82905.55 7241.589
 42. 84687.7 7658.615
 42.1 86541.58 7870.112
 42.2 88535.84 7997.6396
 42.3 92322.44 8239.628
 42.399998 96923.22 8427.48
 42.5 99693.76 8486.005
 42.6 104115.484 8739.127
 42.7 107386.04 8721.21
 42.8 112116.555 8833.372
 42.899998 116063.34 8797.518
 43. 119708.734 8764.175
 43.1 122698.2 9054.673
 43.2 124612.58 9228.533
 43.3 124259.414 9438.568
 43.399998 122844.88 9322.541
 43.5 123075.57 9436.011
 43.6 125860.336 9530.465
 43.7 128013.06 9757.845
 43.8 129696.04 9945.485
 43.899998 131575.03 10000.
 44. 132091.52 10000.
 44.1 133053.6 9947.004
 44.2 133305.83 9552.917
 44.3 133398.17 9223.34
 44.399998 131056.98 9083.15
 44.5 129499.84 8931.84
 44.6 125581.875 9396.082
 44.7 115253.836 9806.477
 44.8 111409.5 10000.
 44.899998 109743.37 9519.604
 45. 102549.484 8118.574
 45.1 84201.61 5206.9014
 45.2 69751.41 5047.6206
 45.3 63020.14 5174.5034
 45.399998 81676.35 10000.
 45.5 76653.57 9301.999
 45.6 82624.55 8052.1396
 45.7 76112.08 7457.41
 45.8 67798.53 6868.268
 45.899998 59133.004 6415.318
 46. 57456.22 5854.422
 46.1 48913.37 5398.668
 46.2 48732.035 4345.554
 46.3 50446.6 4297.3604
 46.399998 53158.063 3975.5364
 46.5 51463.773 3954.184
 46.6 52228.887 4066.4219
 46.7 52413.973 4215.0166
 46.8 52023.82 4624.897
 46.899998 52614.543 4900.2637
 47. 52620.44 5241.09
 47.1 53821.793 5445.3384
 47.2 52795.867 5527.668
 47.3 55732.637 5283.859
 47.399998 51486.96 4712.1387
 47.5 52445.223 5650.785
 47.6 58974.22 6830.692
 47.7 61312.42 6098.2563
 47.8 65002.676 8649.237
 47.899998 65449.48 8448.323
 48. 64393.63 8822.315
 48.1 64753.164 9147.26
 48.2 64318.297 9542.12
 48.3 63190.64 9965.04
 48.399998 64732.773 10000.
 48.5 66706.555 10000.
 48.6 68732.57 10000.
 48.7 68599.586 10000.
 48.8 68108.81 10000.
 48.899998 69217.43 10000.
 49. 69240.89 10000.
 49.1 70044.24 10000.
 49.2 71011.65 10000.
 49.3 73190.54 10000.
 49.399998 75441.53 10000.
 49.5 78572.09 10000.
 49.6 81623.34 10000.
 49.7 83424.32 10000.
 49.8 85697.44 10000.
 49.899998 88454.02 10000.
 50. 90556.016 10000.
 
 
 5.1 150964.16 6072.3423
 5.2 149970.28 5908.8794
 5.2999997 148550.33 5957.3467
 5.4 148103.28 5924.9106
 5.5 149167.34 6080.6504
 5.6 149577.95 6080.461
 5.7 150540.86 6234.3154
 5.7999997 152759.77 6270.109
 5.9 155005.66 6232.74
 6. 156690.03 6298.6436
 6.1 160166.61 6474.164
 6.2 163952.73 6743.2666
 6.2999997 167916.45 6842.716
 6.3999996 172032.67 7068.247
 6.5 175883.53 7285.198
 6.6 178713.6 7721.834
 6.7 182736.75 7912.959
 6.7999997 187666.83 8283.084
 6.8999996 191651.11 8873.314
 7. 196363.22 9433.189
 7.1 200897.98 9704.62
 7.2 206020.56 9847.027
 7.2999997 211028.89 10000.
 7.3999996 216884.17 10000.
 7.5 223954.9 10000.
 7.6 229284.69 10000.
 7.7 233384.39 10000.
 7.7999997 239033.16 10000.
 7.8999996 243785.4 10000.
 8. 247546.45 10000.
 8.099999 252258.27 10000.
 8.2 256238.17 10000.
 8.3 261579.64 10000.
 8.4 265838.47 10000.
 8.5 268922.75 10000.
 8.599999 272807.06 10000.
 8.7 276744.97 10000.
 8.8 279924.53 10000.
 8.9 280980.7 10000.
 9. 283161.53 10000.
 9.099999 287513.72 10000.
 9.2 291000.56 10000.
 9.3 292669. 10000.
 9.4 295574.88 10000.
 9.5 298470.1 10000.
 9.599999 300837.63 10000.
 9.7 303589.28 10000.
 9.8 305189. 10000.
 9.9 306203.5 10000.
 10. 306420.8 10000.
 10.099999 308317.03 10000.
 10.2 312059.78 10000.
 10.3 313634.03 10000.
 10.4 314105. 10000.
 10.5 315538.53 10000.
 10.599999 317643.63 10000.
 10.7 320131.8 10000.
 10.8 318777.16 10000.
 10.9 315961.38 10000.
 11. 319141.8 10000.
 11.099999 320007.44 10000.
 11.2 321647.94 10000.
 11.3 319574.44 10000.
 11.4 316452.03 10000.
 11.5 314947.16 10000.
 11.599999 312254.28 10000.
 11.7 308850.56 10000.
 11.8 302646.94 10000.
 11.9 294443.16 10000.
 12. 274400.94 10000.
 12.099999 257123.94 10000.
 12.2 240709.58 10000.
 12.3 231818.86 10000.
 12.4 227114.94 10000.
 12.5 223478.53 10000.
 12.599999 224367.97 10000.
 12.7 223788.97 10000.
 12.799999 223748.5 10000.
 12.9 222550.03 10000.
 13. 218445.25 10000.
 13.099999 219167.95 10000.
 13.2 220831.36 10000.
 13.299999 220381.67 10000.
 13.4 221103.52 10000.
 13.5 222890.03 10000.
 13.599999 223317.05 10000.
 13.7 223256.67 10000.
 13.799999 224324.5 10000.
 13.9 226097.02 10000.
 14. 230611.48 10000.
 14.099999 233459.67 10000.
 14.2 234814.05 10000.
 14.299999 238285.34 10000.
 14.4 243631.48 10000.
 14.5 247898.84 10000.
 14.599999 254440.78 10000.
 14.7 260165.25 10000.
 14.799999 265756.34 10000.
 14.9 270071.72 10000.
 15. 273967. 10000.
 15.099999 278369.1 10000.
 15.2 280537.5 10000.
 15.299999 288590.97 10000.
 15.4 299970.66 10000.
 15.5 305095.63 10000.
 15.599999 304486.4 10000.
 15.7 291844.94 10000.
 15.799999 290975.75 10000.
 15.9 289164.13 10000.
 16. 289663.63 10000.
 16.1 285595.72 10000.
 16.199999 286042. 10000.
 16.3 291935.6 10000.
 16.4 293257.94 10000.
 16.5 293249.5 10000.
 16.6 294868.84 10000.
 16.699999 298973.56 10000.
 16.8 304628.6 10000.
 16.9 305797.84 10000.
 17. 307512.47 10000.
 17.1 307030.8 10000.
 17.199999 310958.8 10000.
 17.3 313010.28 10000.
 17.4 315966.75 10000.
 17.5 317475.22 10000.
 17.6 320601.88 10000.
 17.699999 321780.03 10000.
 17.8 326342.75 10000.
 17.9 334772.72 10000.
 18. 333257.47 10000.
 18.1 334013.06 10000.
 18.199999 335267.5 10000.
 18.3 340628.2 10000.
 18.4 344410.2 10000.
 18.5 345705.97 10000.
 18.6 380468.97 10000.
 18.699999 364115.2 10000.
 18.8 358986.4 10000.
 18.9 356507.7 10000.
 19. 357870.47 10000.
 19.1 358565.1 10000.
 19.199999 384942.94 10000.
 19.3 461171.03 10000.
 19.4 448366.5 10000.
 19.5 507239.75 10000.
 19.6 533506.56 10000.
 19.699999 511320.06 10000.
 19.8 496779.3 10000.
 19.9 481669.66 10000.
 20. 496760.78 10000.
 20.1 502547.28 10000.
 20.199999 539070. 10000.
 20.3 502193.53 10000.
 20.4 473319.25 10000.
 20.5 478767.75 10000.
 20.6 520447.72 10000.
 20.699999 473278.47 10000.
 20.8 508023.56 10000.
 20.9 462393.22 10000.
 21. 450560.8 10000.
 21.1 432986.13 10000.
 21.199999 355954.1 10000.
 21.3 319251.7 10000.
 21.4 306187.06 10000.
 21.5 302146.25 10000.
 21.6 301134.22 10000.
 21.699999 301909.66 10000.
 21.8 302906.53 10000.
 21.9 304430.78 10000.
 22. 305772.03 10000.
 22.1 306371.88 10000.
 22.199999 307353.9 10000.
 22.3 308569.75 10000.
 22.4 310183.38 10000.
 22.5 310116.2 10000.
 22.6 312210.63 10000.
 22.699999 311852.63 10000.
 22.8 315411.44 10000.
 22.9 318744.13 10000.
 23. 320785.7 10000.
 23.1 322715.53 10000.
 23.199999 323963.78 10000.
 23.3 324596.78 10000.
 23.4 328408.38 10000.
 23.5 330987.78 10000.
 23.6 336984.63 10000.
 23.699999 337422.4 10000.
 23.8 371468.5 10000.
 23.9 384941.25 10000.
 24. 362526. 10000.
 24.1 354347.03 10000.
 24.199999 345996.13 10000.
 24.3 343455.47 10000.
 24.4 342071.63 10000.
 24.5 343512.13 10000.
 24.6 351469.25 10000.
 24.699999 342535.34 10000.
 24.8 345022.06 10000.
 24.9 379087.44 10000.
 25. 366314.38 10000.
 25.1 360068.66 10000.
 25.199999 392209. 10000.
 25.3 384741.34 10000.
 25.4 383935.2 10000.
 25.5 426700.6 10000.
 25.599998 399497.5 10000.
 25.699999 376527.25 10000.
 25.8 377223.2 10000.
 25.9 360567.56 10000.
 26. 353907.38 10000.
 26.099998 371609.88 10000.
 26.199999 356830.1 10000.
 26.3 351595.8 10000.
 26.4 366676.06 10000.
 26.5 379507.38 10000.
 26.599998 377523.25 10000.
 26.699999 380760.75 10000.
 26.8 376178.1 10000.
 26.9 377833.56 10000.
 27. 376346.06 10000.
 27.099998 374353.84 10000.
 27.199999 396456.38 10000.
 27.3 395834.5 10000.
 27.4 414208.66 10000.
 27.5 428893.34 10000.
 27.599998 443908.56 10000.
 27.699999 468318.56 10000.
 27.8 466664.2 10000.
 27.9 504237.28 10000.
 28. 541915.3 10000.
 28.099998 559465.9 10000.
 28.199999 522691.06 10000.
 28.3 517380.88 10000.
 28.4 562353.1 10000.
 28.5 554336.6 10000.
 28.599998 601155.8 10000.
 28.699999 609000.8 10000.
 28.8 606933.4 10000.
 28.9 625962.56 10000.
 29. 621481.7 10000.
 29.099998 588098.1 10000.
 29.199999 618590.4 10000.
 29.3 590041. 10000.
 29.4 568538.6 10000.
 29.5 573204.1 10000.
 29.599998 597652.5 10000.
 29.699999 600821.4 10000.
 29.8 632437.94 10000.
 29.9 622441.25 10000.
 30. 628878.75 10000.
 30.099998 667625.9 10000.
 30.199999 646722.3 10000.
 30.3 604017.25 10000.
 30.4 530868.06 10000.
 30.5 474329.2 10000.
 30.599998 485510.6 10000.
 30.699999 442481.13 10000.
 30.8 421458.25 10000.
 30.9 391087.9 10000.
 31. 378277. 10000.
 31.099998 337841.53 10000.
 31.199999 320541.9 10000.
 31.3 332396.34 10000.
 31.4 315876.06 10000.
 31.5 301298.88 10000.
 31.599998 298738.28 10000.
 31.699999 285378.66 10000.
 31.8 275753.22 10000.
 31.9 279912.9 10000.
 32. 293153.5 10000.
 32.1 273020.25 10000.
 32.2 273521.13 10000.
 32.3 302897.2 10000.
 32.399998 327312.13 10000.
 32.5 333723.53 10000.
 32.6 326050.03 10000.
 32.7 311913.53 10000.
 32.8 304467.28 10000.
 32.899998 304768.6 10000.
 33. 305179.44 10000.
 33.1 304938.9 10000.
 33.2 305378.56 10000.
 33.3 305745.47 10000.
 33.399998 306891.63 10000.
 33.5 310100.84 10000.
 33.6 309755.38 10000.
 33.7 311379.84 10000.
 33.8 312595.75 10000.
 33.899998 313300.75 10000.
 34. 314168.75 10000.
 34.1 314933. 10000.
 34.2 313488.5 10000.
 34.3 311105.38 10000.
 34.399998 311699.06 10000.
 34.5 311272.94 10000.
 34.6 311187.84 10000.
 34.7 312078.38 10000.
 34.8 312357. 10000.
 34.899998 312223.3 10000.
 35. 313046.16 10000.
 35.1 314423.7 10000.
 35.2 317055.72 10000.
 35.3 318860.6 10000.
 35.399998 323367.16 10000.
 35.5 326467.13 10000.
 35.6 329693.72 10000.
 35.7 331835.13 10000.
 35.8 333797.38 10000.
 35.899998 337769.44 10000.
 36. 339626.03 10000.
 36.1 343413.88 10000.
 36.2 347199.2 10000.
 36.3 350289.75 10000.
 36.399998 353511.7 10000.
 36.5 357652.34 10000.
 36.6 361562.22 10000.
 36.7 367481.28 10000.
 36.8 370331.7 10000.
 36.899998 376171.78 10000.
 37. 382283.97 10000.
 37.1 385877.34 10000.
 37.2 389492.94 10000.
 37.3 390045.66 10000.
 37.399998 393239.28 10000.
 37.5 395392.06 10000.
 37.6 396983.13 10000.
 37.7 396934.16 10000.
 37.8 396696.8 10000.
 37.899998 398274.94 10000.
 38. 400802.1 10000.
 38.1 401507.88 10000.
 38.2 408923.88 10000.
 38.3 432000.4 10000.
 38.399998 437515.47 10000.
 38.5 473400.1 10000.
 38.6 444640.44 10000.
 38.7 417522.66 10000.
 38.8 407743.6 10000.
 38.899998 401972.28 10000.
 39. 393073.38 10000.
 39.1 382871.22 10000.
 39.2 370614.63 10000.
 39.3 356450. 10000.
 39.399998 344770.3 10000.
 39.5 339097.44 10000.
 39.6 339274.13 10000.
 39.7 337901.47 10000.
 39.8 330658.22 10000.
 39.899998 330589.06 10000.
 40. 332199.22 10000.
 40.1 334979.88 10000.
 40.2 334707.9 10000.
 40.3 330915.84 10000.
 40.399998 324689.7 10000.
 40.5 322875.13 10000.
 40.6 320132.56 10000.
 40.7 311828.94 10000.
 40.8 301390.5 10000.
 40.899998 289853.7 10000.
 41. 279082.34 10000.
 41.1 283537.72 10000.
 41.2 285024.5 10000.
 41.3 287333.6 10000.
 41.399998 287225.1 10000.
 41.5 283530.94 10000.
 41.6 277229.2 10000.
 41.7 269223.66 10000.
 41.8 262205.3 10000.
 41.899998 251878.02 10000.
 42. 245770.05 10000.
 42.1 245541.17 10000.
 42.2 244442.11 10000.
 42.3 236151.42 10000.
 42.399998 228935.98 10000.
 42.5 222769.19 10000.
 42.6 220295.7 10000.
 42.7 217602.13 10000.
 42.8 215194.75 10000.
 42.899998 211365.81 10000.
 43. 210374.39 10000.
 43.1 211859.06 10000.
 43.2 209170.14 10000.
 43.3 208789.63 10000.
 43.399998 207307.45 10000.
 43.5 205072.36 10000.
 43.6 203497.19 10000.
 43.7 199382.77 10000.
 43.8 190193.72 9742.151
 43.899998 186634.83 8724.098
 44. 178646.38 8309.255
 44.1 179114.84 8521.486
 44.2 178704.77 8800.663
 44.3 176658.67 8803.658
 44.399998 176587.58 9088.168
 44.5 173775.16 9808.373
 44.6 164627.45 10000.
 44.7 164817.19 10000.
 44.8 178940.92 10000.
 44.899998 183823.11 10000.
 45. 185350.86 10000.
 45.1 190927.44 10000.
 45.2 193172.38 10000.
 45.3 194225.08 10000.
 45.399998 199866.7 10000.
 45.5 202304.33 10000.
 45.6 207615.22 10000.
 45.7 210530.55 10000.
 45.8 211561.34 10000.
 45.899998 214255.94 10000.
 46. 219394.8 10000.
 46.1 218216.11 10000.
 46.2 217801.95 10000.
 46.3 215773.44 10000.
 46.399998 216606.84 10000.
 46.5 214936.02 10000.
 46.6 213447.02 10000.
 46.7 206977.66 10000.
 46.8 195419.75 8455.925
 46.899998 191190.47 7893.126
 47. 182743.61 7742.786
 47.1 178542.47 7490.4375
 47.2 169605.78 7212.538
 47.3 165309.13 7356.291
 47.399998 161651.97 7659.839
 47.5 158133.6 8095.147
 47.6 157699.28 8274.4795
 47.7 158302.5 8497.996
 47.8 155465.31 8792.954
 47.899998 147985.3 9119.285
 48. 142873.86 9262.683
 48.1 141716.06 9377.776
 48.2 139237.47 9417.818
 48.3 143221.89 9803.041
 48.399998 139409.27 9897.494
 48.5 133756.86 10000.
 48.6 131905.16 10000.
 48.7 132079.33 10000.
 48.8 134084.73 10000.
 48.899998 135072.3 10000.
 49. 134380.58 10000.
 49.1 134784.03 10000.
 49.2 134564.72 9942.119
 49.3 135273.11 9877.807
 49.399998 134365.81 9753.774
 49.5 136362.94 9527.875
 49.6 139057.14 9608.033
 49.7 142332.56 9687.217
 49.8 145549.05 9949.93
 49.899998 148851.03 10000.
 50. 150343.55 10000.
