 5.1 468.06665 7848.908
 5.2 443.15112 7141.7573
 5.2999997 463.11786 6825.868
 5.4 471.61496 6772.707
 5.5 476.86227 6864.9463
 5.6 479.1277 6664.027
 5.7 485.28046 6407.3926
 5.7999997 489.60977 6356.6924
 5.9 488.2888 6450.5376
 6. 491.6833 6409.6675
 6.1 495.40652 6375.06
 6.2 501.14337 6314.1274
 6.2999997 510.5601 6093.078
 6.3999996 511.135 5876.824
 6.5 509.2419 5451.7476
 6.6 504.10016 5088.0435
 6.7 493.91415 4960.96
 6.7999997 480.2766 4920.2905
 6.8999996 466.0995 4635.165
 7. 476.9716 4832.9688
 7.1 474.3975 4628.0835
 7.2 480.34024 4658.9326
 7.2999997 480.77097 4472.8945
 7.3999996 485.41895 4469.8193
 7.5 482.87927 4480.0474
 7.6 479.2786 4710.177
 7.7 472.00046 4767.9556
 7.7999997 443.9569 4889.957
 7.8999996 433.08524 4997.7563
 8. 447.77682 5203.5605
 8.099999 457.4272 5748.3833
 8.2 458.7734 5958.481
 8.3 466.7676 6128.731
 8.4 479.0382 6370.717
 8.5 497.91992 6405.777
 8.599999 510.96817 6367.2637
 8.7 526.9547 6701.8315
 8.8 533.1019 6781.7793
 8.9 541.18646 6685.452
 9. 537.9128 6853.53
 9.099999 530.1655 7070.993
 9.2 521.3546 7310.786
 9.3 507.61728 7297.675
 9.4 491.89066 7484.007
 9.5 428.2836 7451.174
 9.599999 440.33163 7487.1465
 9.7 421.1053 7455.404
 9.8 400.27786 7592.154
 9.9 409.2073 7636.2383
 10. 412.5345 7480.699
 10.099999 414.14352 7643.992
 10.2 414.95935 7592.8477
 10.3 411.33676 7686.2773
 10.4 409.45065 7882.7437
 10.5 410.8324 7836.739
 10.599999 406.51843 7900.511
 10.7 404.8221 7896.27
 10.8 404.08774 7739.4385
 10.9 398.99573 7750.25
 11. 390.57797 7689.096
 11.099999 384.73703 7470.3706
 11.2 380.8945 7438.4883
 11.3 372.09668 7054.449
 11.4 367.34042 6816.8345
 11.5 358.18484 6406.742
 11.599999 354.68988 6033.558
 11.7 351.95328 6182.073
 11.8 376.89645 6039.5337
 11.9 385.71982 6293.0273
 12. 367.11417 6055.4155
 12.099999 379.5675 6107.683
 12.2 384.6536 6479.6304
 12.3 384.6834 6813.1826
 12.4 385.33487 6929.2334
 12.5 384.97516 6855.597
 12.599999 386.39594 6926.251
 12.7 380.75595 6695.952
 12.799999 367.28546 6527.6953
 12.9 339.6166 6265.133
 13. 320.82538 6241.436
 13.099999 307.83588 5975.5107
 13.2 271.8989 5545.3813
 13.299999 244.4325 4340.4546
 13.4 234.22711 3495.959
 13.5 234.43906 2881.8516
 13.599999 221.54834 2700.237
 13.7 211.03528 2617.2385
 13.799999 203.47711 2814.7832
 13.9 199.37383 3319.2588
 14. 214.47997 3745.49
 14.099999 190.36761 3434.5474
 14.2 195.02156 3129.476
 14.299999 188.9124 3373.881
 14.4 155.41397 3345.9214
 14.5 174.02446 5275.948
 14.599999 146.39565 3611.666
 14.7 130.99515 3388.8208
 14.799999 151.9222 3253.7537
 14.9 153.84128 3658.063
 15. 191.95633 7656.3696
 15.099999 156.26958 3707.8823
 15.2 151.07811 3636.0957
 15.299999 136.24367 3400.05
 15.4 159.85233 3511.0688
 15.5 140.98633 3868.2026
 15.599999 140.03546 4159.405
 15.7 136.1428 3989.7607
 15.799999 130.65282 3643.7097
 15.9 147.41881 3212.5103
 16. 142.3901 3335.5073
 16.1 173.38622 4956.3896
 16.199999 145.88637 4625.831
 16.3 122.81054 4792.764
 16.4 154.28032 5073.877
 16.5 142.56067 5026.002
 16.6 135.12917 5149.9775
 16.699999 136.01851 5210.2236
 16.8 138.61705 5365.248
 16.9 141.80571 5486.7266
 17. 144.69043 5572.2173
 17.1 150.08846 5753.442
 17.199999 156.78163 5824.388
 17.3 161.67764 5926.255
 17.4 170.51912 6084.699
 17.5 175.55998 6211.8384
 17.6 182.10907 6320.1284
 17.699999 185.96527 6417.4746
 17.8 192.14816 6483.9834
 17.9 197.351 6633.067
 18. 199.48131 6682.7446
 18.1 204.72627 6722.671
 18.199999 207.93835 6775.1025
 18.3 208.70863 6880.517
 18.4 209.6204 7091.4497
 18.5 203.41386 7232.6123
 18.6 204.76338 7196.6313
 18.699999 206.23878 7381.6436
 18.8 197.35051 7509.32
 18.9 192.10373 7498.2803
 19. 191.28313 7481.754
 19.1 187.60858 7356.069
 19.199999 192.31502 7431.257
 19.3 196.36014 7760.2495
 19.4 201.1413 7953.1465
 19.5 205.08719 8124.7935
 19.6 208.49081 8152.288
 19.699999 210.00128 8167.201
 19.8 210.72089 8400.925
 19.9 209.18364 8456.446
 20. 207.00002 8612.648
 20.1 203.60347 8414.422
 20.199999 191.7624 8491.044
 20.3 173.64578 8508.947
 20.4 173.49657 8129.8604
 20.5 163.27318 8264.347
 20.6 150.12578 8160.3096
 20.699999 112.7842 7461.844
 20.8 118.17576 5954.6577
 20.9 129.83751 6438.346
 21. 150.47586 6271.8345
 21.1 109.32847 6033.4434
 21.199999 121.98553 6401.736
 21.3 182.37627 6889.3857
 21.4 173.37599 6117.657
 21.5 157.05704 6458.03
 21.6 158.1294 6840.6953
 21.699999 155.51909 7179.487
 21.8 147.6532 7500.168
 21.9 148.88898 7674.7583
 22. 144.88426 7732.5654
 22.1 141.24358 7647.9717
 22.199999 129.58354 6975.2495
 22.3 107.13947 6278.168
 22.4 132.3442 8292.006
 22.5 113.215 6400.6553
 22.6 110.49355 5493.318
 22.699999 110.04272 5742.9995
 22.8 94.74934 4372.5693
 22.9 106.51944 5572.9263
 23. 112.16839 5246.902
 23.1 117.05947 4958.181
 23.199999 111.83705 4608.1245
 23.3 90.75812 3872.4697
 23.4 82.02693 2994.622
 23.5 74.509415 2826.0972
 23.6 90.31508 2856.6208
 23.699999 150.03325 5552.341
 23.8 150.22113 5704.4863
 23.9 126.27271 5431.3125
 24. 135.3437 4942.2354
 24.1 119.533104 4661.5977
 24.199999 118.47733 4436.4165
 24.3 120.76281 4246.2017
 24.4 120.46422 4302.045
 24.5 120.64668 4483.616
 24.6 121.43104 4461.3613
 24.699999 119.385124 4322.7876
 24.8 118.1069 4167.3657
 24.9 118.830956 4257.549
 25. 116.714836 4195.243
 25.1 116.482605 4253.558
 25.199999 115.81587 4292.096
 25.3 115.8971 4175.667
 25.4 112.01711 3907.7458
 25.5 111.72755 3148.7383
 25.599998 108.35185 2782.6848
 25.699999 103.087166 2678.593
 25.8 98.9284 2574.0051
 25.9 96.8282 2530.4639
 26. 95.26736 2575.8862
 26.099998 95.4142 2620.479
 26.199999 95.97874 2637.2622
 26.3 96.49114 2624.42
 26.4 96.08743 2671.9058
 26.5 96.46035 2715.2969
 26.599998 99.39498 2787.1692
 26.699999 100.33255 2752.8044
 26.8 97.69685 2603.3555
 26.9 98.398834 2505.0796
 27. 95.91818 2482.438
 27.099998 93.02065 2541.0422
 27.199999 88.344055 2666.7805
 27.3 86.29432 2696.4678
 27.4 86.950935 2775.4138
 27.5 91.238014 2785.3206
 27.599998 93.486404 2862.7214
 27.699999 94.75789 2909.2134
 27.8 99.05405 2977.2878
 27.9 98.58647 2956.1663
 28. 98.0316 3160.9297
 28.099998 96.69052 3351.5095
 28.199999 93.75502 3423.6038
 28.3 91.88546 3444.0134
 28.4 97.7254 3427.5303
 28.5 114.746315 5531.201
 28.599998 83.38846 3301.8777
 28.699999 85.07684 3363.6868
 28.8 80.58947 3344.8257
 28.9 78.24606 3310.4038
 29. 102.077034 4165.8926
 29.099998 88.134186 3488.0056
 29.199999 118.3675 3865.3208
 29.3 99.13448 3180.9426
 29.4 134.88365 5766.281
 29.5 117.11042 4320.8345
 29.599998 121.89492 4739.2095
 29.699999 120.57834 4986.2407
 29.8 120.464836 4936.4087
 29.9 125.00784 5163.5527
 30. 126.28777 5058.3564
 30.099998 125.128136 5172.1396
 30.199999 125.91685 5144.3984
 30.3 124.95364 5145.453
 30.4 125.27948 4964.4614
 30.5 115.150345 4141.7886
 30.599998 110.41863 3600.0112
 30.699999 112.526054 3464.4556
 30.8 106.946526 3737.2864
 30.9 141.07147 3427.6199
 31. 108.8451 5343.6797
 31.099998 109.63777 4731.5493
 31.199999 111.94492 5294.173
 31.3 118.20205 5426.999
 31.4 91.916466 4408.636
 31.5 84.46829 3354.385
 31.599998 97.2678 4142.396
 31.699999 113.964 5741.1714
 31.8 108.244606 5253.41
 31.9 106.05156 4967.0225
 32. 105.69887 4739.198
 32.1 107.416336 4701.458
 32.2 106.56725 4559.416
 32.3 105.82573 4417.6836
 32.399998 103.34937 4359.505
 32.5 103.40336 4276.081
 32.6 104.34038 4273.9463
 32.7 103.684105 4109.9414
 32.8 103.62883 4091.835
 32.899998 104.823265 3935.4797
 33. 108.21892 3924.769
 33.1 111.382645 3832.6265
 33.2 115.36826 3793.348
 33.3 114.90343 3793.602
 33.399998 117.45417 3812.7637
 33.5 120.25721 3775.4307
 33.6 122.48103 3750.683
 33.7 124.69473 3876.014
 33.8 126.603935 3933.113
 33.899998 129.00581 4066.426
 34. 132.80074 4215.413
 34.1 135.25986 4331.793
 34.2 138.0658 4558.4106
 34.3 141.55127 4732.8335
 34.399998 142.42218 4755.367
 34.5 143.97815 4828.3584
 34.6 148.05118 4867.773
 34.7 150.44681 4956.7153
 34.8 152.68594 4904.4336
 34.899998 154.0409 4932.357
 35. 155.93065 4989.592
 35.1 156.8614 4939.5737
 35.2 157.99911 4963.6636
 35.3 162.26794 4924.5713
 35.399998 166.73354 4981.821
 35.5 168.73558 4959.505
 35.6 169.7468 4932.282
 35.7 169.53525 4998.568
 35.8 167.9567 5005.2344
 35.899998 168.7108 4918.37
 36. 168.9963 4882.9795
 36.1 165.11537 4841.037
 36.2 165.34845 4776.6245
 36.3 158.15594 4596.5806
 36.399998 151.5596 4501.7334
 36.5 141.1662 4322.6904
 36.6 111.848145 4238.4697
 36.7 124.29874 3998.5513
 36.8 128.96632 5358.2417
 36.899998 108.42334 3736.5708
 37. 119.9313 3791.421
 37.1 123.98499 3658.3005
 37.2 125.02803 3544.6965
 37.3 124.425545 3361.2441
 37.399998 125.74024 3188.3994
 37.5 125.58989 3072.3167
 37.6 125.79619 3076.2437
 37.7 118.89303 3131.9905
 37.8 111.126465 3022.5422
 37.899998 104.71328 2991.7324
 38. 102.76834 3021.476
 38.1 98.429756 3191.3137
 38.2 106.39682 3202.479
 38.3 97.79325 3402.6758
 38.399998 102.729706 3579.5547
 38.5 117.222946 3734.318
 38.6 93.75366 3904.3413
 38.7 83.31204 3588.7883
 38.8 112.58702 2718.415
 38.899998 97.906425 4613.6357
 39. 112.60687 2754.9824
 39.1 109.30948 5568.5366
 39.2 93.61565 3085.0874
 39.3 103.94741 3308.5762
 39.399998 101.37328 3481.332
 39.5 105.412796 3404.9177
 39.6 115.06818 3368.2856
 39.7 111.04168 3558.734
 39.8 106.46533 3550.9517
 39.899998 100.68569 3395.5122
 40. 103.222786 3597.6465
 40.1 104.55647 3584.4006
 40.2 112.826935 3607.1387
 40.3 121.32237 3686.6604
 40.399998 126.78853 3672.3235
 40.5 133.69656 3621.118
 40.6 139.04488 3589.5503
 40.7 142.26523 3659.6345
 40.8 138.6267 3724.9875
 40.899998 127.10762 3665.607
 41. 112.54719 3680.8418
 41.1 103.69578 3598.287
 41.2 113.18181 3444.3643
 41.3 133.73164 3866.1934
 41.399998 107.632675 3824.6907
 41.5 114.117966 3850.6042
 41.6 101.13179 3416.0327
 41.7 105.63414 3374.1187
 41.8 103.64379 3370.9753
 41.899998 101.29322 3389.1746
 42. 106.049736 3299.385
 42.1 104.60419 3066.9844
 42.2 106.67105 3020.003
 42.3 101.91547 3244.3286
 42.399998 86.40654 3247.0684
 42.5 91.323425 3282.2156
 42.6 92.274765 3028.0635
 42.7 106.25538 4385.1436
 42.8 93.32236 3151.932
 42.899998 99.27825 3362.192
 43. 101.55022 3546.9958
 43.1 102.40045 3580.9993
 43.2 106.04019 3607.7498
 43.3 104.237854 3529.1362
 43.399998 107.151405 3449.4927
 43.5 107.642624 3124.6057
 43.6 103.469376 2916.7449
 43.7 95.35774 2925.5356
 43.8 94.596954 3014.0735
 43.899998 86.24057 3052.4473
 44. 73.45884 2999.6929
 44.1 69.022804 2731.2146
 44.2 99.51991 6659.969
 44.3 92.096725 5384.792
 44.399998 130.8143 5896.6367
 44.5 102.127235 5276.785
 44.6 103.634834 3848.8374
 44.7 91.694115 3949.7817
 44.8 104.45537 4189.321
 44.899998 150.65398 6300.541
 45. 121.95829 4165.578
 45.1 123.95392 4179.0283
 45.2 115.39554 4166.765
 45.3 116.36235 4046.1338
 45.399998 114.14473 4022.0369
 45.5 113.217384 3846.3735
 45.6 120.68665 3833.284
 45.7 117.60463 3897.1387
 45.8 121.82637 3822.888
 45.899998 124.31864 3836.3098
 46. 125.3433 3804.7778
 46.1 124.86085 3900.3467
 46.2 125.1446 3876.379
 46.3 126.38333 3979.9263
 46.399998 122.604805 3913.0283
 46.5 119.94304 3723.3281
 46.6 113.9661 3361.605
 46.7 112.84681 3401.2305
 46.8 114.63582 3458.3723
 46.899998 111.20871 3395.1223
 47. 110.97876 3434.1
 47.1 107.68606 3482.1724
 47.2 109.217384 3585.448
 47.3 103.99296 3592.9653
 47.399998 104.47757 3475.6274
 47.5 115.24512 3437.8125
 47.6 102.924385 3475.0732
 47.7 102.67177 3413.1147
 47.8 113.3788 3491.349
 47.899998 121.57097 3570.07
 48. 122.27707 3648.473
 48.1 123.07705 3772.745
 48.2 119.68826 3623.94
 48.3 114.00784 3457.872
 48.399998 102.329346 3283.5142
 48.5 97.80247 3024.0513
 48.6 106.195724 3774.358
 48.7 107.7814 4296.663
 48.8 118.293594 4084.9902
 48.899998 115.61129 4181.21
 49. 112.83746 4199.76
 49.1 110.435196 4215.8994
 49.2 110.445625 4127.9414
 49.3 114.24293 4065.134
 49.399998 107.98284 4146.134
 49.5 109.5849 4244.3276
 49.6 108.35061 4428.9067
 49.7 105.59747 4654.5767
 49.8 101.68674 4892.106
 49.899998 97.76966 5048.6147
 50. 119.50188 5067.301


 5.1 533.3484 6792.652
 5.2 539.9147 6636.9014
 5.2999997 531.66846 7733.7236
 5.4 508.23895 8118.91
 5.5 500.90985 8441.909
 5.6 494.51846 8648.104
 5.7 495.3676 8387.081
 5.7999997 486.74814 7520.595
 5.9 491.84427 7090.291
 6. 469.12073 6854.7637
 6.1 469.049 6895.1865
 6.2 467.41797 6875.0566
 6.2999997 464.51404 6881.715
 6.3999996 466.8192 6847.0293
 6.5 459.74857 6857.0996
 6.6 455.3734 6643.216
 6.7 449.3948 6427.7646
 6.7999997 447.6196 5985.771
 6.8999996 450.0244 5534.1626
 7. 446.99033 5018.245
 7.1 455.58005 5263.8457
 7.2 463.32678 5957.862
 7.2999997 468.42664 6428.343
 7.3999996 476.8695 6980.209
 7.5 485.3689 7336.1777
 7.6 499.73218 7460.114
 7.7 503.68625 7541.5024
 7.7999997 513.1291 7630.509
 7.8999996 523.5249 7675.638
 8. 531.84705 7803.103
 8.099999 542.16754 7782.204
 8.2 548.99695 8020.0654
 8.3 552.2344 8277.154
 8.4 551.8069 8707.885
 8.5 561.52576 8920.773
 8.599999 566.1523 9300.817
 8.7 576.4252 9530.965
 8.8 583.07245 9660.605
 8.9 587.0044 9926.806
 9. 588.1477 9984.727
 9.099999 582.9557 10019.409
 9.2 572.419 9682.07
 9.3 555.25366 9071.306
 9.4 493.2259 7706.4736
 9.5 452.52356 5346.2866
 9.599999 392.07016 4288.8125
 9.7 423.51083 4505.3564
 9.8 378.90622 4291.9854
 9.9 352.76898 4277.1396
 10. 328.48312 4388.7197
 10.099999 316.78336 4239.6606
 10.2 312.79886 4599.2446
 10.3 341.37268 9143.086
 10.4 325.98422 5922.5283
 10.5 325.4281 7460.9614
 10.599999 292.50925 7466.2227
 10.7 293.548 7426.714
 10.8 304.4019 7591.5674
 10.9 313.73755 7955.675
 11. 323.34647 8078.546
 11.099999 324.77603 8064.9023
 11.2 333.12265 8249.963
 11.3 344.01047 8394.12
 11.4 353.26077 8799.076
 11.5 355.0276 9268.115
 11.599999 358.58032 9475.926
 11.7 383.5088 9661.524
 11.8 394.12976 9863.365
 11.9 404.3263 9292.141
 12. 392.24167 9446.157
 12.099999 390.23187 9618.913
 12.2 385.19156 9660.011
 12.3 378.6325 9582.425
 12.4 369.11664 9657.516
 12.5 361.4054 9603.499
 12.599999 366.08286 9599.605
 12.7 375.88882 9601.758
 12.799999 384.948 9554.808
 12.9 394.3175 9531.43
 13. 397.85315 9377.285
 13.099999 409.04022 9259.962
 13.2 420.7694 9170.13
 13.299999 433.36285 9157.086
 13.4 444.12833 9272.687
 13.5 453.77145 9334.413
 13.599999 462.1763 9461.192
 13.7 472.2035 9309.879
 13.799999 473.44696 9024.957
 13.9 470.5365 8796.74
 14. 467.65784 8421.972
 14.099999 464.14185 7966.508
 14.2 467.52036 7767.956
 14.299999 470.29944 7772.158
 14.4 476.0211 7789.5957
 14.5 483.46887 7907.4746
 14.599999 491.4149 8080.6875
 14.7 504.6916 8135.1074
 14.799999 515.7036 8315.639
 14.9 525.1141 8536.431
 15. 536.671 8623.613
 15.099999 547.4324 8880.211
 15.2 553.5475 9059.261
 15.299999 556.72107 9206.852
 15.4 564.4001 9296.565
 15.5 570.5187 9466.191
 15.599999 579.39185 9649.375
 15.7 587.651 9735.324
 15.799999 594.3789 9801.861
 15.9 598.03827 9892.885
 16. 604.2367 9986.7295
 16.1 611.57983 10011.893
 16.199999 616.01807 10037.398
 16.3 625.37524 9932.66
 16.4 630.9871 9929.262
 16.5 637.1481 9883.743
 16.6 643.3189 9864.207
 16.699999 641.7609 9767.75
 16.8 644.2141 9601.189
 16.9 648.11316 9496.057
 17. 648.6835 9472.203
 17.1 653.80756 9444.852
 17.199999 655.7697 9581.193
 17.3 657.2782 9625.469
 17.4 663.2774 9727.158
 17.5 664.25287 9989.243
 17.6 667.0446 10166.133
 17.699999 649.9982 10446.765
 17.8 639.6859 10596.501
 17.9 626.52704 10706.683
 18. 615.1072 10325.3
 18.1 604.70294 9728.602
 18.199999 602.02277 9198.346
 18.3 592.9114 9147.095
 18.4 580.0072 9014.664
 18.5 580.45905 9103.668
 18.6 580.20996 9360.516
 18.699999 587.82227 9501.117
 18.8 579.799 9610.702
 18.9 582.83673 9944.897
 19. 586.16833 10164.438
 19.1 584.6643 10397.652
 19.199999 587.7038 10517.918
 19.3 594.60455 10734.255
 19.4 599.07434 10678.424
 19.5 592.65125 10649.4
 19.6 597.94116 10798.889
 19.699999 601.67944 11040.182
 19.8 611.1072 11045.137
 19.9 619.27747 11180.65
 20. 627.5692 11118.373
 20.1 635.2987 11122.873
 20.199999 642.3604 11069.408
 20.3 647.5263 11261.205
 20.4 654.0341 11609.917
 20.5 664.8089 11726.811
 20.6 668.288 11517.133
 20.699999 662.5081 11270.053
 20.8 677.88446 11232.385
 20.9 690.8406 11373.393
 21. 698.2113 11412.009
 21.1 709.3527 11438.743
 21.199999 719.7531 11737.448
 21.3 727.46594 12010.625
 21.4 733.7986 12306.663
 21.5 735.5999 12525.294
 21.6 742.7776 12655.281
 21.699999 757.32947 12733.492
 21.8 762.1431 12650.901
 21.9 773.20123 12812.28
 22. 786.7522 13431.483
 22.1 794.899 13645.728
 22.199999 809.83453 13830.826
 22.3 822.5823 14145.465
 22.4 837.8822 14346.225
 22.5 854.22095 14724.741
 22.6 868.5066 14949.617
 22.699999 883.9429 15101.092
 22.8 893.5778 15181.911
 22.9 904.90607 15289.903
 23. 915.5769 15462.803
 23.1 917.19653 15817.412
 23.199999 926.1941 15609.252
 23.3 927.56036 15392.939
 23.4 918.2863 14397.657
 23.5 913.65125 13739.098
 23.6 907.5583 13055.033
 23.699999 901.06635 11750.254
 23.8 887.6499 10003.148
 23.9 846.10187 10300.862
 24. 816.5999 10522.063
 24.1 804.8864 10846.989
 24.199999 801.91077 10968.575
 24.3 808.8339 11044.894
 24.4 806.50226 11124.194
 24.5 807.70337 11149.289
 24.6 808.39575 10925.859
 24.699999 805.8713 10235.797
 24.8 791.52075 9479.506
 24.9 757.764 9429.923
 25. 672.7793 8783.607
 25.1 619.8733 7354.635
 25.199999 577.88745 6841.046
 25.3 574.00757 6095.953
 25.4 553.7176 5985.9146
 25.5 522.4474 5899.558
 25.599998 493.568 5860.172
 25.699999 477.51645 6069.789
 25.8 475.12238 6011.0205
 25.9 410.62637 6052.7656
 26. 377.097 6314.077
 26.099998 396.51813 6142.9453
 26.199999 405.03305 7022.817
 26.3 431.24042 7236.5576
 26.4 423.9132 7268.1753
 26.5 441.471 7612.4023
 26.599998 450.19995 7910.95
 26.699999 467.1102 8135.054
 26.8 484.41757 8312.223
 26.9 495.3007 8524.479
 27. 512.27893 8917.115
 27.099998 525.78674 9312.797
 27.199999 536.7427 9431.24
 27.3 552.3325 9770.257
 27.4 562.37634 9895.188
 27.5 577.9613 10210.447
 27.599998 591.3592 10358.608
 27.699999 599.03735 10493.742
 27.8 608.16925 10789.93
 27.9 610.3843 10929.609
 28. 622.44403 11122.946
 28.099998 633.5027 11190.23
 28.199999 642.42194 11278.156
 28.3 646.9153 11469.627
 28.4 659.56006 11457.3955
 28.5 669.78656 12014.764
 28.599998 679.4471 12141.222
 28.699999 689.42456 12231.674
 28.8 700.71564 12402.208
 28.9 717.43243 12198.34
 29. 723.6287 12448.465
 29.099998 732.81036 12577.818
 29.199999 742.19415 12501.555
 29.3 748.84375 12540.689
 29.4 753.3629 12674.719
 29.5 758.5355 12624.668
 29.599998 760.98083 12634.582
 29.699999 760.2339 12425.813
 29.8 768.60205 12359.429
 29.9 770.4687 12260.996
 30. 774.39655 12097.525
 30.099998 780.7875 11819.509
 30.199999 789.07416 11918.442
 30.3 794.48773 11663.475
 30.4 799.2086 11500.093
 30.5 809.08795 11636.675
 30.599998 815.64655 11579.482
 30.699999 826.1141 11571.779
 30.8 837.1598 11690.322
 30.9 850.42773 11856.555
 31. 860.2349 11991.964
 31.099998 869.62634 12026.982
 31.199999 881.1476 12124.74
 31.3 888.9864 12078.522
 31.4 895.2078 12030.6875
 31.5 900.1682 11756.564
 31.599998 903.6007 11756.293
 31.699999 909.93085 11620.666
 31.8 914.3309 11479.612
 31.9 915.8789 11458.332
 32. 917.11127 11408.722
 32.1 917.8571 11230.352
 32.2 914.056 10862.142
 32.3 920.1406 10842.236
 32.399998 915.4623 10829.809
 32.5 909.2516 10724.755
 32.6 909.9204 10626.379
 32.7 900.0481 10254.533
 32.8 882.1653 10009.296
 32.899998 841.8928 9886.271
 33. 795.51117 9085.343
 33.1 741.4929 7311.6875
 33.2 717.2322 6456.3667
 33.3 701.45514 6577.9424
 33.399998 699.9593 6355.8164
 33.5 710.60333 6258.283
 33.6 719.9057 6325.289
 33.7 738.0325 6344.8013
 33.8 756.905 6711.767
 33.899998 779.44025 7258.254
 34. 801.94586 7773.6465
 34.1 820.8375 8407.95
 34.2 835.0134 8917.033
 34.3 860.1532 9461.393
 34.399998 873.9215 10039.125
 34.5 890.29474 10294.705
 34.6 903.6384 10484.233
 34.7 914.08923 10740.777
 34.8 929.2378 10809.185
 34.899998 937.21515 10959.917
 35. 943.7301 11233.459
 35.1 965.44635 11434.993
 35.2 981.1298 11481.414
 35.3 988.0697 11852.066
 35.399998 1001.96686 12139.346
 35.5 1013.42346 12240.057
 35.6 1023.0466 12296.601
 35.7 1031.313 12350.096
 35.8 1043.0659 12293.755
 35.899998 1052.4146 12316.671
 36. 1062.6608 12396.948
 36.1 1067.4465 12463.01
 36.2 1072.1254 12590.781
 36.3 1078.4901 12447.106
 36.399998 1077.182 12496.6045
 36.5 1078.7655 12542.579
 36.6 1077.0825 12586.624
 36.7 1077.7007 12459.4375
 36.8 1079.9938 12420.959
 36.899998 1076.2697 12562.891
 37. 1069.9315 12787.177
 37.1 1075.4786 13169.5205
 37.2 1078.0149 13231.28
 37.3 1088.4801 13230.215
 37.399998 1089.2245 13369.277
 37.5 1097.6927 13424.402
 37.6 1109.2886 13546.844
 37.7 1123.1321 13576.787
 37.8 1135.5673 13997.941
 37.899998 1143.8168 14267.704
 38. 1150.6663 14456.022
 38.1 1159.1804 14665.943
 38.2 1161.3467 14483.35
 38.3 1165.7262 14433.
 38.399998 1168.8655 14351.84
 38.5 1169.4452 14257.719
 38.6 1163.333 14286.176
 38.7 1152.2571 14094.311
 38.8 1144.1447 14040.813
 38.899998 1129.6329 13780.711
 39. 1105.3816 13695.423
 39.1 1072.5568 13671.871
 39.2 1020.94165 12945.91
 39.3 987.62946 11513.928
 39.399998 919.8137 9159.805
 39.5 884.31104 8631.03
 39.6 849.47675 8141.109
 39.7 826.56415 7666.2354
 39.8 803.9082 7345.0786
 39.899998 805.31555 7126.7188
 40. 796.368 7096.1377
 40.1 797.3839 7029.791
 40.2 793.99084 6908.673
 40.3 786.9121 6825.4707
 40.399998 772.41 6720.8896
 40.5 765.33026 6699.819
 40.6 761.7685 6741.672
 40.7 756.27673 6770.9785
 40.8 753.652 6700.5723
 40.899998 743.2322 6691.2817
 41. 733.4851 6655.4014
 41.1 723.7494 6660.8013
 41.2 709.60516 6495.745
 41.3 693.36206 6301.2236
 41.399998 679.21985 6089.509
 41.5 661.4799 5882.9697
 41.6 646.0875 5940.6274
 41.7 640.9992 6150.6704
 41.8 629.3928 7325.141
 41.899998 619.7321 6965.4414
 42. 612.074 6915.168
 42.1 579.1507 6864.969
 42.2 547.7163 6856.3164
 42.3 545.325 6805.253
 42.399998 520.8554 6669.331
 42.5 489.63962 6636.3076
 42.6 447.8957 6275.911
 42.7 428.40796 6257.433
 42.8 434.78052 6349.643
 42.899998 431.11472 6415.8047
 43. 419.06644 6395.07
 43.1 390.9286 6151.314
 43.2 390.60892 6168.437
 43.3 408.30884 6558.498
 43.399998 391.77374 6177.4346
 43.5 367.74652 6100.012
 43.6 352.05286 6003.542
 43.7 372.64658 5952.0327
 43.8 395.39523 6153.921
 43.899998 391.99768 6229.7954
 44. 386.34808 6332.5557
 44.1 397.26785 7343.842
 44.2 414.5156 7437.4937
 44.3 416.60812 7295.951
 44.399998 421.0618 7435.112
 44.5 432.10754 7284.6436
 44.6 433.46988 7178.013
 44.7 430.93726 7216.273
 44.8 429.87946 7421.619
 44.899998 433.84344 7627.0186
 45. 433.89664 7510.117
 45.1 427.57947 7646.538
 45.2 419.56854 7555.6646
 45.3 408.9664 7709.366
 45.399998 394.6037 7553.0327
 45.5 386.25876 7542.7944
 45.6 382.99887 7267.0376
 45.7 393.22772 6819.4883
 45.8 388.8206 6355.805
 45.899998 378.89673 6564.331
 46. 366.75903 6677.055
 46.1 361.82214 6687.666
 46.2 347.73398 6732.452
 46.3 390.95804 6565.1143
 46.399998 316.91724 6522.2314
 46.5 324.21408 6472.2383
 46.6 308.16507 6256.0664
 46.7 298.03708 6327.8604
 46.8 287.89703 6112.6475
 46.899998 266.4646 5985.135
 47. 262.45917 5916.0054
 47.1 284.85593 5818.0254
 47.2 278.62665 5610.645
 47.3 282.18088 5552.162
 47.399998 279.76895 5586.6016
 47.5 265.9858 5613.2344
 47.6 258.6025 5690.0737
 47.7 259.30286 5944.408
 47.8 279.33292 6061.631
 47.899998 266.19238 6146.7607
 48. 257.48148 6204.972
 48.1 260.2401 6075.786
 48.2 256.3095 5836.938
 48.3 250.06349 5478.6763
 48.399998 245.35472 4765.556
 48.5 222.81647 4218.914
 48.6 190.46329 4203.762
 48.7 174.64165 4182.501
 48.8 203.19742 4087.6045
 48.899998 177.39188 4066.2468
 49. 176.06743 5391.837
 49.1 194.17102 5964.9746
 49.2 178.23401 3990.1614
 49.3 205.71786 4702.6455
 49.399998 201.7221 4462.688
 49.5 199.90158 4355.096
 49.6 204.51868 4370.0947
 49.7 208.52959 4438.3906
 49.8 214.15773 4444.249
 49.899998 219.43706 4585.8228
 50. 220.93529 4666.532


 5.1 1231.4192 12841.057
 5.2 1246.0243 13528.522
 5.2999997 1256.976 14151.202
 5.4 1266.233 14701.156
 5.5 1276.7292 15255.864
 5.6 1285.2734 15851.633
 5.7 1297.7041 16546.
 5.7999997 1314.6918 16725.982
 5.9 1333.9631 17189.068
 6. 1366.59 16452.02
 6.1 1383.8812 15503.055
 6.2 1390.0876 15419.756
 6.2999997 1402.871 15132.229
 6.3999996 1393.2456 14741.36
 6.5 1365.8706 15433.305
 6.6 1386.2444 15177.53
 6.7 1395.4296 15547.803
 6.7999997 1389.5913 16343.841
 6.8999996 1369.9033 17013.498
 7. 1334.2319 17364.357
 7.1 1301.477 17121.182
 7.2 1282.3527 17633.54
 7.2999997 1246.9703 17553.824
 7.3999996 1232.8829 17698.89
 7.5 1229.8391 17256.777
 7.6 1222.6625 16735.785
 7.7 1218.9338 16403.154
 7.7999997 1214.7411 16377.312
 7.8999996 1201.6516 15702.777
 8. 1182.6362 14164.212
 8.099999 1131.164 11830.702
 8.2 1096.3489 11354.699
 8.3 1107.2579 11588.3545
 8.4 1090.239 11220.6
 8.5 1088.469 11125.346
 8.599999 1097.3645 11038.237
 8.7 1100.0845 11036.268
 8.8 1109.6553 11008.916
 8.9 1118.1234 11188.953
 9. 1131.3712 11103.173
 9.099999 1149.1669 11020.234
 9.2 1165.0839 11212.725
 9.3 1179.4585 11239.895
 9.4 1189.0919 11351.638
 9.5 1205.4254 11384.382
 9.599999 1218.1857 11442.003
 9.7 1226.2638 11576.8545
 9.8 1230.303 11696.021
 9.9 1248.871 11796.23
 10. 1259.501 11808.275
 10.099999 1273.2914 11970.931
 10.2 1285.473 11996.269
 10.3 1305.523 11948.254
 10.4 1324.774 12114.176
 10.5 1344.6138 12194.484
 10.599999 1359.6201 12639.451
 10.7 1373.7913 12944.287
 10.8 1387.6759 13548.714
 10.9 1403.5607 13736.909
 11. 1418.7344 13781.904
 11.099999 1432.5239 13821.309
 11.2 1447.1976 14046.1
 11.3 1468.6938 14401.523
 11.4 1487.7451 14297.927
 11.5 1509.326 14587.545
 11.599999 1527.3707 14721.415
 11.7 1551.7639 14623.521
 11.8 1574.0223 14541.765
 11.9 1594.8398 14561.156
 12. 1619.1837 14626.346
 12.099999 1644.5194 14723.432
 12.2 1661.8171 14466.027
 12.3 1673.9397 14483.291
 12.4 1676.5814 14637.141
 12.5 1671.9897 14658.671
 12.599999 1665.0171 14789.285
 12.7 1659.9056 14939.701
 12.799999 1657.4967 14901.839
 12.9 1651.3995 15027.154
 13. 1642.8135 14730.471
 13.099999 1634.7261 14620.621
 13.2 1623.1853 14527.487
 13.299999 1597.6835 14514.056
 13.4 1580.5815 14683.885
 13.5 1553.6318 15039.007
 13.599999 1541.1051 15392.614
 13.7 1524.7493 15597.672
 13.799999 1506.7993 16047.287
 13.9 1497.0613 16497.45
 14. 1482.1774 16355.831
 14.099999 1463.2332 16118.618
 14.2 1452.278 15628.627
 14.299999 1459.7163 15777.826
 14.4 1442.7338 15306.941
 14.5 1436.3022 14726.621
 14.599999 1447.846 14595.944
 14.7 1450.9762 14711.144
 14.799999 1453.5597 14842.797
 14.9 1468.4469 14990.263
 15. 1495.0403 15475.91
 15.099999 1505.6508 16773.486
 15.2 1540.3208 15306.244
 15.299999 1521.6826 16086.885
 15.4 1540.8588 16391.604
 15.5 1573.975 15276.344
 15.599999 1583.5911 17300.51
 15.7 1610.7579 15695.825
 15.799999 1606.054 17512.746
 15.9 1639.6564 16121.974
 16. 1654.0444 18389.453
 16.1 1679.636 16356.533
 16.199999 1670.3856 18450.746
 16.3 1683.7317 16275.115
 16.4 1707.0363 18173.559
 16.5 1701.3612 16653.25
 16.6 1699.8239 17102.07
 16.699999 1704.1293 16619.65
 16.8 1727.2496 19031.057
 16.9 1740.0844 16894.92
 17. 1738.1516 16664.719
 17.1 1745.2305 17256.73
 17.199999 1762.7333 18386.895
 17.3 1772.4187 18064.51
 17.4 1804.6976 17323.232
 17.5 1809.2163 17466.45
 17.6 1806.221 18183.307
 17.699999 1827.9235 19615.648
 17.8 1847.7406 17869.824
 17.9 1833.429 17728.412
 18. 1840.4314 18466.027
 18.1 1872.0905 18888.527
 18.199999 1879.8744 18330.115
 18.3 2018.2222 29881.969
 18.4 1878.5133 21229.924
 18.5 1832.3955 19644.316
 18.6 1868.6714 20754.53
 18.699999 1873.2935 20019.004
 18.8 1893.6385 20932.975
 18.9 1886.4226 20721.857
 19. 1903.2622 21182.697
 19.1 1928.6748 21122.55
 19.199999 1960.0642 19981.822
 19.3 1946.8744 20829.729
 19.4 1971.1434 23723.305
 19.5 2012.1563 27437.922
 19.6 1981.5106 19804.732
 19.699999 2159.2368 18451.027
 19.8 2258.325 17182.36
 19.9 2592.9863 31635.436
 20. 2891.2725 38576.984
 20.1 3048.4421 47505.465
 20.199999 3411.1663 45342.75
 20.3 3291.8406 45217.766
 20.4 3479.5518 50152.434
 20.5 3553.6184 55927.26
 20.6 3592.6294 57892.043
 20.699999 3558.445 46695.785
 20.8 3314.9746 48293.11
 20.9 3169.9885 50036.832
 21. 3484.502 47232.734
 21.1 3454.6003 43498.297
 21.199999 3457.452 37441.72
 21.3 3082.2166 38620.594
 21.4 3184.0603 41697.883
 21.5 3094.1929 43281.258
 21.6 2845.5557 50743.74
 21.699999 2687.4333 46881.28
 21.8 2565.2305 41566.08
 21.9 2398.6575 42316.813
 22. 2357.179 54506.637
 22.1 2370.295 57399.52
 22.199999 2370.5935 59652.047
 22.3 2352.234 61292.406
 22.4 2332.5776 62515.586
 22.5 2302.7952 63441.906
 22.6 2272.9202 64084.188
 22.699999 2246.8262 64449.098
 22.8 2232.5327 64566.4
 22.9 2217.588 64409.26
 23. 2217.0505 60898.258
 23.1 2394.285 55889.75
 23.199999 2618.4595 54877.82
 23.3 2629.5625 50770.977
 23.4 2756.183 46220.934
 23.5 2756.8147 51049.082
 23.6 2902.4722 45318.492
 23.699999 2783.826 45748.727
 23.8 2621.8962 44060.484
 23.9 2514.0461 39749.17
 24. 2455.338 39909.906
 24.1 2447.0315 40042.027
 24.199999 2414.3054 40030.75
 24.3 2407.258 39928.97
 24.4 2473.0889 39911.242
 24.5 2604.5254 39951.973
 24.6 2785.9075 47934.05
 24.699999 2716.5803 53577.484
 24.8 2732.6729 57873.03
 24.9 2724.5093 59520.008
 25. 2638.4863 55996.797
 25.1 2652.56 49314.727
 25.199999 2609.2817 54611.324
 25.3 2548.58 45380.26
 25.4 2538.1265 41080.79
 25.5 2623.7441 44433.71
 25.599998 2708.2803 47587.273
 25.699999 2745.7075 50597.164
 25.8 2792.8403 53409.086
 25.9 2820.7678 55912.242
 26. 2836.1663 58150.555
 26.099998 2836.0872 60196.195
 26.199999 2865.2346 62076.285
 26.3 2874.0583 63742.465
 26.4 2904.2915 65252.96
 26.5 2790.048 65217.055
 26.599998 2750.6987 65049.6
 26.699999 2826.6763 65965.
 26.8 2797.671 68165.3
 26.9 2714.1921 69636.836
 27. 2702.0327 72267.53
 27.099998 2728.029 74504.36
 27.199999 2760.0984 76250.016
 27.3 2858.9788 75275.77
 27.4 3036.2168 74393.78
 27.5 3253.5781 77609.17
 27.599998 3360.397 78723.55
 27.699999 3395.2742 80176.734
 27.8 3756.286 77705.17
 27.9 4090.1108 81909.81
 28. 4466.9146 81958.98
 28.099998 4707.7183 76203.336
 28.199999 4922.174 64424.633
 28.3 4824.2847 67049.44
 28.4 4632.079 66956.984
 28.5 4524.5664 67270.06
 28.599998 4595.6875 67725.75
 28.699999 4306.2485 65992.95
 28.8 4168.572 63848.61
 28.9 4056.4624 58489.03
 29. 4239.6436 67733.7
 29.099998 4273.246 68523.67
 29.199999 4235.5693 63096.54
 29.3 4224.5073 59168.098
 29.4 4356.2485 69425.664
 29.5 4500.142 74114.19
 29.599998 4715.3086 80251.5
 29.699999 4503.584 72452.93
 29.8 4148.0684 69636.89
 29.9 3846.7368 71097.195
 30. 4151.9043 59949.344
 30.099998 3948.4675 55105.17
 30.199999 3409.4084 52330.6
 30.3 3400.593 57030.586
 30.4 3513.4185 56916.6
 30.5 3519.6543 58401.586
 30.599998 3420.8083 59778.863
 30.699999 3371.6895 62978.313
 30.8 3413.5994 65498.383
 30.9 3501.8115 67568.695
 31. 3349.0488 69178.04
 31.099998 3149.9048 65642.734
 31.199999 2973.2034 65861.875
 31.3 2878.5725 66698.3
 31.4 2780.5667 66843.72
 31.5 2750.202 66757.234
 31.599998 2727.9656 66673.04
 31.699999 2715.7373 66589.42
 31.8 2715.1284 66502.03
 31.9 2711.9602 66372.664
 32. 2694.866 66205.69
 32.1 2680.249 66006.34
 32.2 2662.193 65885.55
 32.3 2633.6655 66163.34
 32.399998 2606.828 66583.34
 32.5 2604.5415 67044.67
 32.6 2593.2085 67522.92
 32.7 2585.7808 68037.37
 32.8 2580.2424 68597.81
 32.899998 2578.8674 69227.34
 33. 2575.1655 69939.516
 33.1 2566.4465 70731.55
 33.2 2554.3596 71634.25
 33.3 2586.2861 72721.
 33.399998 2621.5862 74018.914
 33.5 2684.9617 75423.93
 33.6 2815.7441 77067.766
 33.7 2886.1997 78880.44
 33.8 2909.5266 80588.08
 33.899998 2856.9075 81852.65
 34. 2658.4343 74661.2
 34.1 2404.708 73490.81
 34.2 2282.248 76466.47
 34.3 2160.9707 81428.73
 34.399998 2085.1572 86591.76
 34.5 2072.4128 90978.734
 34.6 2092.6062 94170.445
 34.7 2107.508 96792.48
 34.8 2116.21 98688.266
 34.899998 2128.1829 99964.58
 35. 2143.0078 100720.09
 35.1 2166.3445 101085.805
 35.2 2203.4678 101252.96
 35.3 2184.4048 100607.3
 35.399998 2237.8728 101201.93
 35.5 2265.748 96671.57
 35.6 2299.392 101495.16
 35.7 2320.0466 103138.58
 35.8 2329.5693 104283.15
 35.899998 2347.472 105061.96
 36. 2363.4065 105613.
 36.1 2363.5881 105965.65
 36.2 2374.548 106214.81
 36.3 2386.5283 106358.88
 36.399998 2394.1736 106437.67
 36.5 2409.567 106470.51
 36.6 2420.1934 106466.81
 36.7 2434.463 106457.82
 36.8 2447.0388 106389.1
 36.899998 2453.022 106353.7
 37. 2467.3647 106279.5
 37.1 2475.8281 106205.21
 37.2 2498.3613 106101.57
 37.3 2516.1504 106000.25
 37.399998 2531.7524 105930.97
 37.5 2552.6455 105831.05
 37.6 2569.8096 105731.875
 37.7 2583.8877 105620.516
 37.8 2602.8262 105539.945
 37.899998 2595.0967 105415.586
 38. 2602.4263 105326.94
 38.1 2606.047 105234.234
 38.2 2589.6152 105141.29
 38.3 2586.824 105031.31
 38.399998 2579.8843 104957.75
 38.5 2561.022 104852.875
 38.6 2531.0913 104733.36
 38.7 2461.9207 104647.31
 38.8 2402.0278 104543.46
 38.899998 2354.9902 104438.7
 39. 2325.2007 104324.64
 39.1 2276.034 104205.375
 39.2 2194.4368 104095.08
 39.3 2167.9912 104052.19
 39.399998 2163.5063 103940.27
 39.5 2159.8474 103788.984
 39.6 2165.3333 103691.98
 39.7 2179.4958 103637.12
 39.8 2189.1729 103473.08
 39.899998 2199.8867 103340.26
 40. 2207.8215 103278.625
 40.1 2222.5103 103169.78
 40.2 2231.7705 102992.6
 40.3 2246.818 102938.5
 40.399998 2258.655 102838.97
 40.5 2265.4172 102720.58
 40.6 2278.56 102648.51
 40.7 2289.1338 102483.734
 40.8 2302.1143 102365.54
 40.899998 2309.8623 102249.055
 41. 2316.1638 102155.13
 41.1 2313.647 102052.66
 41.2 2311.2817 101951.28
 41.3 2304.168 101846.04
 41.399998 2266.7637 101739.93
 41.5 2223.751 101643.61
 41.6 2244.5615 101504.79
 41.7 2266.027 101407.04
 41.8 2280.9182 101286.48
 41.899998 2299.376 101182.06
 42. 2312.3704 101059.43
 42.1 2323.5266 100967.58
 42.2 2334.051 100849.55
 42.3 2347.5535 100754.43
 42.399998 2367.8464 100640.81
 42.5 2379.7742 100529.51
 42.6 2398.2637 100401.7
 42.7 2420.5623 100291.8
 42.8 2435.0332 100185.836
 42.899998 2443.3972 100102.7
 43. 2449.7576 99929.65
 43.1 2461.5735 99834.22
 43.2 2465.5632 99731.57
 43.3 2466.5444 99628.44
 43.399998 2478.7283 99473.62
 43.5 2473.385 99402.39
 43.6 2473.4963 99277.52
 43.7 2474.4539 99142.484
 43.8 2474.058 99065.55
 43.899998 2465.929 98939.56
 44. 2463.085 98792.28
 44.1 2446.5127 98654.4
 44.2 2439.7395 98524.85
 44.3 2433.422 98408.75
 44.399998 2421.9365 98267.375
 44.5 2408.7424 98116.195
 44.6 2388.0098 97979.03
 44.7 2382.4495 97898.34
 44.8 2376.2456 97769.164
 44.899998 2367.7205 97636.11
 45. 2365.9912 97510.83
 45.1 2367.8484 97366.73
 45.2 2365.27 97264.664
 45.3 2360.3936 97084.664
 45.399998 2363.4368 97003.98
 45.5 2366.3296 96904.39
 45.6 2362.5166 96781.33
 45.7 2369.2969 96643.836
 45.8 2376.0254 96525.875
 45.899998 2384.3687 96388.3
 46. 2388.304 96264.75
 46.1 2393.7341 96045.27
 46.2 2396.438 95981.16
 46.3 2395.4272 95870.734
 46.399998 2401.3398 95719.2
 46.5 2412.815 95576.164
 46.6 2421.3005 95426.61
 46.7 2425.078 95275.914
 46.8 2432.4314 95154.86
 46.899998 2417.401 95002.58
 47. 2429.8245 94894.305
 47.1 2433.191 94730.914
 47.2 2441.9985 94599.22
 47.3 2450.6526 94446.59
 47.399998 2466.9539 94341.63
 47.5 2479.5298 94218.07
 47.6 2482.0698 94084.21
 47.7 2498.292 93878.84
 47.8 2513.0422 93804.164
 47.899998 2518.7468 93634.86
 48. 2528.5608 93484.41
 48.1 2532.1206 93311.87
 48.2 2532.9595 93162.17
 48.3 2530.9377 93006.93
 48.399998 2515.281 92857.58
 48.5 2480.089 92703.92
 48.6 2483.995 92524.945
 48.7 2485.3098 92387.55
 48.8 2479.6716 92253.11
 48.899998 2476.2822 92060.625
 49. 2471.2932 91921.55
 49.1 2462.1565 91763.04
 49.2 2445.199 91593.17
 49.3 2426.0056 91395.586
 49.399998 2383.4219 91217.54
 49.5 2348.6765 91074.28
 49.6 2306.2524 90892.86
 49.7 2261.9023 90734.18
 49.8 2230.4849 90603.28
 49.899998 2179.6719 90407.836
 50. 2121.101 90226.31


 5.1 2512.4158 54502.535
 5.2 2412.913 56023.21
 5.2999997 2294.9229 51935.98
 5.4 1606.259 26252.916
 5.5 1547.861 37523.008
 5.6 1654.0317 52490.613
 5.7 1664.5266 59112.79
 5.7999997 1639.7446 60941.53
 5.9 1622.2109 59493.816
 6. 1635.275 56458.547
 6.1 1609.04 56331.98
 6.2 1584.1266 56969.332
 6.2999997 1565.5511 58290.465
 6.3999996 1554.0854 58851.844
 6.5 1548.7305 59120.18
 6.6 1554.7216 59158.08
 6.7 1562.6271 59079.586
 6.7999997 1569.8278 58980.996
 6.8999996 1590.8833 58798.633
 7. 1595.982 58593.875
 7.1 1610.903 58411.883
 7.2 1624.7476 58150.89
 7.2999997 1626.607 57961.215
 7.3999996 1634.8605 57643.344
 7.5 1634.8025 57429.97
 7.6 1641.5852 57170.664
 7.7 1654.1952 56893.242
 7.7999997 1657.7902 56613.008
 7.8999996 1658.8135 56365.64
 8. 1666.9136 56081.293
 8.099999 1676.2344 55803.195
 8.2 1683.7145 55517.938
 8.3 1695.1636 55199.473
 8.4 1721.5178 54926.77
 8.5 1704.5212 54595.32
 8.599999 1684.1116 54250.047
 8.7 1674.7823 53987.547
 8.8 1682.6172 53641.91
 8.9 1676.4897 53342.297
 9. 1671.4001 52986.703
 9.099999 1670.4471 52610.52
 9.2 1649.3326 52224.977
 9.3 1613.9548 51803.54
 9.4 1596.6523 51402.32
 9.5 1568.1323 50992.773
 9.599999 1501.5754 50549.832
 9.7 1395.6218 50151.754
 9.8 1325.578 49714.273
 9.9 1302.1147 49356.76
 10. 1280.9056 49056.734
 10.099999 1268.6023 48728.875
 10.2 1276.8113 48442.934
 10.3 1274.4795 48138.05
 10.4 1275.2428 47832.348
 10.5 1281.5848 47457.168
 10.599999 1294.0331 47091.64
 10.7 1306.8395 46665.29
 10.8 1324.4932 46290.05
 10.9 1336.1083 45856.79
 11. 1341.8983 45414.86
 11.099999 1340.7358 44972.348
 11.2 1346.1932 44502.418
 11.3 1337.6211 43997.574
 11.4 1323.857 43450.617
 11.5 1282.0809 42879.383
 11.599999 1234.3774 42238.523
 11.7 1165.5536 41512.344
 11.8 1107.4943 40677.227
 11.9 1083.4519 39700.87
 12. 1092.6615 38472.867
 12.099999 1049.3909 37086.65
 12.2 953.7782 35042.066
 12.3 1005.6639 32146.883
 12.4 953.98706 28827.344
 12.5 938.2353 25127.17
 12.599999 828.5513 13328.129
 12.7 660.71326 8641.341
 12.799999 647.403 7594.324
 12.9 637.5034 7757.381
 13. 647.22925 8075.899
 13.099999 654.6643 8123.467
 13.2 669.1432 8366.615
 13.299999 688.5404 8426.925
 13.4 698.12213 8563.903
 13.5 707.7542 8865.932
 13.599999 727.28326 8896.951
 13.7 749.7227 8931.645
 13.799999 779.6245 8987.729
 13.9 805.61804 9069.789
 14. 827.8664 9097.803
 14.099999 847.23456 9321.406
 14.2 866.326 9528.805
 14.299999 884.4261 9661.17
 14.4 912.6855 9782.451
 14.5 921.4307 9967.883
 14.599999 943.62396 10083.683
 14.7 972.77716 10317.789
 14.799999 987.6624 10323.219
 14.9 1006.05115 10623.486
 15. 1030.6068 10690.08
 15.099999 1047.5055 10790.556
 15.2 1061.3278 10832.981
 15.299999 1082.0872 10804.9
 15.4 1101.9205 10989.922
 15.5 1126.6954 10951.295
 15.599999 1151.2085 10983.811
 15.7 1167.3008 11266.551
 15.799999 1201.2546 11512.424
 15.9 1219.5406 11636.324
 16. 1245.7101 11739.625
 16.1 1268.5394 12080.716
 16.199999 1289.9779 12035.028
 16.3 1313.8832 12241.404
 16.4 1335.4888 12310.695
 16.5 1353.1495 12309.211
 16.6 1368.9397 12342.646
 16.699999 1393.8756 12391.68
 16.8 1413.2538 12401.951
 16.9 1434.1724 12318.768
 17. 1454.3705 12310.802
 17.1 1470.4364 12055.982
 17.199999 1485.428 11930.97
 17.3 1509.5621 11850.933
 17.4 1533.726 11538.451
 17.5 1532.0359 11410.622
 17.6 1528.7147 11263.408
 17.699999 1521.4901 11003.309
 17.8 1516.4797 10740.12
 17.9 1492.7399 10557.982
 18. 1449.9446 10365.169
 18.1 1417.6353 11094.567
 18.199999 1390.9331 10757.883
 18.3 1362.3164 10807.722
 18.4 1318.6544 10602.95
 18.5 1262.213 10631.847
 18.6 1183.3198 11012.818
 18.699999 1200.3777 13264.826
 18.8 1182.7151 11639.957
 18.9 1168.4335 10791.443
 19. 1169.7593 10727.659
 19.1 1159.8977 10608.779
 19.199999 1139.6078 10440.827
 19.3 1121.1846 10349.833
 19.4 1106.5598 10640.548
 19.5 1080.4313 10630.137
 19.6 1083.6416 11381.337
 19.699999 1089.3528 11757.946
 19.8 1094.6755 11980.913
 19.9 1101.9497 12491.325
 20. 1108.3564 12882.982
 20.1 1117.1056 12881.372
 20.199999 1112.0802 12428.562
 20.3 1077.623 11566.516
 20.4 1079.9329 10868.064
 20.5 1101.8062 10849.873
 20.6 1111.692 10985.664
 20.699999 1126.3898 11212.154
 20.8 1136.1279 11554.717
 20.9 1150.7769 11703.004
 21. 1165.1576 11771.621
 21.1 1173.7737 11751.3
 21.199999 1187.7144 11983.291
 21.3 1201.5428 12070.221
 21.4 1214.737 12261.097
 21.5 1230.397 12187.018
 21.6 1244.6415 11842.795
 21.699999 1265.506 11832.038
 21.8 1277.7261 11997.97
 21.9 1300.2332 12242.539
 22. 1325.0693 12475.921
 22.1 1348.0747 12711.694
 22.199999 1376.0214 12824.759
 22.3 1395.9105 12901.181
 22.4 1412.582 12989.143
 22.5 1435.0294 13026.642
 22.6 1450.1819 13100.514
 22.699999 1465.3297 13201.475
 22.8 1480.2343 13288.43
 22.9 1489.7891 13402.227
 23. 1507.6436 13552.889
 23.1 1526.2749 13605.153
 23.199999 1547.037 13943.644
 23.3 1564.6628 14194.035
 23.4 1588.9843 14481.6455
 23.5 1601.0663 14651.014
 23.6 1612.5168 14896.926
 23.699999 1629.4525 15059.95
 23.8 1637.5219 14995.8545
 23.9 1652.0061 15283.38
 24. 1677.7593 15337.067
 24.1 1694.2632 15466.918
 24.199999 1766.034 17500.088
 24.3 2122.8838 28162.324
 24.4 2819.173 38630.72
 24.5 2796.607 38112.234
 24.6 3377.1973 44627.355
 24.699999 3666.6113 40440.063
 24.8 3916.4387 42772.1
 24.9 4557.5884 44914.75
 25. 4555.815 45957.38
 25.1 4839.379 52316.324
 25.199999 4916.8467 55522.43
 25.3 5056.444 51193.39
 25.4 5142.718 51093.11
 25.5 5338.602 50896.516
 25.599998 5256.8433 51837.83
 25.699999 5543.2637 52142.406
 25.8 5281.167 52898.938
 25.9 4903.542 50932.125
 26. 5017.2407 51611.42
 26.099998 5032.0654 46156.652
 26.199999 4146.982 49216.79
 26.3 4156.276 49496.07
 26.4 4148.273 48254.086
 26.5 4026.2424 43942.97
 26.599998 4120.4126 39405.41
 26.699999 4083.0684 37331.68
 26.8 4266.4414 36840.977
 26.9 4252.141 39802.63
 27. 3973.8774 41956.46
 27.099998 3961.8997 40174.258
 27.199999 4036.37 49042.54
 27.3 4196.34 65245.605
 27.4 4139.018 62888.957
 27.5 4311.218 61939.746
 27.599998 4076.4004 48099.824
 27.699999 4002.5344 53777.34
 27.8 4156.6035 51830.695
 27.9 4491.102 51752.832
 28. 4852.3853 51612.336
 28.099998 4254.6304 36703.516
 28.199999 4071.2854 32522.004
 28.3 4036.4077 38505.406
 28.4 3786.4404 38736.68
 28.5 3592.133 38513.72
 28.599998 3654.4766 39345.34
 28.699999 3288.7253 39376.
 28.8 2681.0457 38082.543
 28.9 2240.0696 33179.9
 29. 2065.3079 40586.65
 29.099998 2095.3037 34680.36
 29.199999 2013.9075 29080.064
 29.3 1941.9247 31047.842
 29.4 1803.1652 26246.75
 29.5 1822.014 21895.738
 29.599998 1741.4531 17051.756
 29.699999 1636.213 17725.52
 29.8 1599.732 17051.535
 29.9 1580.187 17276.729
 30. 1578.269 17716.43
 30.099998 1561.936 18077.988
 30.199999 1540.1239 17903.035
 30.3 1524.5184 17696.451
 30.4 1507.2383 17369.283
 30.5 1481.4028 17027.355
 30.599998 1454.8901 16877.994
 30.699999 1429.9379 16534.705
 30.8 1406.5986 15883.742
 30.9 1376.9624 15937.522
 31. 1349.5691 15737.629
 31.099998 1334.5314 15165.623
 31.199999 1308.6093 15180.072
 31.3 1272.6907 14837.753
 31.4 1240.5405 14403.1455
 31.5 1218.0973 13408.861
 31.599998 1187.7637 12780.585
 31.699999 1097.4019 12228.596
 31.8 1018.32587 11863.804
 31.9 970.63025 11377.881
 32. 973.07007 10974.559
 32.1 1007.2788 10961.016
 32.2 1003.80164 11081.45
 32.3 1001.7103 11410.973
 32.399998 1002.05225 11477.033
 32.5 1010.0398 11692.786
 32.6 1017.4547 11777.271
 32.7 1034.2308 11768.056
 32.8 1056.2051 11649.738
 32.899998 1069.3104 11586.599
 33. 1081.7379 11518.443
 33.1 1101.4911 11667.999
 33.2 1113.9661 11811.479
 33.3 1131.8207 12015.074
 33.399998 1143.0824 12088.315
 33.5 1147.336 12270.705
 33.6 1156.674 12359.959
 33.7 1169.9148 12490.614
 33.8 1179.7524 12596.058
 33.899998 1192.1036 12742.343
 34. 1206.678 12590.822
 34.1 1224.4604 12727.74
 34.2 1235.604 12608.789
 34.3 1253.1556 12639.452
 34.399998 1282.1149 12780.426
 34.5 1300.1729 13081.792
 34.6 1314.5225 13234.681
 34.7 1336.6414 13393.234
 34.8 1366.6351 13561.461
 34.899998 1396.6797 13570.727
 35. 1411.8213 13852.082
 35.1 1433.7483 14267.234
 35.2 1452.3464 14911.545
 35.3 1472.9847 15560.432
 35.399998 1508.1747 16480.758
 35.5 1606.5344 19654.059
 35.6 1874.0068 25782.912
 35.7 2085.2 28637.043
 35.8 2275.4192 36103.883
 35.899998 1986.7524 37787.656
 36. 1698.1538 22693.227
 36.1 1602.9858 16676.578
 36.2 1588.2917 18419.082
 36.3 1626.501 19361.7
 36.399998 1686.788 20317.85
 36.5 1769.1698 19576.756
 36.6 1825.6691 19740.523
 36.7 1872.4613 19002.95
 36.8 1897.3561 18655.793
 36.899998 1891.5491 19288.174
 37. 1894.5345 19897.266
 37.1 1898.6501 19527.918
 37.2 1916.6272 18792.773
 37.3 1921.3647 19505.96
 37.399998 1936.7422 19272.277
 37.5 1957.2527 19559.307
 37.6 1965.433 20269.787
 37.7 1921.8989 17812.59
 37.8 1938.6918 16199.257
 37.899998 1918.0266 16944.732
 38. 1907.1959 17571.473
 38.1 1944.5106 17759.715
 38.2 1956.3665 18183.217
 38.3 1996.0593 17849.053
 38.399998 2020.2466 17654.252
 38.5 2028.3807 17348.111
 38.6 2040.491 17148.586
 38.7 2063.7837 16703.422
 38.8 2080.1304 16461.67
 38.899998 2089.2021 16549.076
 39. 2084.0432 16759.486
 39.1 2095.2373 17231.518
 39.2 2118.8662 18099.871
 39.3 2120.5537 18006.117
 39.399998 2202.8064 17079.35
 39.5 2538.7004 30113.746
 39.6 2708.5015 31868.082
 39.7 2673.1306 30673.414
 39.8 2961.3147 31468.297
 39.899998 3057.999 41220.434
 40. 3469.436 35871.56
 40.1 3358.758 35702.598
 40.2 3563.0923 44054.35
 40.3 3472.2021 45832.29
 40.399998 3663.8313 42520.613
 40.5 3693.992 46908.902
 40.6 3708.4922 45066.563
 40.7 3797.415 44641.727
 40.8 3722.9082 44169.67
 40.899998 3742.183 43775.656
 41. 3403.6174 44281.18
 41.1 3229.527 45245.965
 41.2 3486.7485 45521.504
 41.3 3291.5881 35703.66
 41.399998 3686.782 39335.36
 41.5 3558.468 37221.953
 41.6 3819.3696 44209.74
 41.7 4005.5662 46409.086
 41.8 3938.9075 43822.24
 41.899998 3775.0469 41871.664
 42. 3697.902 47582.332
 42.1 3380.0925 44950.395
 42.2 3184.6375 43215.563
 42.3 3574.6057 40226.004
 42.399998 3908.88 41845.98
 42.5 3978.693 38736.695
 42.6 3986.837 44399.07
 42.7 4110.8457 44945.656
 42.8 4142.202 44021.867
 42.899998 4145.7676 44134.727
 43. 4252.3735 45821.133
 43.1 4241.1733 45285.895
 43.2 4117.0986 45900.22
 43.3 3876.5022 44445.92
 43.399998 3531.0427 44183.777
 43.5 3420.709 43048.45
 43.6 3259.5996 40627.973
 43.7 3135.18 40069.83
 43.8 3264.4126 49635.97
 43.899998 3330.9634 65104.625
 44. 3314.0823 71343.33
 44.1 3323.1226 44183.71
 44.2 3104.8894 50064.395
 44.3 2956.3215 50757.945
 44.399998 3369.607 55339.344
 44.5 3562.243 43802.37
 44.6 3848.1204 41499.67
 44.7 4057.73 41741.977
 44.8 3810.179 41727.84
 44.899998 3877.771 43159.758
 45. 3776.1262 48344.844
 45.1 3975.0164 51744.625
 45.2 3677.1362 53642.72
 45.3 3408.4304 54980.188
 45.399998 3190.02 55165.395
 45.5 3094.4077 55779.016
 45.6 3215.7297 57515.824
 45.7 3305.5168 54805.51
 45.8 3540.7898 50127.594
 45.899998 3173.1587 52481.633
 46. 2946.9565 58941.305
 46.1 2852.4417 65246.484
 46.2 2896.3413 70898.16
 46.3 2561.4292 76191.055
 46.399998 2362.0903 80620.96
 46.5 2245.0986 84012.53
 46.6 2126.955 86227.695
 46.7 2014.1904 85921.91
 46.8 1961.6779 85699.62
 46.899998 1952.9161 85743.49
 47. 1950.7208 85734.56
 47.1 1967.1436 85627.555
 47.2 1968.1726 85520.47
 47.3 1956.2301 85257.125
 47.399998 1944.7328 84846.016
 47.5 1930.5502 84265.44
 47.6 1914.4055 83479.95
 47.7 1903.5591 82331.59
 47.8 1895.2277 80175.32
 47.899998 1948.0776 70194.37
 48. 1952.2345 51409.11
 48.1 1883.4369 27775.29
 48.2 2171.708 18334.549
 48.3 2133.7148 33688.78
 48.399998 2737.0537 33073.12
 48.5 2999.0544 26844.754
 48.6 2755.459 28347.086
 48.7 2705.0269 27468.61
 48.8 2811.241 31967.82
 48.899998 2881.3743 31731.643
 49. 3066.8582 29420.
 49.1 2937.1152 29242.965
 49.2 2730.6755 21415.26
 49.3 3097.4026 30904.557
 49.399998 3073.0269 28304.47
 49.5 2875.2024 33136.34
 49.6 2795.3853 26303.395
 49.7 2020.7517 16257.502
 49.8 1754.5936 13421.783
 49.899998 1627.2639 10286.531
 50. 1545.2351 9577.675


