 0.099999994 0.
 0.19999999 0.
 0.29999998 0.
 0.39999998 0.
 0.5 0.
 0.59999996 0.
 0.7 0.
 0.79999995 0.
 0.9 0.
 1. 0.
 1.1 0.
 1.1999999 0.
 1.3 0.
 1.4 0.
 1.5 0.
 1.5999999 0.
 1.6999999 0.
 1.8 0.
 1.9 0.
 2. 0.
 2.1 0.
 2.2 0.
 2.3 0.
 2.3999999 0.
 2.5 0.
 2.6 0.
 2.7 0.
 2.8 0.
 2.8999999 0.
 3. 0.
 3.1 0.
 3.1999998 0.
 3.3 0.
 3.3999999 0.
 3.5 0.
 3.6 0.
 3.6999998 0.
 3.8 0.
 3.8999999 0.
 4. 0.
 4.1 0.
 4.2 0.
 4.2999997 0.
 4.4 0.
 4.5 0.
 4.6 0.
 4.7 0.
 4.7999997 0.
 4.9 0.
 5. 0.
 5.1 512.56036
 5.2 504.30597
 5.2999997 493.67004
 5.4 495.90207
 5.5 489.92163
 5.6 493.471
 5.7 496.60272
 5.7999997 499.48148
 5.9 500.61746
 6. 497.10233
 6.1 489.71683
 6.2 487.86743
 6.2999997 484.65442
 6.3999996 484.3832
 6.5 473.40668
 6.6 469.847
 6.7 466.03006
 6.7999997 456.5431
 6.8999996 454.47137
 7. 457.19183
 7.1 459.12125
 7.2 462.61603
 7.2999997 466.71167
 7.3999996 469.8512
 7.5 472.47894
 7.6 473.09015
 7.7 472.72058
 7.7999997 469.3203
 7.8999996 467.56464
 8. 463.1353
 8.099999 462.49973
 8.2 458.4079
 8.3 448.8372
 8.4 442.404
 8.5 446.12225
 8.599999 438.35867
 8.7 435.47516
 8.8 433.92905
 8.9 433.97757
 9. 432.56924
 9.099999 421.32645
 9.2 415.3315
 9.3 413.86633
 9.4 422.39218
 9.5 428.89462
 9.599999 423.37396
 9.7 421.59106
 9.8 420.5987
 9.9 414.84024
 10. 414.0121
 10.099999 413.70715
 10.2 415.67996
 10.3 424.57443
 10.4 426.26215
 10.5 430.2835
 10.599999 430.04614
 10.7 430.0601
 10.8 429.79636
 10.9 430.27304
 11. 425.69485
 11.099999 417.25922
 11.2 406.2576
 11.3 403.4629
 11.4 393.89352
 11.5 394.02408
 11.599999 391.3702
 11.7 395.62845
 11.8 385.44666
 11.9 377.775
 12. 371.0759
 12.099999 377.36307
 12.2 360.0481
 12.3 366.6057
 12.4 362.01675
 12.5 367.2497
 12.599999 364.6456
 12.7 364.95737
 12.799999 365.58386
 12.9 363.06448
 13. 349.83975
 13.099999 346.85742
 13.2 344.70627
 13.299999 339.31235
 13.4 351.8885
 13.5 338.43924
 13.599999 336.0488
 13.7 327.65927
 13.799999 333.93765
 13.9 328.49255
 14. 327.99008
 14.099999 332.91827
 14.2 336.44943
 14.299999 337.4737
 14.4 334.0132
 14.5 338.67767
 14.599999 341.11517
 14.7 343.44272
 14.799999 358.19205
 14.9 355.23837
 15. 355.34567
 15.099999 360.64374
 15.2 364.69867
 15.299999 366.58795
 15.4 367.21924
 15.5 370.5843
 15.599999 372.02377
 15.7 372.43768
 15.799999 371.6498
 15.9 369.8479
 16. 364.39212
 16.1 368.71286
 16.199999 367.44543
 16.3 366.10004
 16.4 365.32813
 16.5 364.70877
 16.6 362.14154
 16.699999 366.4502
 16.8 367.34793
 16.9 370.59286
 17. 371.5567
 17.1 368.72842
 17.199999 369.70026
 17.3 369.6687
 17.4 367.4018
 17.5 358.9952
 17.6 350.11484
 17.699999 348.9128
 17.8 345.42062
 17.9 359.0538
 18. 359.94687
 18.1 359.82837
 18.199999 357.1787
 18.3 358.9666
 18.4 360.52798
 18.5 357.265
 18.6 356.56625
 18.699999 350.45648
 18.8 347.46442
 18.9 352.33084
 19. 333.4229
 19.1 342.13736
 19.199999 334.52866
 19.3 329.62897
 19.4 324.8891
 19.5 323.95944
 19.6 323.18887
 19.699999 322.5295
 19.8 323.6758
 19.9 329.47183
 20. 329.91864
 20.1 331.26816
 20.199999 331.18677
 20.3 331.10577
 20.4 326.31366
 20.5 330.37994
 20.6 331.76523
 20.699999 326.73648
 20.8 328.195
 20.9 330.35648
 21. 339.5824
 21.1 340.8443
 21.199999 345.96152
 21.3 356.03992
 21.4 360.59647
 21.5 367.10416
 21.6 374.54822
 21.699999 378.7364
 21.8 383.1587
 21.9 387.5508
 22. 387.37225
 22.1 385.5641
 22.199999 385.414
 22.3 382.2224
 22.4 398.5108
 22.5 401.90143
 22.6 402.09518
 22.699999 406.45184
 22.8 403.63147
 22.9 404.19217
 23. 406.1859
 23.1 407.51498
 23.199999 410.0087
 23.3 409.6541
 23.4 415.09393
 23.5 417.866
 23.6 423.7044
 23.699999 427.4247
 23.8 426.31555
 23.9 426.9353
 24. 425.77347
 24.1 428.58594
 24.199999 431.45624
 24.3 435.44025
 24.4 439.46918
 24.5 441.57986
 24.6 442.7017
 24.699999 439.9888
 24.8 438.7661
 24.9 434.6079
 25. 428.50583
 25.1 421.68326
 25.199999 415.9418
 25.3 406.36804
 25.4 399.37024
 25.5 391.37634
 25.599998 404.80933
 25.699999 387.81165
 25.8 381.70184
 25.9 383.89996
 26. 387.33002
 26.099998 388.69727
 26.199999 392.08563
 26.3 394.43695
 26.4 397.09558
 26.5 397.45837
 26.599998 403.854
 26.699999 395.39767
 26.8 396.4928
 26.9 398.7954
 27. 396.77753
 27.099998 390.8289
 27.199999 389.74182
 27.3 394.04486
 27.4 387.40063
 27.5 392.55298
 27.599998 389.90048
 27.699999 390.59763
 27.8 390.77505
 27.9 390.33475
 28. 387.3648
 28.099998 379.96603
 28.199999 373.89078
 28.3 367.94394
 28.4 358.4218
 28.5 373.60263
 28.599998 369.50085
 28.699999 364.9077
 28.8 347.05023
 28.9 346.85815
 29. 353.50488
 29.099998 333.40448
 29.199999 320.4205
 29.3 319.1493
 29.4 309.3521
 29.5 305.34756
 29.599998 288.58487
 29.699999 282.35986
 29.8 274.9318
 29.9 281.12994
 30. 279.1893
 30.099998 277.10406
 30.199999 275.40143
 30.3 275.45667
 30.4 275.87927
 30.5 277.53223
 30.599998 268.69217
 30.699999 257.23242
 30.8 248.41826
 30.9 250.62381
 31. 252.72961
 31.099998 251.06073
 31.199999 249.33348
 31.3 250.48067
 31.4 246.34805
 31.5 243.56683
 31.599998 237.55927
 31.699999 234.72696
 31.8 230.07472
 31.9 239.53683
 32. 233.57104
 32.1 234.1658
 32.2 239.27759
 32.3 240.92007
 32.399998 245.17584
 32.5 248.78755
 32.6 240.97348
 32.7 226.58142
 32.8 222.3448
 32.899998 226.28897
 33. 228.66473
 33.1 237.56357
 33.2 243.29597
 33.3 242.65932
 33.399998 241.02928
 33.5 252.7282
 33.6 246.90201
 33.7 258.23883
 33.8 256.58185
 33.899998 259.77182
 34. 259.7647
 34.1 263.3733
 34.2 262.37692
 34.3 269.12976
 34.399998 271.75485
 34.5 269.8274
 34.6 281.2194
 34.7 287.90125
 34.8 277.36252
 34.899998 279.1907
 35. 279.94086
 35.1 279.23285
 35.2 285.55737
 35.3 290.932
 35.399998 293.30338
 35.5 297.54285
 35.6 299.9674
 35.7 304.19305
 35.8 308.4433
 35.899998 309.18628
 36. 311.76746
 36.1 313.038
 36.2 316.06738
 36.3 317.32785
 36.399998 324.29752
 36.5 326.9652
 36.6 329.60986
 36.7 334.98523
 36.8 335.65472
 36.899998 336.01947
 37. 333.78967
 37.1 330.90933
 37.2 326.6516
 37.3 320.66827
 37.399998 322.22034
 37.5 321.79816
 37.6 326.35925
 37.7 314.87268
 37.8 320.46503
 37.899998 324.30057
 38. 332.4203
 38.1 329.86273
 38.2 331.073
 38.3 335.53207
 38.399998 338.76917
 38.5 342.80426
 38.6 343.93307
 38.7 344.90424
 38.8 346.8763
 38.899998 363.70526
 39. 356.9462
 39.1 356.7972
 39.2 361.62042
 39.3 363.86658
 39.399998 374.18832
 39.5 376.2895
 39.6 379.25293
 39.7 383.01266
 39.8 383.0075
 39.899998 383.5617
 40. 382.1385
 40.1 370.95453
 40.2 363.53195
 40.3 369.71634
 40.399998 361.25192
 40.5 358.47458
 40.6 354.37967
 40.7 356.10742
 40.8 351.25687
 40.899998 347.26923
 41. 348.83948
 41.1 353.3263
 41.2 351.31247
 41.3 353.2245
 41.399998 348.9963
 41.5 350.18433
 41.6 344.1708
 41.7 340.1513
 41.8 339.14932
 41.899998 333.2002
 42. 323.53876
 42.1 328.0733
 42.2 323.22083
 42.3 319.2026
 42.399998 314.55988
 42.5 316.5221
 42.6 316.55576
 42.7 313.4526
 42.8 320.2738
 42.899998 328.01648
 43. 329.7755
 43.1 334.267
 43.2 338.9076
 43.3 337.5999
 43.399998 335.2708
 43.5 335.7238
 43.6 334.90747
 43.7 336.8991
 43.8 337.064
 43.899998 329.17706
 44. 323.43253
 44.1 325.34772
 44.2 321.13953
 44.3 316.94955
 44.399998 314.7688
 44.5 310.0019
 44.6 298.41068
 44.7 292.88934
 44.8 290.5252
 44.899998 286.03583
 45. 280.59805
 45.1 277.9697
 45.2 270.5425
 45.3 255.10681
 45.399998 257.42673
 45.5 258.14322
 45.6 250.79846
 45.7 251.1993
 45.8 247.2902
 45.899998 241.25348
 46. 244.23288
 46.1 252.92906
 46.2 257.38266
 46.3 258.56937
 46.399998 251.69019
 46.5 236.91676
 46.6 227.23471
 46.7 226.59642
 46.8 220.98375
 46.899998 221.25748
 47. 216.21828
 47.1 216.19275
 47.2 211.4336
 47.3 234.31378
 47.399998 228.03952
 47.5 242.95995
 47.6 245.86757
 47.7 248.4349
 47.8 251.09546
 47.899998 253.30502
 48. 250.9464
 48.1 250.39455
 48.2 249.63708
 48.3 254.42155
 48.399998 275.04956
 48.5 271.73044
 48.6 276.41144
 48.7 272.56024
 48.8 269.2124
 48.899998 266.45743
 49. 266.10925
 49.1 268.73846
 49.2 268.10837
 49.3 265.90833
 49.399998 268.36548
 49.5 269.03394
 49.6 278.69443
 49.7 278.052
 49.8 278.54004
 49.899998 279.82498
 50. 274.8106
 50.1 0.


 0.099999994 0.
 0.19999999 0.
 0.29999998 0.
 0.39999998 0.
 0.5 0.
 0.59999996 0.
 0.7 0.
 0.79999995 0.
 0.9 0.
 1. 0.
 1.1 0.
 1.1999999 0.
 1.3 0.
 1.4 0.
 1.5 0.
 1.5999999 0.
 1.6999999 0.
 1.8 0.
 1.9 0.
 2. 0.
 2.1 0.
 2.2 0.
 2.3 0.
 2.3999999 0.
 2.5 0.
 2.6 0.
 2.7 0.
 2.8 0.
 2.8999999 0.
 3. 0.
 3.1 0.
 3.1999998 0.
 3.3 0.
 3.3999999 0.
 3.5 0.
 3.6 0.
 3.6999998 0.
 3.8 0.
 3.8999999 0.
 4. 0.
 4.1 0.
 4.2 0.
 4.2999997 0.
 4.4 0.
 4.5 0.
 4.6 0.
 4.7 0.
 4.7999997 0.
 4.9 0.
 5. 0.
 5.1 794.41986
 5.2 786.93005
 5.2999997 778.25476
 5.4 775.45886
 5.5 773.5206
 5.6 766.20593
 5.7 761.1332
 5.7999997 752.5986
 5.9 742.02734
 6. 738.35254
 6.1 728.43536
 6.2 718.7395
 6.2999997 700.83344
 6.3999996 690.95483
 6.5 670.19135
 6.6 649.11096
 6.7 632.8729
 6.7999997 608.6655
 6.8999996 590.5238
 7. 559.1233
 7.1 552.5846
 7.2 551.1234
 7.2999997 554.23865
 7.3999996 562.14105
 7.5 560.655
 7.6 569.7413
 7.7 573.4691
 7.7999997 573.9706
 7.8999996 573.7566
 8. 590.38416
 8.099999 586.43634
 8.2 596.4466
 8.3 602.2094
 8.4 613.0509
 8.5 618.4648
 8.599999 629.7506
 8.7 639.03235
 8.8 647.207
 8.9 659.55554
 9. 669.9939
 9.099999 676.6473
 9.2 684.224
 9.3 692.7975
 9.4 697.60474
 9.5 700.263
 9.599999 702.61176
 9.7 716.6958
 9.8 717.89465
 9.9 715.9493
 10. 713.3183
 10.099999 714.701
 10.2 716.17816
 10.3 718.0836
 10.4 722.7053
 10.5 726.64594
 10.599999 725.86975
 10.7 719.29956
 10.8 714.8089
 10.9 712.0845
 11. 719.1355
 11.099999 721.4765
 11.2 725.4512
 11.3 729.6865
 11.4 737.2634
 11.5 742.78796
 11.599999 752.1522
 11.7 755.68915
 11.8 762.01416
 11.9 769.4129
 12. 771.3455
 12.099999 777.93115
 12.2 786.22174
 12.3 790.4547
 12.4 795.9082
 12.5 800.7803
 12.599999 805.4791
 12.7 808.06055
 12.799999 811.4062
 12.9 807.34247
 13. 803.6445
 13.099999 792.1922
 13.2 787.32855
 13.299999 778.6597
 13.4 772.8236
 13.5 776.1191
 13.599999 777.558
 13.7 772.4415
 13.799999 762.1675
 13.9 741.0566
 14. 730.4578
 14.099999 718.55884
 14.2 705.32184
 14.299999 695.78644
 14.4 681.52203
 14.5 682.387
 14.599999 682.3701
 14.7 690.2262
 14.799999 698.59106
 14.9 705.4605
 15. 712.8563
 15.099999 718.28186
 15.2 726.42163
 15.299999 729.95386
 15.4 732.18994
 15.5 736.2604
 15.599999 735.2694
 15.7 727.33466
 15.799999 728.7142
 15.9 725.3566
 16. 721.4877
 16.1 722.0154
 16.199999 718.9835
 16.3 719.2947
 16.4 717.283
 16.5 712.52203
 16.6 712.73474
 16.699999 724.7661
 16.8 728.51843
 16.9 738.01666
 17. 745.7867
 17.1 752.01465
 17.199999 753.694
 17.3 754.45966
 17.4 756.19434
 17.5 769.4884
 17.6 760.52466
 17.699999 761.5613
 17.8 761.13306
 17.9 761.7093
 18. 756.49274
 18.1 752.4639
 18.199999 754.66046
 18.3 743.10956
 18.4 756.0831
 18.5 754.0678
 18.6 755.5563
 18.699999 760.71954
 18.8 764.9623
 18.9 766.0426
 19. 768.5812
 19.1 768.08215
 19.199999 771.0016
 19.3 777.4812
 19.4 779.5371
 19.5 790.4874
 19.6 791.1476
 19.699999 801.9555
 19.8 807.4037
 19.9 815.8386
 20. 822.0188
 20.1 827.44495
 20.199999 822.8321
 20.3 817.86194
 20.4 819.7041
 20.5 818.9922
 20.6 820.56006
 20.699999 819.22156
 20.8 818.928
 20.9 818.9239
 21. 823.3561
 21.1 820.3373
 21.199999 816.1947
 21.3 809.2913
 21.4 800.2102
 21.5 783.6212
 21.6 771.1915
 21.699999 771.0298
 21.8 774.89307
 21.9 786.09265
 22. 790.706
 22.1 796.27435
 22.199999 800.3126
 22.3 802.6986
 22.4 802.99866
 22.5 800.83765
 22.6 809.0197
 22.699999 811.24506
 22.8 809.4497
 22.9 804.9974
 23. 800.72754
 23.1 802.69434
 23.199999 801.4551
 23.3 807.0304
 23.4 811.8502
 23.5 814.67816
 23.6 818.1239
 23.699999 808.40924
 23.8 791.88904
 23.9 774.90344
 24. 764.45764
 24.1 760.8115
 24.199999 759.09985
 24.3 744.0284
 24.4 733.1565
 24.5 728.9087
 24.6 723.3711
 24.699999 707.9012
 24.8 714.5715
 24.9 717.3327
 25. 709.2187
 25.1 701.83716
 25.199999 712.77905
 25.3 718.7874
 25.4 731.3285
 25.5 744.4284
 25.599998 748.8718
 25.699999 750.6759
 25.8 742.6062
 25.9 752.5017
 26. 759.68286
 26.099998 764.72595
 26.199999 769.6502
 26.3 776.68243
 26.4 784.47076
 26.5 794.65015
 26.599998 811.25055
 26.699999 831.5124
 26.8 854.9223
 26.9 875.24
 27. 857.4194
 27.099998 817.459
 27.199999 804.43005
 27.3 800.891
 27.4 803.09393
 27.5 802.5543
 27.599998 792.89014
 27.699999 785.5249
 27.8 775.801
 27.9 756.64
 28. 744.89294
 28.099998 723.8013
 28.199999 725.01874
 28.3 692.7279
 28.4 690.3727
 28.5 685.90027
 28.599998 686.28705
 28.699999 681.98413
 28.8 669.68427
 28.9 676.5026
 29. 670.127
 29.099998 666.2744
 29.199999 656.21967
 29.3 652.2798
 29.4 637.0349
 29.5 630.2081
 29.599998 642.39435
 29.699999 644.4901
 29.8 651.2934
 29.9 654.06396
 30. 663.75964
 30.099998 662.6531
 30.199999 661.68555
 30.3 655.7043
 30.4 652.1764
 30.5 651.747
 30.599998 644.99426
 30.699999 632.11536
 30.8 628.60065
 30.9 617.85535
 31. 617.6948
 31.099998 616.2382
 31.199999 615.47455
 31.3 616.9475
 31.4 621.88257
 31.5 623.91724
 31.599998 626.8448
 31.699999 633.38934
 31.8 635.9624
 31.9 643.4185
 32. 645.3977
 32.1 649.6508
 32.2 648.46436
 32.3 644.23224
 32.399998 632.90234
 32.5 625.9481
 32.6 624.354
 32.7 624.0375
 32.8 614.21313
 32.899998 613.99396
 33. 600.9642
 33.1 591.5172
 33.2 576.6074
 33.3 575.5777
 33.399998 582.4694
 33.5 581.0726
 33.6 581.4291
 33.7 585.3711
 33.8 587.13416
 33.899998 583.1404
 34. 571.49036
 34.1 576.8919
 34.2 575.0157
 34.3 581.6963
 34.399998 582.032
 34.5 588.3022
 34.6 584.31696
 34.7 586.90155
 34.8 591.2902
 34.899998 593.5249
 35. 596.8415
 35.1 600.44275
 35.2 608.7492
 35.3 611.2988
 35.399998 618.7388
 35.5 625.3922
 35.6 629.54504
 35.7 631.7579
 35.8 631.4644
 35.899998 626.0276
 36. 624.5717
 36.1 623.9402
 36.2 621.5929
 36.3 628.5395
 36.399998 632.7466
 36.5 630.30634
 36.6 626.0855
 36.7 617.64905
 36.8 621.385
 36.899998 617.7573
 37. 602.30365
 37.1 596.0848
 37.2 585.9953
 37.3 586.58356
 37.399998 588.771
 37.5 593.6725
 37.6 578.83386
 37.7 576.9426
 37.8 574.75867
 37.899998 573.4092
 38. 573.22235
 38.1 578.13055
 38.2 585.2684
 38.3 584.7319
 38.399998 591.0976
 38.5 593.26685
 38.6 597.27826
 38.7 588.56366
 38.8 582.81854
 38.899998 587.23206
 39. 594.62726
 39.1 598.7887
 39.2 592.6122
 39.3 590.08954
 39.399998 582.119
 39.5 574.69653
 39.6 601.4757
 39.7 597.00653
 39.8 608.9635
 39.899998 604.2509
 40. 609.5869
 40.1 616.28174
 40.2 620.0122
 40.3 622.72406
 40.399998 627.6509
 40.5 629.43787
 40.6 639.23645
 40.7 646.609
 40.8 651.30914
 40.899998 659.02234
 41. 662.8288
 41.1 672.31134
 41.2 673.8727
 41.3 677.7705
 41.399998 678.3827
 41.5 686.84143
 41.6 701.1983
 41.7 693.66376
 41.8 698.7982
 41.899998 704.5958
 42. 703.25385
 42.1 709.34937
 42.2 713.2794
 42.3 706.84827
 42.399998 710.85376
 42.5 704.5847
 42.6 698.3694
 42.7 692.5386
 42.8 680.97125
 42.899998 661.67053
 43. 652.80853
 43.1 675.4405
 43.2 681.86017
 43.3 663.7886
 43.399998 661.2666
 43.5 668.2828
 43.6 662.35034
 43.7 670.354
 43.8 656.9566
 43.899998 654.06836
 44. 651.551
 44.1 663.803
 44.2 660.3252
 44.3 657.9618
 44.399998 666.5707
 44.5 663.452
 44.6 657.44824
 44.7 644.0537
 44.8 625.40686
 44.899998 618.72205
 45. 617.6633
 45.1 634.78687
 45.2 638.647
 45.3 656.5365
 45.399998 665.2623
 45.5 666.74524
 45.6 667.2047
 45.7 664.0915
 45.8 673.7179
 45.899998 674.95294
 46. 683.78723
 46.1 691.1859
 46.2 691.9551
 46.3 699.8835
 46.399998 691.3578
 46.5 701.274
 46.6 705.5989
 46.7 693.50745
 46.8 697.69946
 46.899998 700.52527
 47. 720.1201
 47.1 717.18787
 47.2 713.9061
 47.3 700.32117
 47.399998 689.524
 47.5 684.52545
 47.6 679.7186
 47.7 686.5927
 47.8 691.1295
 47.899998 688.3393
 48. 686.65247
 48.1 676.2503
 48.2 670.2511
 48.3 668.34705
 48.399998 663.44604
 48.5 667.36224
 48.6 652.66437
 48.7 647.62646
 48.8 646.2107
 48.899998 641.60547
 49. 640.98315
 49.1 641.6428
 49.2 639.16235
 49.3 644.32056
 49.399998 645.02637
 49.5 645.9283
 49.6 644.7144
 49.7 643.86847
 49.8 637.5668
 49.899998 622.9248
 50. 612.05743
 50.1 0.


 0.099999994 0.
 0.19999999 0.
 0.29999998 0.
 0.39999998 0.
 0.5 0.
 0.59999996 0.
 0.7 0.
 0.79999995 0.
 0.9 0.
 1. 0.
 1.1 0.
 1.1999999 0.
 1.3 0.
 1.4 0.
 1.5 0.
 1.5999999 0.
 1.6999999 0.
 1.8 0.
 1.9 0.
 2. 0.
 2.1 0.
 2.2 0.
 2.3 0.
 2.3999999 0.
 2.5 0.
 2.6 0.
 2.7 0.
 2.8 0.
 2.8999999 0.
 3. 0.
 3.1 0.
 3.1999998 0.
 3.3 0.
 3.3999999 0.
 3.5 0.
 3.6 0.
 3.6999998 0.
 3.8 0.
 3.8999999 0.
 4. 0.
 4.1 0.
 4.2 0.
 4.2999997 0.
 4.4 0.
 4.5 0.
 4.6 0.
 4.7 0.
 4.7999997 0.
 4.9 0.
 5. 0.
 5.1 1705.9835
 5.2 1713.2368
 5.2999997 1711.5962
 5.4 1706.3727
 5.5 1689.6544
 5.6 1691.8678
 5.7 1669.775
 5.7999997 1635.897
 5.9 1627.6632
 6. 1536.1396
 6.1 1489.73
 6.2 1466.7589
 6.2999997 1420.7577
 6.3999996 1415.0159
 6.5 1389.8871
 6.6 1374.9006
 6.7 1358.469
 6.7999997 1350.174
 6.8999996 1343.7437
 7. 1332.3416
 7.1 1317.2979
 7.2 1292.3179
 7.2999997 1293.3556
 7.3999996 1291.9232
 7.5 1283.7644
 7.6 1278.8961
 7.7 1274.7798
 7.7999997 1278.237
 7.8999996 1274.3145
 8. 1261.3162
 8.099999 1249.823
 8.2 1245.2516
 8.3 1242.7849
 8.4 1242.2253
 8.5 1244.4089
 8.599999 1247.4346
 8.7 1244.9932
 8.8 1241.4922
 8.9 1236.6195
 9. 1254.3228
 9.099999 1264.5992
 9.2 1291.5542
 9.3 1345.0801
 9.4 1335.0436
 9.5 1396.637
 9.599999 1464.8406
 9.7 1560.3342
 9.8 1670.0349
 9.9 1609.6956
 10. 1568.3757
 10.099999 1528.0095
 10.2 1477.8839
 10.3 1435.1194
 10.4 1418.8046
 10.5 1408.5275
 10.599999 1367.0579
 10.7 1344.5326
 10.8 1348.1104
 10.9 1336.8157
 11. 1334.2092
 11.099999 1336.0785
 11.2 1323.9946
 11.3 1317.9438
 11.4 1312.0192
 11.5 1313.186
 11.599999 1308.9663
 11.7 1296.6897
 11.8 1294.5004
 11.9 1284.2357
 12. 1298.7991
 12.099999 1293.9146
 12.2 1294.496
 12.3 1297.9656
 12.4 1294.3665
 12.5 1291.6707
 12.599999 1294.8363
 12.7 1285.0022
 12.799999 1280.4272
 12.9 1280.9912
 13. 1269.3185
 13.099999 1279.2803
 13.2 1271.853
 13.299999 1262.1696
 13.4 1257.1858
 13.5 1264.1659
 13.599999 1260.5828
 13.7 1264.8846
 13.799999 1260.7107
 13.9 1264.0786
 14. 1257.8472
 14.099999 1246.9235
 14.2 1243.4625
 14.299999 1254.4379
 14.4 1247.5571
 14.5 1243.9281
 14.599999 1248.4783
 14.7 1247.6328
 14.799999 1260.5923
 14.9 1248.4115
 15. 1232.5184
 15.099999 1225.9214
 15.2 1220.4358
 15.299999 1208.5474
 15.4 1199.746
 15.5 1194.0127
 15.599999 1179.089
 15.7 1176.6119
 15.799999 1171.6082
 15.9 1164.0369
 16. 1160.3678
 16.1 1152.4807
 16.199999 1147.0504
 16.3 1126.4316
 16.4 1105.5369
 16.5 1105.9148
 16.6 1107.4202
 16.699999 1095.153
 16.8 1082.355
 16.9 1078.3116
 17. 1081.9829
 17.1 1084.3003
 17.199999 1079.3234
 17.3 1083.038
 17.4 1079.0334
 17.5 1087.572
 17.6 1097.6752
 17.699999 1121.5105
 17.8 1123.4188
 17.9 1140.252
 18. 1150.5728
 18.1 1158.8972
 18.199999 1159.9264
 18.3 1161.3397
 18.4 1166.3054
 18.5 1175.1392
 18.6 1183.1033
 18.699999 1194.4237
 18.8 1208.5912
 18.9 1208.708
 19. 1211.7802
 19.1 1211.4418
 19.199999 1213.276
 19.3 1213.7009
 19.4 1211.5337
 19.5 1209.7163
 19.6 1212.73
 19.699999 1214.5161
 19.8 1215.9034
 19.9 1219.2345
 20. 1223.7197
 20.1 1229.3865
 20.199999 1231.0742
 20.3 1237.4598
 20.4 1240.5311
 20.5 1245.8553
 20.6 1257.9731
 20.699999 1274.9463
 20.8 1284.6758
 20.9 1284.6469
 21. 1285.2756
 21.1 1293.9583
 21.199999 1289.1583
 21.3 1291.0782
 21.4 1286.4532
 21.5 1298.2642
 21.6 1306.0524
 21.699999 1380.1031
 21.8 1501.1854
 21.9 1498.1777
 22. 1481.3066
 22.1 1471.8331
 22.199999 1463.2024
 22.3 1497.5962
 22.4 1477.2952
 22.5 1486.6075
 22.6 1487.276
 22.699999 1452.2026
 22.8 1419.6403
 22.9 1443.8275
 23. 1431.3816
 23.1 1449.1908
 23.199999 1489.6427
 23.3 1568.4735
 23.4 1676.5214
 23.5 1782.6414
 23.6 1830.1635
 23.699999 1773.6354
 23.8 1769.3816
 23.9 1732.8965
 24. 1703.8882
 24.1 1715.2816
 24.199999 1657.4553
 24.3 1565.8168
 24.4 1595.4534
 24.5 1632.0774
 24.6 1600.339
 24.699999 1529.4813
 24.8 1490.7786
 24.9 1468.3214
 25. 1458.909
 25.1 1455.3452
 25.199999 1442.155
 25.3 1430.6619
 25.4 1414.2924
 25.5 1393.5247
 25.599998 1385.3557
 25.699999 1386.6615
 25.8 1374.8181
 25.9 1361.2722
 26. 1351.4318
 26.099998 1347.8538
 26.199999 1350.4305
 26.3 1357.6311
 26.4 1346.0424
 26.5 1349.5981
 26.599998 1343.4912
 26.699999 1369.6222
 26.8 1407.7859
 26.9 1505.3761
 27. 1544.0145
 27.099998 1500.9642
 27.199999 1462.6648
 27.3 1408.0658
 27.4 1308.2267
 27.5 1269.55
 27.599998 1246.6735
 27.699999 1223.3684
 27.8 1208.3997
 27.9 1193.4215
 28. 1186.5862
 28.099998 1191.7129
 28.199999 1196.4265
 28.3 1199.1694
 28.4 1203.0587
 28.5 1202.4517
 28.599998 1207.8022
 28.699999 1209.5645
 28.8 1204.2216
 28.9 1213.0098
 29. 1211.6184
 29.099998 1215.6777
 29.199999 1218.2906
 29.3 1226.3733
 29.4 1221.6727
 29.5 1218.8772
 29.599998 1217.3228
 29.699999 1204.6182
 29.8 1241.4343
 29.9 1247.5194
 30. 1297.357
 30.099998 1441.588
 30.199999 1418.1635
 30.3 1436.181
 30.4 1364.7532
 30.5 1314.118
 30.599998 1300.6254
 30.699999 1252.3441
 30.8 1306.7067
 30.9 1312.0051
 31. 1320.612
 31.099998 1362.0304
 31.199999 1409.9529
 31.3 1402.0422
 31.4 1436.2694
 31.5 1467.9208
 31.599998 1460.5378
 31.699999 1478.8672
 31.8 1468.485
 31.9 1504.8234
 32. 1486.1031
 32.1 1473.7561
 32.2 1470.7241
 32.3 1466.8728
 32.399998 1501.7178
 32.5 1483.121
 32.6 1468.2319
 32.7 1419.6885
 32.8 1392.8472
 32.899998 1405.3566
 33. 1408.839
 33.1 1331.551
 33.2 1302.9052
 33.3 1302.6211
 33.399998 1374.7676
 33.5 1328.39
 33.6 1304.7847
 33.7 1304.2698
 33.8 1329.6005
 33.899998 1308.7434
 34. 1293.7664
 34.1 1285.222
 34.2 1275.918
 34.3 1275.6652
 34.399998 1282.42
 34.5 1274.5227
 34.6 1314.0009
 34.7 1288.1614
 34.8 1257.8945
 34.899998 1222.8563
 35. 1251.3282
 35.1 1215.5397
 35.2 1197.8845
 35.3 1170.6969
 35.399998 1163.4211
 35.5 1151.9257
 35.6 1167.4304
 35.7 1163.333
 35.8 1163.6753
 35.899998 1154.0681
 36. 1143.5896
 36.1 1156.1934
 36.2 1162.7596
 36.3 1156.9724
 36.399998 1152.3599
 36.5 1167.3528
 36.6 1178.1943
 36.7 1181.169
 36.8 1195.283
 36.899998 1206.3859
 37. 1206.8547
 37.1 1217.613
 37.2 1246.0724
 37.3 1243.9662
 37.399998 1243.2338
 37.5 1250.9133
 37.6 1243.4688
 37.7 1233.2725
 37.8 1234.4464
 37.899998 1241.2246
 38. 1245.5057
 38.1 1229.145
 38.2 1217.408
 38.3 1205.1458
 38.399998 1186.6255
 38.5 1159.0178
 38.6 1148.2366
 38.7 1145.3861
 38.8 1130.2104
 38.899998 1116.0818
 39. 1106.5947
 39.1 1093.5724
 39.2 1090.0941
 39.3 1093.351
 39.399998 1088.7438
 39.5 1122.4207
 39.6 1118.0233
 39.7 1107.6338
 39.8 1130.586
 39.899998 1158.177
 40. 1146.6976
 40.1 1145.2053
 40.2 1250.4829
 40.3 1308.3756
 40.399998 1251.3219
 40.5 1293.3992
 40.6 1351.5686
 40.7 1441.3221
 40.8 1457.3412
 40.899998 1484.185
 41. 1479.5323
 41.1 1434.9539
 41.2 1445.2957
 41.3 1385.4099
 41.399998 1404.6792
 41.5 1367.6371
 41.6 1329.8218
 41.7 1316.7246
 41.8 1307.2206
 41.899998 1258.0364
 42. 1218.997
 42.1 1240.0156
 42.2 1246.4535
 42.3 1231.6016
 42.399998 1259.7103
 42.5 1290.4159
 42.6 1299.6198
 42.7 1323.902
 42.8 1269.1182
 42.899998 1250.475
 43. 1147.738
 43.1 1116.5552
 43.2 1098.7688
 43.3 1088.5403
 43.399998 1092.422
 43.5 1097.2214
 43.6 1106.5696
 43.7 1123.9653
 43.8 1131.5212
 43.899998 1109.8184
 44. 1113.5391
 44.1 1118.6022
 44.2 1130.7156
 44.3 1115.6484
 44.399998 1119.1139
 44.5 1118.4409
 44.6 1093.7693
 44.7 1054.5624
 44.8 1029.4619
 44.899998 1018.3423
 45. 1018.03424
 45.1 1015.3955
 45.2 1016.6964
 45.3 1020.17834
 45.399998 1029.3685
 45.5 1036.4312
 45.6 1042.2062
 45.7 1054.9856
 45.8 1056.0648
 45.899998 1061.3396
 46. 1064.4868
 46.1 1065.9559
 46.2 1064.878
 46.3 1067.436
 46.399998 1068.2532
 46.5 1079.1289
 46.6 1082.1963
 46.7 1082.3904
 46.8 1081.3108
 46.899998 1083.131
 47. 1086.2853
 47.1 1105.142
 47.2 1129.1741
 47.3 1155.2068
 47.399998 1181.7223
 47.5 1187.4146
 47.6 1192.9763
 47.7 1200.3733
 47.8 1207.0719
 47.899998 1201.3062
 48. 1200.0227
 48.1 1236.8978
 48.2 1213.7587
 48.3 1220.8333
 48.399998 1249.5646
 48.5 1265.4419
 48.6 1290.248
 48.7 1326.5306
 48.8 1348.0308
 48.899998 1335.7358
 49. 1331.9038
 49.1 1338.9954
 49.2 1327.4594
 49.3 1303.3424
 49.399998 1278.885
 49.5 1261.4003
 49.6 1286.3582
 49.7 1296.8647
 49.8 1301.4988
 49.899998 1372.2253
 50. 1348.4844
 50.1 0.


 0.099999994 0.
 0.19999999 0.
 0.29999998 0.
 0.39999998 0.
 0.5 0.
 0.59999996 0.
 0.7 0.
 0.79999995 0.
 0.9 0.
 1. 0.
 1.1 0.
 1.1999999 0.
 1.3 0.
 1.4 0.
 1.5 0.
 1.5999999 0.
 1.6999999 0.
 1.8 0.
 1.9 0.
 2. 0.
 2.1 0.
 2.2 0.
 2.3 0.
 2.3999999 0.
 2.5 0.
 2.6 0.
 2.7 0.
 2.8 0.
 2.8999999 0.
 3. 0.
 3.1 0.
 3.1999998 0.
 3.3 0.
 3.3999999 0.
 3.5 0.
 3.6 0.
 3.6999998 0.
 3.8 0.
 3.8999999 0.
 4. 0.
 4.1 0.
 4.2 0.
 4.2999997 0.
 4.4 0.
 4.5 0.
 4.6 0.
 4.7 0.
 4.7999997 0.
 4.9 0.
 5. 0.
 5.1 2448.6558
 5.2 2391.3115
 5.2999997 2359.7864
 5.4 2408.5305
 5.5 2354.7148
 5.6 2332.8296
 5.7 2283.491
 5.7999997 2288.6138
 5.9 2382.2822
 6. 2446.5579
 6.1 2445.6821
 6.2 2538.5786
 6.2999997 2700.145
 6.3999996 2582.6904
 6.5 2557.8616
 6.6 2559.352
 6.7 2619.8877
 6.7999997 2640.4214
 6.8999996 2619.5488
 7. 2586.2183
 7.1 2713.1616
 7.2 2677.883
 7.2999997 2494.1968
 7.3999996 2515.6284
 7.5 2490.9976
 7.6 2566.776
 7.7 2429.869
 7.7999997 2347.8955
 7.8999996 2322.425
 8. 2153.765
 8.099999 2096.07
 8.2 2081.1165
 8.3 2134.7998
 8.4 2089.0059
 8.5 2091.947
 8.599999 2089.0679
 8.7 1944.6533
 8.8 1914.0063
 8.9 1916.8411
 9. 1859.2797
 9.099999 1773.4526
 9.2 1746.668
 9.3 1781.9207
 9.4 1811.1757
 9.5 1858.392
 9.599999 1786.1589
 9.7 1694.5142
 9.8 1710.9824
 9.9 1886.5481
 10. 1856.3885
 10.099999 1844.3479
 10.2 1796.9528
 10.3 1733.1525
 10.4 1731.083
 10.5 1775.1499
 10.599999 1773.6747
 10.7 1779.6372
 10.8 1834.1135
 10.9 1884.2603
 11. 1904.8462
 11.099999 1868.2167
 11.2 1868.9192
 11.3 1780.4731
 11.4 1839.3049
 11.5 1816.9814
 11.599999 1739.7637
 11.7 1770.9185
 11.8 1761.8861
 11.9 1713.7021
 12. 1706.4498
 12.099999 1751.3789
 12.2 1776.6024
 12.3 1782.4569
 12.4 1775.2128
 12.5 1756.3018
 12.599999 1717.3229
 12.7 1690.2274
 12.799999 1645.8809
 12.9 1618.55
 13. 1639.8839
 13.099999 1689.4076
 13.2 1643.9614
 13.299999 1625.584
 13.4 1633.5244
 13.5 1640.8329
 13.599999 1656.0079
 13.7 1661.6849
 13.799999 1671.188
 13.9 1647.9146
 14. 1646.2826
 14.099999 1620.2777
 14.2 1623.7988
 14.299999 1601.5531
 14.4 1688.7561
 14.5 1700.5383
 14.599999 1742.5375
 14.7 1684.9235
 14.799999 1677.1365
 14.9 1576.5018
 15. 1620.9305
 15.099999 1529.4484
 15.2 1462.9508
 15.299999 1466.9116
 15.4 1373.5592
 15.5 1342.3204
 15.599999 1307.8264
 15.7 1327.4482
 15.799999 1239.2241
 15.9 1174.3523
 16. 1128.2435
 16.1 1115.3273
 16.199999 1076.0984
 16.3 1033.8405
 16.4 998.3319
 16.5 967.59503
 16.6 982.23724
 16.699999 993.7083
 16.8 1040.7095
 16.9 1011.73364
 17. 1003.60443
 17.1 996.049
 17.199999 1008.98883
 17.3 975.08545
 17.4 939.79395
 17.5 914.8735
 17.6 888.05365
 17.699999 882.7252
 17.8 874.5221
 17.9 878.9528
 18. 888.53973
 18.1 882.3042
 18.199999 881.61115
 18.3 874.98895
 18.4 874.8274
 18.5 875.0719
 18.6 862.91284
 18.699999 834.10315
 18.8 812.75037
 18.9 808.5558
 19. 808.8313
 19.1 813.07166
 19.199999 830.6336
 19.3 841.0837
 19.4 859.1273
 19.5 882.513
 19.6 902.74255
 19.699999 916.13226
 19.8 931.67236
 19.9 930.96344
 20. 935.0841
 20.1 926.5446
 20.199999 928.94336
 20.3 921.6387
 20.4 924.407
 20.5 926.45654
 20.6 932.3911
 20.699999 939.9501
 20.8 945.61395
 20.9 947.80945
 21. 946.8844
 21.1 948.5585
 21.199999 952.0929
 21.3 952.98566
 21.4 948.5218
 21.5 952.68616
 21.6 951.3561
 21.699999 956.71277
 21.8 965.76074
 21.9 978.5432
 22. 988.73334
 22.1 993.64014
 22.199999 995.34656
 22.3 1012.6258
 22.4 1014.0613
 22.5 1016.8663
 22.6 1018.2429
 22.699999 1020.7171
 22.8 1022.2317
 22.9 1024.2479
 23. 1026.9213
 23.1 1027.5964
 23.199999 1016.14825
 23.3 1021.06757
 23.4 1014.5377
 23.5 1022.4241
 23.6 1024.8541
 23.699999 1032.8069
 23.8 1033.3234
 23.9 1032.7484
 24. 1034.2467
 24.1 1036.0101
 24.199999 1045.1975
 24.3 1054.5538
 24.4 1076.1924
 24.5 1127.3777
 24.6 1237.6393
 24.699999 1330.4608
 24.8 1386.0344
 24.9 1378.3711
 25. 1420.554
 25.1 1398.5426
 25.199999 1393.3597
 25.3 1366.3538
 25.4 1333.1346
 25.5 1281.5044
 25.599998 1222.7408
 25.699999 1142.9095
 25.8 1074.5977
 25.9 1072.5035
 26. 1072.7034
 26.099998 1063.1008
 26.199999 1073.6466
 26.3 1084.1509
 26.4 1090.6444
 26.5 1091.6617
 26.599998 1083.0624
 26.699999 1088.1544
 26.8 1091.4607
 26.9 1093.9054
 27. 1090.5066
 27.099998 1078.1085
 27.199999 1068.058
 27.3 1073.1914
 27.4 1059.3654
 27.5 1063.7598
 27.599998 1051.8113
 27.699999 1050.7064
 27.8 1063.2407
 27.9 1053.7097
 28. 1056.6978
 28.099998 1053.8818
 28.199999 1056.5977
 28.3 1052.9161
 28.4 1053.8176
 28.5 1054.42
 28.599998 1045.4481
 28.699999 1049.3794
 28.8 1046.974
 28.9 1044.4388
 29. 1045.4209
 29.099998 1044.5692
 29.199999 1041.3693
 29.3 1029.7755
 29.4 1020.6293
 29.5 1007.50586
 29.599998 978.3982
 29.699999 957.98096
 29.8 930.9027
 29.9 921.5493
 30. 904.6134
 30.099998 906.6714
 30.199999 907.54504
 30.3 905.5093
 30.4 900.9794
 30.5 900.70386
 30.599998 920.26575
 30.699999 917.17725
 30.8 916.0775
 30.9 906.86835
 31. 893.0843
 31.099998 878.69116
 31.199999 868.19556
 31.3 849.74554
 31.4 842.5469
 31.5 851.2327
 31.599998 872.4148
 31.699999 879.02515
 31.8 869.7699
 31.9 870.6533
 32. 865.49585
 32.1 878.32477
 32.2 871.112
 32.3 864.47205
 32.399998 868.03906
 32.5 864.39795
 32.6 848.0456
 32.7 827.76
 32.8 819.3207
 32.899998 815.8352
 33. 812.25464
 33.1 815.9455
 33.2 822.93066
 33.3 830.1832
 33.399998 837.8048
 33.5 836.40564
 33.6 835.70667
 33.7 836.2875
 33.8 827.2794
 33.899998 811.8922
 34. 812.44727
 34.1 826.87775
 34.2 822.61615
 34.3 816.45483
 34.399998 808.77246
 34.5 803.8959
 34.6 792.3236
 34.7 786.9228
 34.8 775.9237
 34.899998 778.7114
 35. 788.515
 35.1 789.1557
 35.2 801.20935
 35.3 796.3639
 35.399998 804.8478
 35.5 809.4785
 35.6 820.7629
 35.7 832.75854
 35.8 843.7671
 35.899998 852.6332
 36. 864.15814
 36.1 872.7386
 36.2 882.4681
 36.3 892.5309
 36.399998 896.2919
 36.5 898.0272
 36.6 919.2125
 36.7 924.75085
 36.8 930.3972
 36.899998 944.3104
 37. 945.4311
 37.1 946.9906
 37.2 960.9607
 37.3 974.38416
 37.399998 990.39075
 37.5 1005.3081
 37.6 1018.8438
 37.7 1031.8816
 37.8 1044.9816
 37.899998 1056.0721
 38. 1068.1002
 38.1 1074.9211
 38.2 1089.7217
 38.3 1096.1074
 38.399998 1102.689
 38.5 1104.7161
 38.6 1099.4585
 38.7 1089.8798
 38.8 1099.2748
 38.899998 1109.1681
 39. 1112.3252
 39.1 1118.272
 39.2 1133.3915
 39.3 1139.811
 39.399998 1131.8965
 39.5 1129.488
 39.6 1135.3693
 39.7 1133.373
 39.8 1136.0522
 39.899998 1135.1317
 40. 1124.7084
 40.1 1107.6554
 40.2 1091.5966
 40.3 1101.2612
 40.399998 1094.2684
 40.5 1082.1896
 40.6 1080.0599
 40.7 1082.1013
 40.8 1077.8081
 40.899998 1078.0358
 41. 1080.5221
 41.1 1079.8657
 41.2 1100.6968
 41.3 1123.1628
 41.399998 1187.1372
 41.5 1323.4303
 41.6 1421.0449
 41.7 1399.1053
 41.8 1435.3337
 41.899998 1450.9166
 42. 1424.3635
 42.1 1446.374
 42.2 1434.4248
 42.3 1411.4362
 42.399998 1379.3467
 42.5 1408.9171
 42.6 1460.0209
 42.7 1468.7837
 42.8 1425.0712
 42.899998 1422.094
 43. 1404.9648
 43.1 1319.9434
 43.2 1257.2244
 43.3 1171.2853
 43.399998 1106.1968
 43.5 1073.7312
 43.6 1048.9884
 43.7 1097.5803
 43.8 1107.4277
 43.899998 1070.2433
 44. 1032.5555
 44.1 1028.9523
 44.2 1002.70245
 44.3 987.6388
 44.399998 981.7713
 44.5 976.7147
 44.6 969.25726
 44.7 963.92615
 44.8 964.31274
 44.899998 969.265
 45. 979.16156
 45.1 986.0128
 45.2 992.1925
 45.3 989.12036
 45.399998 982.88696
 45.5 982.46375
 45.6 987.00934
 45.7 991.412
 45.8 993.6754
 45.899998 993.7962
 46. 999.0271
 46.1 989.1797
 46.2 984.01385
 46.3 981.6265
 46.399998 985.5882
 46.5 987.38434
 46.6 982.1396
 46.7 973.2611
 46.8 969.6881
 46.899998 983.4415
 47. 987.98035
 47.1 985.3783
 47.2 960.116
 47.3 952.21173
 47.399998 947.4277
 47.5 938.0241
 47.6 930.4995
 47.7 911.534
 47.8 903.9691
 47.899998 888.94855
 48. 867.4442
 48.1 861.45166
 48.2 856.5349
 48.3 853.37616
 48.399998 875.52216
 48.5 889.4613
 48.6 902.714
 48.7 922.7541
 48.8 939.6207
 48.899998 955.534
 49. 974.75507
 49.1 986.4949
 49.2 998.8285
 49.3 1006.9204
 49.399998 1021.9278
 49.5 1033.1919
 49.6 1039.9805
 49.7 1040.0659
 49.8 1025.7052
 49.899998 1023.4502
 50. 1022.51697
 50.1 0.


