 5.1 672.7788 35511.457
 5.2 662.3954 35373.6
 5.2999997 654.2249 35243.766
 5.4 660.8669 35159.86
 5.5 656.4038 34910.156
 5.6 655.53357 35063.742
 5.7 645.37494 35067.76
 5.7999997 644.3996 34949.688
 5.9 624.183 34663.26
 6. 622.30176 34512.395
 6.1 674.83124 34502.633
 6.2 639.91 34414.324
 6.2999997 638.8243 34434.71
 6.3999996 635.2407 34376.89
 6.5 648.0965 34274.98
 6.6 637.04736 34282.137
 6.7 648.0161 34223.44
 6.7999997 657.1672 34078.164
 6.8999996 655.1518 33934.418
 7. 644.3613 33620.61
 7.1 641.60376 32984.496
 7.2 620.85706 31941.22
 7.2999997 628.33325 31821.93
 7.3999996 603.5869 31863.07
 7.5 613.8314 31855.69
 7.6 567.09094 31853.215
 7.7 556.8971 31829.805
 7.7999997 560.1394 31829.305
 7.8999996 622.4009 31812.785
 8. 558.71906 31814.766
 8.099999 611.65 32061.432
 8.2 597.3168 31939.46
 8.3 580.1802 31887.63
 8.4 580.753 31832.273
 8.5 575.95685 31833.57
 8.599999 582.4479 31827.152
 8.7 573.8666 31803.588
 8.8 574.81323 31818.73
 8.9 570.377 31826.621
 9. 586.8817 31822.629
 9.099999 572.51117 31798.572
 9.2 569.0412 31795.14
 9.3 565.72034 31804.54
 9.4 574.2385 31910.924
 9.5 565.38306 31843.703
 9.599999 562.7922 32156.75
 9.7 560.0213 32168.967
 9.8 560.58655 32046.732
 9.9 568.8021 32011.299
 10. 570.5173 32085.205
 10.099999 572.2569 32223.537
 10.2 570.79724 32238.443
 10.3 575.14417 32375.729
 10.4 572.0016 32194.998
 10.5 571.41754 32455.06
 10.599999 574.5993 32273.982
 10.7 578.7834 32324.586
 10.8 580.8488 32326.951
 10.9 567.72833 32454.791
 11. 561.82806 32534.664
 11.099999 560.6195 32652.393
 11.2 563.47797 32612.87
 11.3 589.76636 32653.248
 11.4 588.11383 32706.25
 11.5 592.2711 32553.61
 11.599999 598.22876 32714.402
 11.7 602.23975 32642.076
 11.8 602.0466 32716.771
 11.9 605.7548 32752.365
 12. 602.0188 32659.51
 12.099999 605.91595 32816.555
 12.2 605.9076 32853.258
 12.3 607.1524 32783.68
 12.4 613.0761 32801.12
 12.5 606.0508 32792.66
 12.599999 605.3478 32950.848
 12.7 615.4691 32910.484
 12.799999 602.2985 32913.387
 12.9 599.1382 32898.73
 13. 596.43304 32973.836
 13.099999 596.5877 32921.758
 13.2 599.4857 33028.97
 13.299999 600.37213 33078.074
 13.4 603.4642 33092.46
 13.5 606.71 33038.68
 13.599999 611.10474 32967.004
 13.7 609.2923 33124.71
 13.799999 610.70416 33186.61
 13.9 605.65466 32989.496
 14. 622.3716 33202.195
 14.099999 637.5186 33168.273
 14.2 604.1603 33232.723
 14.299999 587.4603 33142.46
 14.4 578.8739 33166.035
 14.5 586.28827 33157.305
 14.599999 576.9651 33330.734
 14.7 622.18896 33236.527
 14.799999 630.30334 33353.58
 14.9 606.65967 33354.88
 15. 607.2205 33294.117
 15.099999 601.3969 33411.465
 15.2 615.5055 33423.156
 15.299999 607.4231 33467.27
 15.4 609.2643 33601.35
 15.5 606.65985 33527.098
 15.599999 592.05286 33496.113
 15.7 592.09955 33682.133
 15.799999 595.64276 33720.4
 15.9 595.7573 33776.297
 16. 603.068 33896.387
 16.1 601.4613 33962.934
 16.199999 601.47833 33842.324
 16.3 594.47754 34188.773
 16.4 611.19006 34200.977
 16.5 606.77295 34392.703
 16.6 615.4116 34372.36
 16.699999 618.53125 34464.63
 16.8 621.8062 34722.703
 16.9 623.5008 34787.184
 17. 616.8455 34423.42
 17.1 616.18585 33991.324
 17.199999 619.045 34083.91
 17.3 607.6092 34111.52
 17.4 605.8953 34231.63
 17.5 601.6911 34304.57
 17.6 612.34705 34213.586
 17.699999 608.6785 34318.184
 17.8 610.87115 34508.39
 17.9 617.1264 34562.453
 18. 620.8837 34537.84
 18.1 621.00903 34448.22
 18.199999 622.9603 34431.723
 18.3 630.0965 34580.62
 18.4 630.6733 34466.195
 18.5 628.6805 34593.91
 18.6 633.39124 34637.734
 18.699999 635.35724 34697.598
 18.8 634.34644 34603.88
 18.9 636.0665 34609.008
 19. 641.05585 34632.03
 19.1 640.42236 34779.906
 19.199999 640.4024 34733.613
 19.3 642.16644 34765.816
 19.4 640.9802 34916.89
 19.5 647.0374 34941.066
 19.6 641.4189 34928.883
 19.699999 644.6191 34976.5
 19.8 647.32983 34789.758
 19.9 643.33307 34926.64
 20. 648.85297 34888.574
 20.1 648.9139 34994.887
 20.199999 655.433 34975.48
 20.3 650.2509 35151.91
 20.4 644.7508 35125.27
 20.5 635.1895 35176.676
 20.6 639.4963 35385.184
 20.699999 650.7657 35349.125
 20.8 657.404 35398.773
 20.9 665.12775 35547.47
 21. 660.8538 35741.527
 21.1 653.3486 35885.613
 21.199999 649.05457 35831.703
 21.3 639.45374 36207.848
 21.4 636.8739 36125.33
 21.5 641.1023 36062.74
 21.6 620.1001 36159.344
 21.699999 617.6467 36299.223
 21.8 630.2757 36405.89
 21.9 629.2593 36400.54
 22. 645.62384 36416.336
 22.1 633.479 36379.145
 22.199999 619.8341 36367.805
 22.3 672.74774 36319.793
 22.4 611.4308 36521.895
 22.5 620.7856 36273.734
 22.6 599.0885 36283.66
 22.699999 606.0085 36159.12
 22.8 621.66327 35800.492
 22.9 620.6309 34481.36
 23. 632.17554 34135.3
 23.1 628.0631 34024.313
 23.199999 624.78253 34245.
 23.3 610.0734 34213.625
 23.4 602.22003 34402.523
 23.5 594.89154 34407.066
 23.6 613.77484 34394.785
 23.699999 618.9497 34600.395
 23.8 612.6066 34716.03
 23.9 604.9148 34613.723
 24. 611.2103 34485.133
 24.1 610.50116 34790.992
 24.199999 619.9609 34450.84
 24.3 617.6982 34565.68
 24.4 622.6935 34539.414
 24.5 624.6936 34525.707
 24.6 627.7091 34729.387
 24.699999 624.95197 34598.305
 24.8 628.5019 34667.406
 24.9 631.7726 34798.945
 25. 629.13416 34716.715
 25.1 629.31476 34844.42
 25.199999 634.8149 34856.273
 25.3 636.985 34764.3
 25.4 635.92255 34791.418
 25.5 639.57635 34795.246
 25.599998 634.5635 34601.848
 25.699999 639.5378 34675.906
 25.8 643.7163 34748.344
 25.9 645.41693 35000.707
 26. 644.8816 34843.93
 26.099998 658.54083 34943.25
 26.199999 662.3669 34905.6
 26.3 660.1234 34736.805
 26.4 666.1717 34744.508
 26.5 664.1842 34858.004
 26.599998 668.8529 34745.965
 26.699999 670.2137 34688.906
 26.8 668.77594 34576.45
 26.9 673.56506 34924.79
 27. 672.6321 34660.86
 27.099998 675.8466 34863.75
 27.199999 673.47955 34731.5
 27.3 671.78345 34761.61
 27.4 665.45233 34336.137
 27.5 662.6576 34336.473
 27.599998 657.323 34019.74
 27.699999 651.2279 33945.78
 27.8 644.8013 33690.05
 27.9 642.2389 33441.098
 28. 639.3837 33225.348
 28.099998 637.23834 33041.945
 28.199999 624.71216 32780.02
 28.3 607.15686 32415.81
 28.4 589.13654 31995.516
 28.5 570.4637 31643.078
 28.599998 563.195 31683.035
 28.699999 550.7996 31708.8
 28.8 548.62225 31713.875
 28.9 550.6869 31714.742
 29. 547.886 31687.129
 29.099998 549.9805 31666.242
 29.199999 559.03326 31654.688
 29.3 563.05194 31647.2
 29.4 568.2968 31650.121
 29.5 567.8806 31672.172
 29.599998 569.57965 31628.445
 29.699999 571.5019 31638.719
 29.8 574.9552 31630.547
 29.9 579.20825 31608.723
 30. 577.60455 31638.05
 30.099998 578.2031 31646.086
 30.199999 580.783 31658.352
 30.3 581.61206 31690.234
 30.4 584.09534 31675.746
 30.5 587.36993 31696.436
 30.599998 587.45776 31687.021
 30.699999 593.7883 31688.02
 30.8 592.4557 31655.857
 30.9 597.89667 31706.656
 31. 598.65 31670.32
 31.099998 597.9739 31634.438
 31.199999 605.6282 31673.086
 31.3 607.44635 31648.715
 31.4 608.08685 31632.645
 31.5 607.43604 31615.238
 31.599998 611.93164 31680.824
 31.699999 610.445 31646.13
 31.8 616.7113 31614.188
 31.9 616.62195 31605.404
 32. 622.0179 31589.434
 32.1 623.55756 31601.72
 32.2 629.89044 31553.918
 32.3 636.1285 31557.18
 32.399998 636.261 31586.79
 32.5 631.063 31588.773
 32.6 633.7476 31551.078
 32.7 638.25757 31559.773
 32.8 639.9738 31580.2
 32.899998 640.78406 31550.871
 33. 643.15704 31534.078
 33.1 642.11835 31513.438
 33.2 646.04926 31470.824
 33.3 646.7314 31488.55
 33.399998 649.4083 31487.412
 33.5 654.6379 31518.586
 33.6 652.3314 31518.219
 33.7 660.9031 31559.053
 33.8 660.0055 31539.586
 33.899998 668.33966 31546.566
 34. 667.29944 31586.79
 34.1 673.52484 31522.799
 34.2 673.6594 31516.984
 34.3 682.4628 31485.133
 34.399998 680.72485 31531.098
 34.5 682.34296 31560.371
 34.6 678.8106 31528.027
 34.7 679.1181 31568.219
 34.8 675.34064 31518.129
 34.899998 671.75037 31549.156
 35. 644.12036 31526.678
 35.1 642.3672 31518.016
 35.2 645.0659 31478.441
 35.3 647.2518 31448.887
 35.399998 642.7949 31491.938
 35.5 648.67737 31518.203
 35.6 646.46436 31522.799
 35.7 645.07306 31503.893
 35.8 641.0121 31477.111
 35.899998 646.7187 31527.441
 36. 648.69604 31504.535
 36.1 644.75073 31448.568
 36.2 654.77515 31436.508
 36.3 656.3549 31385.002
 36.399998 664.64575 31320.996
 36.5 667.56226 31301.074
 36.6 676.0121 31311.613
 36.7 680.938 31338.14
 36.8 689.07837 31339.926
 36.899998 694.03625 31356.11
 37. 698.94104 31342.84
 37.1 703.1767 31335.826
 37.2 705.2816 31429.012
 37.3 709.70483 31375.238
 37.399998 709.539 31377.623
 37.5 710.5179 31437.225
 37.6 713.1953 31433.95
 37.7 717.8769 31339.422
 37.8 718.5915 31219.672
 37.899998 726.36975 31091.504
 38. 735.6451 31017.766
 38.1 738.6511 30946.477
 38.2 762.891 30882.398
 38.3 738.5188 30897.678
 38.399998 731.16547 30996.889
 38.5 734.914 30982.275
 38.6 731.3845 31122.676
 38.7 753.0142 31087.547
 38.8 746.21606 31145.287
 38.899998 760.1401 31287.865
 39. 768.12805 31343.35
 39.1 780.90515 31658.107
 39.2 792.8067 31689.906
 39.3 800.678 31904.137
 39.399998 812.3196 32025.873
 39.5 819.31024 32191.215
 39.6 830.3043 32268.217
 39.7 838.42773 32393.31
 39.8 840.2915 32580.932
 39.899998 855.8071 32735.959
 40. 858.19507 32949.438
 40.1 863.45776 32893.152
 40.2 867.0525 33045.113
 40.3 866.2621 32929.316
 40.399998 873.6766 33009.367
 40.5 882.8736 32926.223
 40.6 889.53394 32959.793
 40.7 889.52686 33069.906
 40.8 888.421 32945.14
 40.899998 885.8209 32883.273
 41. 897.346 33037.082
 41.1 893.07623 33107.656
 41.2 888.4691 32994.8
 41.3 886.20953 32989.96
 41.399998 885.8608 33050.223
 41.5 874.25415 33108.855
 41.6 860.00305 33161.715
 41.7 844.1228 33152.418
 41.8 837.7736 33132.55
 41.899998 831.72546 33176.81
 42. 850.1331 33281.633
 42.1 821.4171 33275.28
 42.2 791.52545 33270.723
 42.3 777.89655 33316.605
 42.399998 758.2764 33264.105
 42.5 752.36273 33339.297
 42.6 746.59656 33399.49
 42.7 750.7912 33400.81
 42.8 714.2941 33596.19
 42.899998 688.87714 33771.28
 43. 684.08374 33908.285
 43.1 682.4308 33881.85
 43.2 678.10175 33704.82
 43.3 677.7247 33989.563
 43.399998 675.22314 33911.117
 43.5 662.85956 34011.043
 43.6 640.24023 33987.402
 43.7 629.4339 33945.56
 43.8 614.7974 34014.8
 43.899998 607.228 33924.75
 44. 602.1473 33693.41
 44.1 583.02826 33427.39
 44.2 585.5222 33108.594
 44.3 588.4441 32893.21
 44.399998 562.1174 32669.148
 44.5 558.20056 32446.736
 44.6 564.91956 32363.266
 44.7 562.09705 32290.047
 44.8 564.1058 32186.834
 44.899998 573.3253 32214.783
 45. 566.2949 32209.941
 45.1 566.01624 32239.59
 45.2 567.07666 32623.893
 45.3 573.4115 32756.703
 45.399998 572.3585 32642.729
 45.5 585.3927 32657.053
 45.6 583.3921 32856.8
 45.7 594.7096 32875.87
 45.8 591.4776 32921.668
 45.899998 598.8019 33009.09
 46. 604.663 33161.5
 46.1 595.5061 32899.016
 46.2 598.0316 32935.805
 46.3 599.0019 32906.637
 46.399998 601.4947 33176.82
 46.5 599.7619 33095.05
 46.6 602.4179 33221.227
 46.7 607.52515 33281.953
 46.8 633.9705 33319.313
 46.899998 625.7228 33505.84
 47. 626.71497 33228.6
 47.1 629.2858 33334.516
 47.2 630.628 33248.055
 47.3 635.428 33211.992
 47.399998 638.11566 33147.84
 47.5 637.4953 33121.87
 47.6 641.8143 33206.957
 47.7 640.65674 33164.42
 47.8 644.0348 33325.48
 47.899998 648.48096 33313.094
 48. 652.368 33107.25
 48.1 651.0304 33113.477
 48.2 652.00446 33019.074
 48.3 657.75336 33015.082
 48.399998 655.3974 32909.086
 48.5 658.7603 32919.566
 48.6 655.9343 32729.855
 48.7 657.4169 32564.695
 48.8 648.4648 32662.277
 48.899998 645.50885 32670.236
 49. 684.5151 32658.006
 49.1 633.8459 32411.734
 49.2 624.0495 32119.307
 49.3 620.0128 32005.979
 49.399998 620.04315 31969.725
 49.5 607.7185 31663.1
 49.6 615.0699 31735.438
 49.7 616.5079 31731.305
 49.8 616.4704 31767.678
 49.899998 615.3523 31718.623
 50. 617.9894 31660.025


 5.1 341.91425 8598.235
 5.2 325.61133 8511.937
 5.2999997 367.3156 8411.607
 5.4 362.33542 8255.639
 5.5 335.54788 8116.7827
 5.6 327.41104 8103.8867
 5.7 327.8357 7992.411
 5.7999997 330.179 8037.2754
 5.9 325.597 8103.5327
 6. 318.7005 8042.9146
 6.1 323.17816 8183.269
 6.2 360.1158 8093.0225
 6.2999997 354.82022 7900.45
 6.3999996 369.3829 8014.7773
 6.5 363.25406 7963.6035
 6.6 380.83987 7981.3135
 6.7 399.81387 7777.6875
 6.7999997 399.19318 7877.956
 6.8999996 392.96997 7937.501
 7. 404.4775 7902.364
 7.1 419.33676 7810.01
 7.2 440.93954 7810.829
 7.2999997 425.976 7743.0225
 7.3999996 428.9109 7709.7095
 7.5 439.38766 7803.014
 7.6 437.73355 7851.552
 7.7 439.84024 7910.421
 7.7999997 441.8552 7934.385
 7.8999996 442.37936 7892.9365
 8. 436.1202 7974.7793
 8.099999 429.86804 7858.865
 8.2 438.00534 7751.9814
 8.3 445.79202 7660.2344
 8.4 439.77316 7636.5425
 8.5 434.18063 7645.3325
 8.599999 435.90286 7797.703
 8.7 453.40036 7913.425
 8.8 443.92017 8035.337
 8.9 460.1864 8098.3403
 9. 457.81113 8304.366
 9.099999 472.1671 8301.744
 9.2 481.76968 8394.432
 9.3 474.45798 8427.071
 9.4 472.5252 8489.717
 9.5 481.8006 8509.366
 9.599999 478.66464 8453.443
 9.7 480.59418 8491.349
 9.8 478.48447 8616.553
 9.9 468.6712 8597.685
 10. 493.11227 8612.73
 10.099999 469.97806 8591.208
 10.2 486.21252 8590.286
 10.3 461.06198 8391.957
 10.4 459.7586 8282.203
 10.5 458.6292 8241.016
 10.599999 453.1823 8076.042
 10.7 444.5654 7987.236
 10.8 434.9238 7994.8535
 10.9 426.3899 7939.1094
 11. 417.13007 7820.195
 11.099999 433.292 7623.897
 11.2 427.46796 7549.9395
 11.3 420.09137 7519.2153
 11.4 429.04242 7395.826
 11.5 423.5001 7298.8057
 11.599999 418.3369 6945.727
 11.7 417.38147 6961.33
 11.8 407.28464 7003.101
 11.9 400.48944 7019.999
 12. 396.80576 6856.012
 12.099999 410.3741 6903.7124
 12.2 396.6537 6731.983
 12.3 392.71237 6559.31
 12.4 394.41098 6612.8867
 12.5 394.43884 6480.514
 12.599999 391.6419 6482.956
 12.7 377.7065 6406.299
 12.799999 371.29062 6379.752
 12.9 356.53583 6460.6006
 13. 348.85925 6325.6
 13.099999 355.79187 6078.5938
 13.2 352.41254 6135.628
 13.299999 360.3284 6180.714
 13.4 355.27325 6136.1685
 13.5 360.25784 6306.7534
 13.599999 367.69275 6567.142
 13.7 364.65976 6676.408
 13.799999 367.57117 6724.9063
 13.9 368.69855 6739.5586
 14. 374.38034 6968.025
 14.099999 386.05478 6790.9707
 14.2 375.01984 6694.025
 14.299999 384.9109 6627.8496
 14.4 381.30634 6636.508
 14.5 380.6832 6756.455
 14.599999 369.1436 6746.8286
 14.7 378.9067 6840.9956
 14.799999 378.97363 6813.2686
 14.9 379.56042 7041.181
 15. 383.26575 6858.208
 15.099999 375.6087 7002.9834
 15.2 373.4964 7142.58
 15.299999 375.5029 7263.4355
 15.4 373.83426 7230.202
 15.5 407.41757 7432.4326
 15.599999 395.78055 7473.7188
 15.7 396.47275 7534.89
 15.799999 403.79703 7578.4316
 15.9 408.75153 7631.0996
 16. 413.9616 7639.1777
 16.1 433.30612 7797.2393
 16.199999 431.3116 7847.0024
 16.3 436.14206 7849.1025
 16.4 444.69193 7761.5376
 16.5 448.4962 7973.628
 16.6 453.09152 8031.16
 16.699999 462.17603 8014.0547
 16.8 465.37225 8104.499
 16.9 471.94745 8255.221
 17. 478.21204 8308.12
 17.1 484.05957 8291.952
 17.199999 481.6955 8414.45
 17.3 483.2755 8408.818
 17.4 482.86664 8317.301
 17.5 489.13028 8351.645
 17.6 496.3457 8257.503
 17.699999 489.34714 8223.152
 17.8 496.006 8198.179
 17.9 495.76996 8286.702
 18. 496.74997 8289.817
 18.1 504.2356 8324.758
 18.199999 506.7755 8173.456
 18.3 510.0423 8226.689
 18.4 513.8355 8104.2764
 18.5 510.29163 8250.107
 18.6 511.73282 8167.6914
 18.699999 515.518 8023.11
 18.8 514.88464 8155.
 18.9 514.9645 7951.5557
 19. 517.04596 7918.668
 19.1 511.2411 8182.9766
 19.199999 511.26727 8073.3457
 19.3 505.5843 8041.6567
 19.4 508.4475 8030.8345
 19.5 500.35034 7940.3906
 19.6 503.53778 7485.948
 19.699999 498.59454 7224.427
 19.8 486.7302 6705.744
 19.9 483.55597 6282.1733
 20. 481.94598 5989.433
 20.1 478.51962 5801.2285
 20.199999 480.4193 5717.8506
 20.3 482.5456 5908.957
 20.4 483.41687 5859.4175
 20.5 492.5811 5794.959
 20.6 487.82733 5909.144
 20.699999 487.63086 5727.382
 20.8 489.6783 5667.323
 20.9 497.00534 5842.522
 21. 492.26642 5670.7744
 21.1 493.46124 5620.9424
 21.199999 494.24997 5624.2305
 21.3 500.8551 5605.35
 21.4 503.78714 5672.1743
 21.5 501.97122 5587.317
 21.6 494.55505 5612.2236
 21.699999 481.26392 5742.243
 21.8 461.59894 5502.071
 21.9 457.31213 5457.703
 22. 454.04 5519.328
 22.1 448.36313 5399.6016
 22.199999 451.12314 5411.9043
 22.3 457.42435 5542.8154
 22.4 449.9272 5411.293
 22.5 449.28848 5424.155
 22.6 450.0896 5448.5376
 22.699999 449.09134 5408.826
 22.8 449.44284 5329.3706
 22.9 445.9547 5327.797
 23. 433.32727 5233.3223
 23.1 441.7529 5178.523
 23.199999 430.03894 5071.952
 23.3 420.74292 5124.2046
 23.4 413.9561 4914.865
 23.5 409.77557 5055.787
 23.6 411.0257 4834.283
 23.699999 406.94568 4649.774
 23.8 402.5912 4644.129
 23.9 393.63892 4268.6587
 24. 384.55972 3885.4426
 24.1 385.27472 3565.6284
 24.199999 384.24606 3545.0183
 24.3 391.10068 3629.5974
 24.4 390.91837 3701.9778
 24.5 400.6837 3806.4873
 24.6 397.89624 3925.184
 24.699999 396.3288 4118.872
 24.8 397.18457 4160.657
 24.9 408.59924 4358.901
 25. 411.83417 4572.136
 25.1 418.38098 4755.574
 25.199999 423.4701 4791.494
 25.3 434.09534 4912.308
 25.4 437.03418 5071.5176
 25.5 441.24313 4980.1396
 25.599998 441.37323 4906.057
 25.699999 442.10617 5162.179
 25.8 454.40573 5189.259
 25.9 452.8627 5322.758
 26. 460.4428 5523.1978
 26.099998 462.2575 5634.4233
 26.199999 464.4392 5781.8486
 26.3 470.11755 5747.6523
 26.4 478.4339 5959.665
 26.5 476.17365 6021.1836
 26.599998 496.404 6263.454
 26.699999 499.11044 6475.947
 26.8 507.3629 6552.701
 26.9 508.98663 6922.3037
 27. 506.0386 7032.4033
 27.099998 513.4018 7241.5386
 27.199999 514.26807 7312.3975
 27.3 518.87683 7474.962
 27.4 536.7524 7586.8965
 27.5 538.82446 7609.5557
 27.599998 544.8826 7692.159
 27.699999 550.72046 7815.7
 27.8 555.18445 7970.595
 27.9 565.7279 7966.4688
 28. 568.4942 7983.4756
 28.099998 571.4078 8103.1426
 28.199999 576.8231 8139.8643
 28.3 581.0391 8274.997
 28.4 579.04095 8268.832
 28.5 581.4576 8181.039
 28.599998 580.5809 8146.4785
 28.699999 580.275 8195.1
 28.8 593.94745 8048.837
 28.9 590.3017 7825.4824
 29. 590.95667 7328.1387
 29.099998 581.26544 6774.4644
 29.199999 569.6509 5463.9014
 29.3 536.2483 5531.089
 29.4 518.86456 5618.7256
 29.5 526.95465 5718.177
 29.599998 536.4317 5908.207
 29.699999 534.7297 5952.0576
 29.8 546.7597 6239.9316
 29.9 552.96643 6282.2676
 30. 563.9574 6482.4897
 30.099998 566.44147 6666.825
 30.199999 565.1993 6763.728
 30.3 563.9673 6824.9507
 30.4 556.3465 7007.8145
 30.5 562.4638 6943.511
 30.599998 572.47955 6927.175
 30.699999 579.5861 6890.098
 30.8 592.8574 6809.0986
 30.9 590.4231 7007.565
 31. 593.98303 6869.1475
 31.099998 596.22394 6987.369
 31.199999 598.4277 6943.7744
 31.3 596.4684 7009.7383
 31.4 599.24493 7084.5684
 31.5 596.8586 6990.87
 31.599998 589.9549 6888.986
 31.699999 587.2528 6923.5645
 31.8 584.8555 6809.8003
 31.9 584.67365 6537.048
 32. 575.5387 6421.0615
 32.1 578.90234 6348.6533
 32.2 572.68933 6138.6963
 32.3 572.52496 5969.646
 32.399998 569.2194 5696.8975
 32.5 570.9412 5607.6377
 32.6 567.8449 5972.3145
 32.7 570.6018 5980.4824
 32.8 571.4995 5999.415
 32.899998 562.4879 5866.039
 33. 564.7592 6027.37
 33.1 570.2753 6006.249
 33.2 575.3201 5904.1714
 33.3 583.13544 6009.8667
 33.399998 590.8801 6082.5884
 33.5 599.31775 6148.0537
 33.6 600.8078 6134.055
 33.7 608.05975 6360.118
 33.8 616.3692 6663.53
 33.899998 618.68854 6761.0874
 34. 630.9038 6951.656
 34.1 640.6206 7158.1895
 34.2 650.8921 7254.3955
 34.3 658.0572 7436.046
 34.399998 668.306 7442.8506
 34.5 672.37463 7728.7783
 34.6 679.2903 7916.8438
 34.7 686.6225 8066.6294
 34.8 690.6524 8080.7886
 34.899998 693.05945 8002.0234
 35. 698.67523 8236.957
 35.1 709.94196 8197.899
 35.2 712.73627 8280.309
 35.3 713.59143 8235.083
 35.399998 717.8278 8125.419
 35.5 715.7528 8487.11
 35.6 717.80865 8597.846
 35.7 723.5234 8727.018
 35.8 721.6563 8855.531
 35.899998 719.1218 8812.24
 36. 716.0929 8820.426
 36.1 718.53815 8894.384
 36.2 723.4518 8903.926
 36.3 721.7257 9099.795
 36.399998 720.8156 9248.289
 36.5 726.06476 9310.928
 36.6 731.3304 9293.789
 36.7 727.56555 9307.236
 36.8 731.43494 9465.4795
 36.899998 736.58905 9487.127
 37. 734.7492 9414.701
 37.1 731.38617 9494.867
 37.2 725.673 9518.695
 37.3 718.16986 9344.971
 37.399998 703.04517 9307.544
 37.5 691.3869 9446.966
 37.6 687.0212 9062.133
 37.7 679.26953 9004.547
 37.8 673.67584 8803.807
 37.899998 668.93005 8051.4336
 38. 661.31305 7696.2236
 38.1 703.7662 9003.396
 38.2 653.169 7496.3486
 38.3 643.95636 7527.7627
 38.399998 651.2375 7373.875
 38.5 625.93494 7663.6396
 38.6 619.8822 7536.907
 38.7 618.85693 7883.745
 38.8 640.0607 7960.803
 38.899998 604.5841 7956.6265
 39. 594.99725 7965.038
 39.1 594.87524 7821.4546
 39.2 591.94946 7891.882
 39.3 581.88806 8017.5195
 39.399998 580.3405 8089.9893
 39.5 575.20984 8069.5654
 39.6 573.05853 8179.0137
 39.7 563.7488 8478.674
 39.8 556.13916 8199.02
 39.899998 553.18866 8187.55
 40. 541.7695 8369.375
 40.1 545.8604 8258.715
 40.2 538.94257 8318.521
 40.3 556.22284 8470.667
 40.399998 551.7803 8414.666
 40.5 547.00116 8347.503
 40.6 553.67255 8409.462
 40.7 555.8294 8238.577
 40.8 558.689 8342.768
 40.899998 558.9286 8202.835
 41. 556.5043 8292.281
 41.1 565.19653 8683.019
 41.2 561.56354 8360.893
 41.3 559.69006 8333.776
 41.399998 559.8641 8617.67
 41.5 556.3027 8347.006
 41.6 558.24603 8422.895
 41.7 555.3525 8281.267
 41.8 557.02856 8157.3877
 41.899998 553.729 8298.837
 42. 552.1905 8341.23
 42.1 551.31104 8368.027
 42.2 547.47314 8175.168
 42.3 544.0906 8218.968
 42.399998 540.75037 8031.6675
 42.5 538.1639 8089.925
 42.6 539.0355 8061.7188
 42.7 532.9051 8182.1934
 42.8 528.5373 8134.7646
 42.899998 529.52295 8016.7505
 43. 571.56525 8194.3955
 43.1 560.4288 7867.4165
 43.2 538.4013 7773.47
 43.3 539.1788 7718.7505
 43.399998 535.51294 7728.7207
 43.5 532.942 7767.5205
 43.6 524.9456 7680.9985
 43.7 511.9489 7525.027
 43.8 514.1244 7525.1772
 43.899998 511.478 7486.206
 44. 487.66196 7350.78
 44.1 485.82858 7210.34
 44.2 470.73547 6933.703
 44.3 477.9237 6849.078
 44.399998 473.70804 6867.4595
 44.5 468.65848 6787.759
 44.6 463.92136 6996.732
 44.7 457.57874 6653.2085
 44.8 467.63562 6448.674
 44.899998 462.945 6455.4087
 45. 465.62888 6284.7837
 45.1 458.93866 6209.5464
 45.2 453.28235 6001.389
 45.3 451.81995 6106.271
 45.399998 453.17282 6141.522
 45.5 450.50784 5903.9644
 45.6 450.21164 5809.9834
 45.7 438.91864 5768.766
 45.8 429.9766 5649.372
 45.899998 429.17233 5586.2007
 46. 432.20828 5488.7544
 46.1 435.39444 5527.4316
 46.2 441.0418 5518.68
 46.3 442.05035 5435.5645
 46.399998 435.16312 5411.9746
 46.5 433.37387 5497.6025
 46.6 438.02005 5433.9375
 46.7 441.00916 5550.0596
 46.8 442.41473 5630.6147
 46.899998 450.93668 5778.752
 47. 444.23993 5696.3076
 47.1 452.65616 5756.532
 47.2 455.6881 5787.284
 47.3 456.17078 5769.582
 47.399998 461.54703 5702.691
 47.5 458.8368 5715.6904
 47.6 458.8733 5769.94
 47.7 462.09482 5772.9756
 47.8 453.53436 5765.522
 47.899998 453.76437 5814.3066
 48. 453.5893 5982.1953
 48.1 453.0609 6031.53
 48.2 448.04956 6201.893
 48.3 454.30136 6181.1865
 48.399998 472.86765 6472.9824
 48.5 461.3425 6605.208
 48.6 446.49344 6601.885
 48.7 439.92728 6615.661
 48.8 444.7617 6805.7627
 48.899998 435.04214 6835.888
 49. 463.49942 7072.0693
 49.1 436.55988 7052.3247
 49.2 429.62692 7064.0195
 49.3 433.92392 7247.8613
 49.399998 437.18726 7343.1304
 49.5 427.96863 7362.5386
 49.6 424.115 7396.964
 49.7 415.70352 7469.723
 49.8 415.0238 7678.846
 49.899998 411.87973 7730.1797
 50. 409.6318 7842.776


 5.1 598.533 8555.842
 5.2 606.3872 8434.903
 5.2999997 586.22485 8699.76
 5.4 583.187 8572.465
 5.5 573.711 8471.16
 5.6 556.9588 8427.512
 5.7 555.5107 7591.381
 5.7999997 549.2932 7569.1367
 5.9 549.1733 7617.656
 6. 551.8775 7611.8125
 6.1 555.9375 7731.003
 6.2 547.859 7885.834
 6.2999997 550.6545 7826.2354
 6.3999996 553.8931 7736.9785
 6.5 553.72345 7713.783
 6.6 551.6891 7660.7393
 6.7 544.0474 7584.9873
 6.7999997 548.3734 7703.305
 6.8999996 552.7023 7603.855
 7. 557.37427 7535.662
 7.1 558.4675 7422.828
 7.2 559.2278 7516.401
 7.2999997 560.00543 7387.161
 7.3999996 567.1114 7290.759
 7.5 574.22705 7417.4844
 7.6 574.68774 7152.1357
 7.7 573.7992 7158.19
 7.7999997 579.9002 7256.37
 7.8999996 574.6096 6949.31
 8. 587.90015 6747.3223
 8.099999 590.1714 6479.945
 8.2 596.38873 6757.775
 8.3 601.84845 6708.4155
 8.4 607.52 6780.3994
 8.5 621.31415 6811.7524
 8.599999 627.1082 6945.377
 8.7 635.35956 6702.053
 8.8 635.0435 6835.481
 8.9 640.8126 6739.139
 9. 639.4231 6718.293
 9.099999 630.6959 6949.2886
 9.2 619.93054 6652.6865
 9.3 607.2135 6666.112
 9.4 599.02466 6404.951
 9.5 581.4869 6346.3105
 9.599999 568.7625 6282.9355
 9.7 580.08374 6324.116
 9.8 575.72485 6296.303
 9.9 562.2978 6127.492
 10. 586.7137 6241.2896
 10.099999 570.03784 6303.2734
 10.2 572.58984 6383.932
 10.3 573.537 6611.4985
 10.4 584.0376 6651.5244
 10.5 582.1186 6776.408
 10.599999 590.2498 6934.976
 10.7 589.5213 6935.6274
 10.8 589.9119 7042.0176
 10.9 582.8636 7360.1143
 11. 575.2492 7494.06
 11.099999 564.36584 7513.365
 11.2 568.46326 7620.917
 11.3 552.0986 8070.5913
 11.4 576.1386 7920.721
 11.5 572.5433 7945.83
 11.599999 558.912 7985.3916
 11.7 564.0199 8251.6045
 11.8 563.4759 8203.215
 11.9 582.3315 8264.521
 12. 623.65485 8311.49
 12.099999 630.40094 8425.787
 12.2 617.0026 8645.364
 12.3 606.9049 8592.993
 12.4 600.5287 8471.25
 12.5 601.6511 8571.886
 12.599999 605.1757 8615.084
 12.7 617.228 8616.7295
 12.799999 629.5949 8549.381
 12.9 635.92316 8495.153
 13. 629.80066 8494.467
 13.099999 625.47375 8570.623
 13.2 620.84796 8586.091
 13.299999 606.9104 8635.79
 13.4 594.84454 8542.625
 13.5 612.11414 8559.966
 13.599999 609.47363 8620.5625
 13.7 610.65564 8603.086
 13.799999 612.4101 8566.292
 13.9 617.4402 8254.716
 14. 613.4292 8291.455
 14.099999 617.8557 8312.059
 14.2 613.618 8123.4844
 14.299999 619.2368 7983.7744
 14.4 621.08685 8192.571
 14.5 624.563 8298.222
 14.599999 622.4953 8183.9316
 14.7 624.3345 8174.78
 14.799999 621.4828 8075.0225
 14.9 618.6148 7979.6543
 15. 614.2137 8042.6533
 15.099999 612.16034 7881.3027
 15.2 626.0054 7902.206
 15.299999 638.313 7873.21
 15.4 652.08905 8065.3525
 15.5 660.13416 7777.762
 15.599999 658.7374 7681.8936
 15.7 664.2751 7617.37
 15.799999 672.6456 7622.774
 15.9 672.5072 7734.254
 16. 676.2876 7381.367
 16.1 667.67206 7440.612
 16.199999 674.5762 7290.448
 16.3 672.09235 7180.6914
 16.4 668.80615 6797.626
 16.5 670.36487 6713.409
 16.6 670.0148 6422.6133
 16.699999 670.77783 6047.966
 16.8 673.3624 5909.0176
 16.9 671.87396 5814.6875
 17. 660.5824 5576.057
 17.1 666.7388 5641.655
 17.199999 664.6753 5756.725
 17.3 658.4575 5800.0645
 17.4 671.49164 5882.299
 17.5 679.30237 6232.79
 17.6 690.97906 6266.935
 17.699999 702.48474 6274.404
 17.8 705.14276 6402.583
 17.9 711.93854 6906.2573
 18. 721.7607 6930.517
 18.1 730.2321 7101.3525
 18.199999 729.2687 7395.8457
 18.3 741.70135 7461.135
 18.4 753.55225 7553.538
 18.5 764.75385 7801.7036
 18.6 772.35156 8027.149
 18.699999 779.8848 8143.3706
 18.8 791.8314 8199.225
 18.9 794.8784 8307.405
 19. 802.3882 8366.689
 19.1 809.8889 7941.4385
 19.199999 816.25275 8251.501
 19.3 824.94525 8126.909
 19.4 842.6602 8386.119
 19.5 857.5287 8695.556
 19.6 859.52374 8914.826
 19.699999 866.0696 8633.829
 19.8 876.8594 8890.79
 19.9 882.5864 8982.945
 20. 896.0934 8933.832
 20.1 896.90564 8714.209
 20.199999 897.0619 8579.754
 20.3 896.28687 8359.784
 20.4 904.6568 8268.43
 20.5 917.4045 8166.342
 20.6 919.6789 8334.896
 20.699999 917.7064 8424.797
 20.8 920.1985 8199.205
 20.9 914.4892 8040.3535
 21. 903.56274 8025.9365
 21.1 871.19104 8104.6074
 21.199999 833.0986 7797.55
 21.3 806.0597 7580.411
 21.4 813.3159 7462.7734
 21.5 804.053 7684.6074
 21.6 819.80365 7894.0703
 21.699999 830.01263 7897.731
 21.8 830.2791 7818.5586
 21.9 832.33704 8062.9863
 22. 842.79443 8021.736
 22.1 857.07587 8191.035
 22.199999 878.29865 8181.7285
 22.3 880.99304 8369.59
 22.4 891.11523 8438.879
 22.5 902.7157 8569.754
 22.6 912.3833 8718.386
 22.699999 916.89545 8947.48
 22.8 918.47375 8981.45
 22.9 923.96906 8792.331
 23. 929.82916 8922.967
 23.1 940.1395 8992.075
 23.199999 945.20984 9061.368
 23.3 951.5414 8984.608
 23.4 956.6144 9132.171
 23.5 964.2053 9058.66
 23.6 964.45514 8683.217
 23.699999 966.3024 8115.474
 23.8 966.26935 7669.605
 23.9 957.12036 7637.651
 24. 926.51904 7921.3
 24.1 872.7527 7976.8076
 24.199999 864.1489 8005.747
 24.3 848.7986 7914.3906
 24.4 859.23047 7851.0044
 24.5 873.1907 8086.5737
 24.6 881.59357 8005.214
 24.699999 881.4524 8062.9814
 24.8 896.56244 8226.836
 24.9 902.9221 8316.776
 25. 917.20935 8350.014
 25.1 921.5027 8476.993
 25.199999 935.4468 8509.133
 25.3 950.58905 8597.771
 25.4 954.6948 8519.69
 25.5 973.6432 8683.142
 25.599998 987.46466 8775.67
 25.699999 998.98914 9019.654
 25.8 1011.908 9024.918
 25.9 1023.1669 9083.391
 26. 1036.8434 9401.818
 26.099998 1049.7484 9290.929
 26.199999 1062.7042 9264.347
 26.3 1073.7384 9486.098
 26.4 1094.7605 9461.313
 26.5 1100.6604 9537.756
 26.599998 1119.3901 9772.714
 26.699999 1125.2847 9785.629
 26.8 1129.818 9732.714
 26.9 1133.0421 9832.732
 27. 1104.8447 9821.549
 27.099998 1082.9895 9911.367
 27.199999 1077.9238 10096.979
 27.3 1056.2804 9980.8
 27.4 1049.1412 10246.257
 27.5 1049.723 10227.553
 27.599998 1062.6246 10140.217
 27.699999 1041.473 10333.682
 27.8 1058.2677 10517.711
 27.9 1008.7143 10533.926
 28. 1005.1786 10664.538
 28.099998 1014.6819 10855.912
 28.199999 1037.9752 10677.184
 28.3 996.5977 10811.942
 28.4 1002.8183 10659.625
 28.5 996.2606 10990.141
 28.599998 1002.67523 11036.225
 28.699999 999.3883 11076.943
 28.8 1000.85474 11183.166
 28.9 987.89233 11463.304
 29. 985.647 11339.555
 29.099998 986.3742 11522.115
 29.199999 984.5271 11494.617
 29.3 986.10956 11491.392
 29.4 990.5828 11871.793
 29.5 985.8209 11671.469
 29.599998 992.77234 11835.791
 29.699999 997.8839 11669.9375
 29.8 1006.85187 11541.328
 29.9 1009.16266 11628.031
 30. 1017.67413 11898.697
 30.099998 1025.5917 11578.863
 30.199999 1026.0433 11664.305
 30.3 1030.5283 11488.631
 30.4 1032.4631 11783.853
 30.5 1036.4807 11971.152
 30.599998 1036.4426 11863.851
 30.699999 1040.9397 12083.165
 30.8 1041.5657 12027.479
 30.9 1042.8143 11833.23
 31. 1046.4003 11924.74
 31.099998 1048.7113 12050.236
 31.199999 1046.2858 11829.983
 31.3 1052.8687 12075.341
 31.4 1053.0956 12142.385
 31.5 1051.9869 12205.561
 31.599998 1051.5004 12196.025
 31.699999 1050.9895 12041.151
 31.8 1048.6447 12239.978
 31.9 1055.6045 12288.24
 32. 1058.5334 12250.771
 32.1 1055.1826 11891.309
 32.2 1064.704 11903.199
 32.3 1075.6691 11850.711
 32.399998 1082.6486 11870.287
 32.5 1092.223 11808.884
 32.6 1103.1941 11788.033
 32.7 1106.6644 11954.659
 32.8 1110.0198 11798.745
 32.899998 1114.7354 11860.103
 33. 1118.7767 11687.031
 33.1 1135.472 11769.325
 33.2 1136.8469 12015.674
 33.3 1139.2244 11843.975
 33.399998 1145.8755 11651.387
 33.5 1154.6449 11769.611
 33.6 1153.5963 11713.507
 33.7 1155.6365 11504.945
 33.8 1154.6938 11241.605
 33.899998 1157.591 11200.857
 34. 1137.4641 11203.944
 34.1 1128.4523 11148.53
 34.2 1095.2625 10955.301
 34.3 1090.4744 10764.588
 34.399998 1104.74 10474.42
 34.5 1113.129 10458.255
 34.6 1121.2406 10496.2705
 34.7 1123.7407 10422.096
 34.8 1123.087 10478.715
 34.899998 1110.2876 10381.77
 35. 1099.8182 10370.654
 35.1 1112.5471 10143.182
 35.2 1117.8168 9995.406
 35.3 1106.1351 9832.456
 35.399998 1099.2556 9797.651
 35.5 1081.1514 9559.555
 35.6 1044.2803 9431.004
 35.7 1067.4419 9395.299
 35.8 1013.7885 9127.621
 35.899998 1025.8473 8823.717
 36. 1027.3087 8558.514
 36.1 1017.74646 8393.983
 36.2 1004.4769 8395.382
 36.3 1008.6072 8211.229
 36.399998 1009.0849 8044.1377
 36.5 1012.5117 8159.67
 36.6 1004.06335 8000.368
 36.7 999.96014 7673.36
 36.8 994.5753 7548.276
 36.899998 996.9899 7155.5938
 37. 994.3663 7441.9683
 37.1 996.7458 7630.48
 37.2 997.45905 7669.791
 37.3 995.66376 7696.338
 37.399998 1012.4691 7756.8447
 37.5 1000.2115 7865.081
 37.6 1000.97046 8013.496
 37.7 1004.6443 7963.618
 37.8 999.23315 8004.723
 37.899998 995.5427 8039.292
 38. 985.9902 7960.2715
 38.1 994.8732 7967.066
 38.2 988.18256 7983.237
 38.3 982.8766 8105.804
 38.399998 967.8699 8032.583
 38.5 968.35944 8103.6436
 38.6 957.9119 8013.9614
 38.7 950.45984 8139.603
 38.8 923.07666 8038.6655
 38.899998 880.58167 8054.963
 39. 882.6757 7909.3623
 39.1 843.87775 7840.1577
 39.2 827.34314 7802.947
 39.3 814.3836 7868.0713
 39.399998 798.7667 8002.3384
 39.5 767.5183 7924.3145
 39.6 733.3818 8034.7427
 39.7 709.0656 7984.221
 39.8 698.9125 8202.603
 39.899998 684.95404 8177.573
 40. 673.796 8177.826
 40.1 670.76526 8283.401
 40.2 672.2445 8308.053
 40.3 671.4969 8377.187
 40.399998 675.91986 8677.934
 40.5 678.2631 8895.399
 40.6 681.89935 8847.936
 40.7 681.6142 9035.801
 40.8 685.1083 9105.283
 40.899998 685.93384 9213.706
 41. 699.86084 9336.38
 41.1 707.1657 9478.529
 41.2 714.83203 9465.76
 41.3 718.79626 9459.977
 41.399998 728.8086 9405.37
 41.5 739.22845 9414.425
 41.6 750.82245 9463.788
 41.7 756.741 9628.031
 41.8 771.4956 9778.1
 41.899998 787.3728 9822.929
 42. 796.1713 10094.504
 42.1 798.76697 9815.645
 42.2 808.23553 9974.052
 42.3 823.66986 10040.038
 42.399998 834.86053 9742.277
 42.5 848.9456 9596.38
 42.6 866.3554 9769.75
 42.7 867.6598 9835.263
 42.8 874.3812 9554.845
 42.899998 882.1707 9423.358
 43. 888.68646 9530.097
 43.1 902.1487 9405.416
 43.2 906.8357 9431.269
 43.3 926.399 9548.185
 43.399998 937.1661 9568.176
 43.5 949.319 9447.27
 43.6 956.88196 9383.348
 43.7 965.17346 9495.628
 43.8 970.5298 9650.138
 43.899998 975.1514 9591.308
 44. 984.06384 9486.211
 44.1 985.6501 9545.789
 44.2 999.19495 9508.109
 44.3 1001.59467 9668.4375
 44.399998 998.57446 9757.501
 44.5 999.52484 9642.932
 44.6 1008.7919 9791.5
 44.7 1011.5109 9920.29
 44.8 1014.07666 9792.71
 44.899998 1010.1534 9943.288
 45. 1010.2321 9931.004
 45.1 1012.0039 9794.097
 45.2 1015.1389 9920.547
 45.3 1011.2633 10169.777
 45.399998 1002.58307 10142.427
 45.5 1011.657 10015.294
 45.6 1005.3528 10399.139
 45.7 1005.7372 10422.389
 45.8 994.7332 10685.5205
 45.899998 991.4253 10764.639
 46. 990.4261 10898.295
 46.1 985.71515 10532.96
 46.2 969.1424 10328.364
 46.3 930.53876 10243.8955
 46.399998 866.6588 10171.145
 46.5 840.9344 10191.557
 46.6 842.0775 10337.226
 46.7 827.00275 10320.189
 46.8 814.96234 10506.741
 46.899998 819.60834 10555.959
 47. 811.7287 10588.993
 47.1 813.901 10775.521
 47.2 799.50977 10724.855
 47.3 789.3094 10657.818
 47.399998 781.326 10748.169
 47.5 786.9524 10771.044
 47.6 783.88635 10508.655
 47.7 779.01953 11017.793
 47.8 786.5496 10940.795
 47.899998 794.22485 10998.906
 48. 795.46606 11139.439
 48.1 807.2843 11042.078
 48.2 813.1129 11048.77
 48.3 811.5279 10951.656
 48.399998 822.2396 10824.924
 48.5 828.483 10909.531
 48.6 834.8147 10860.904
 48.7 840.5027 10807.296
 48.8 847.7129 10730.817
 48.899998 850.90564 10599.879
 49. 851.62836 10250.889
 49.1 857.11237 10512.55
 49.2 869.22546 10258.144
 49.3 881.14136 9974.773
 49.399998 888.8191 9983.442
 49.5 903.4407 9686.193
 49.6 917.9457 9816.992
 49.7 931.971 9555.643
 49.8 945.491 9890.252
 49.899998 953.5291 9561.868
 50. 973.3748 9867.942


 5.1 604.2689 6923.0923
 5.2 536.3088 6570.6934
 5.2999997 574.29364 6356.507
 5.4 612.0803 6254.3145
 5.5 576.21954 6260.748
 5.6 580.298 6432.1553
 5.7 611.8396 6384.791
 5.7999997 620.4817 6396.914
 5.9 644.0974 6424.524
 6. 659.752 6677.7383
 6.1 679.676 6779.4014
 6.2 690.47156 6978.189
 6.2999997 702.2673 7221.243
 6.3999996 715.8376 7315.6035
 6.5 715.7647 7384.6616
 6.6 710.65405 7672.788
 6.7 727.7393 7712.6133
 6.7999997 734.7046 7903.4043
 6.8999996 749.77264 8143.412
 7. 766.4803 8311.422
 7.1 775.8462 8399.68
 7.2 791.15485 8523.273
 7.2999997 797.7445 8565.441
 7.3999996 816.12396 8540.701
 7.5 827.70374 8544.913
 7.6 830.5926 8743.615
 7.7 835.73376 8780.908
 7.7999997 840.11804 8610.328
 7.8999996 839.9172 8499.026
 8. 848.8448 8543.9375
 8.099999 841.3773 8676.267
 8.2 863.06976 8627.146
 8.3 845.43005 8889.444
 8.4 826.90204 8659.179
 8.5 813.3106 8361.318
 8.599999 830.7927 8197.299
 8.7 812.907 8172.802
 8.8 872.72375 8182.919
 8.9 842.264 8109.4697
 9. 845.0131 8014.244
 9.099999 848.4705 7850.618
 9.2 846.63947 7749.535
 9.3 857.6433 7595.933
 9.4 862.03107 7434.1855
 9.5 876.2081 7195.717
 9.599999 881.62506 7118.726
 9.7 885.22217 7174.337
 9.8 895.0591 7502.9824
 9.9 896.6939 7631.55
 10. 898.5717 7814.5093
 10.099999 888.5543 8038.942
 10.2 880.80475 7846.3887
 10.3 858.2422 8176.0522
 10.4 840.6181 8148.8013
 10.5 818.8193 8080.7266
 10.599999 799.30493 8045.4487
 10.7 805.77905 8098.4272
 10.8 804.23663 8315.527
 10.9 805.7605 8195.038
 11. 802.92725 8402.635
 11.099999 807.96765 8731.238
 11.2 799.5312 8852.095
 11.3 792.719 8795.611
 11.4 792.17163 8923.302
 11.5 791.0047 9214.076
 11.599999 797.19995 9527.38
 11.7 805.4707 9604.385
 11.8 801.3804 9637.1455
 11.9 810.5056 9789.834
 12. 813.1965 9734.4375
 12.099999 812.3775 9502.959
 12.2 811.1089 9299.755
 12.3 814.7604 9041.641
 12.4 808.3281 8170.6646
 12.5 799.1035 7355.446
 12.599999 773.81415 7122.33
 12.7 706.5571 7228.3213
 12.799999 690.5027 6923.7646
 12.9 672.97797 5994.7695
 13. 647.72986 5898.9077
 13.099999 612.66644 5946.289
 13.2 582.2371 5837.492
 13.299999 619.14185 5884.1514
 13.4 616.28577 6075.0034
 13.5 578.0675 5604.243
 13.599999 553.8591 5511.478
 13.7 581.812 5524.285
 13.799999 582.63617 5242.9214
 13.9 608.1094 5015.4873
 14. 598.76935 5110.6025
 14.099999 627.2602 5010.5923
 14.2 611.77765 5068.467
 14.299999 631.6923 5145.1455
 14.4 651.03076 5207.037
 14.5 657.64166 5066.214
 14.599999 681.4327 5054.2046
 14.7 707.83026 5253.6323
 14.799999 731.2068 5412.0254
 14.9 755.0822 5686.4546
 15. 766.40216 6003.0557
 15.099999 783.85156 6282.041
 15.2 810.9924 6365.651
 15.299999 824.7219 6599.328
 15.4 844.3123 6896.632
 15.5 853.85516 7212.217
 15.599999 857.9957 7259.034
 15.7 864.9469 7449.2593
 15.799999 867.1306 7446.4883
 15.9 878.83594 7529.5938
 16. 888.8339 7450.194
 16.1 904.2251 7490.286
 16.199999 920.39923 7651.7813
 16.3 940.0607 7622.698
 16.4 953.5376 7900.497
 16.5 970.23315 7949.789
 16.6 981.47437 8105.825
 16.699999 1000.3533 8068.8037
 16.8 1016.44385 8030.816
 16.9 1036.7764 8235.727
 17. 1050.1752 8456.598
 17.1 1066.7297 8582.25
 17.199999 1088.1628 8573.098
 17.3 1108.2543 8487.904
 17.4 1112.6047 8548.479
 17.5 1126.1794 8549.384
 17.6 1134.398 8402.105
 17.699999 1142.3115 8250.976
 17.8 1150.06 8295.515
 17.9 1147.5415 8396.974
 18. 1114.5353 8512.116
 18.1 1095.5535 8631.428
 18.199999 1093.4667 8687.731
 18.3 1087.1128 8315.627
 18.4 1087.8533 8419.521
 18.5 1087.3085 8424.403
 18.6 1098.3286 8802.949
 18.699999 1091.7007 8763.449
 18.8 1106.1322 8619.708
 18.9 1106.0579 8673.811
 19. 1107.0162 8747.17
 19.1 1104.749 8575.016
 19.199999 1097.1467 8655.618
 19.3 1089.0929 8897.893
 19.4 1091.9557 8603.35
 19.5 1090.0864 8724.961
 19.6 1087.9849 8569.533
 19.699999 1072.8671 8734.109
 19.8 1063.653 8750.918
 19.9 1058.4155 8784.71
 20. 1039.4828 8750.149
 20.1 1044.3481 8834.3955
 20.199999 993.7725 9029.781
 20.3 949.992 9196.755
 20.4 938.1623 9583.73
 20.5 907.25806 9474.989
 20.6 922.3965 9673.773
 20.699999 906.99896 9811.424
 20.8 919.7553 10219.753
 20.9 909.77856 9866.062
 21. 904.45844 10062.125
 21.1 895.42224 9900.101
 21.199999 899.49603 10043.639
 21.3 894.5929 10127.6
 21.4 895.225 10070.496
 21.5 895.4231 10111.699
 21.6 902.9826 10349.5
 21.699999 890.0266 10383.291
 21.8 881.794 10324.023
 21.9 871.8736 10125.383
 22. 861.07587 9834.741
 22.1 846.7255 9450.228
 22.199999 829.49524 9426.138
 22.3 812.4015 9399.641
 22.4 815.84955 9009.45
 22.5 811.09534 8821.613
 22.6 806.42413 9031.651
 22.699999 814.07275 9187.842
 22.8 808.32007 9369.793
 22.9 809.65436 9296.697
 23. 801.9989 9231.506
 23.1 798.9485 9432.356
 23.199999 799.9141 9325.559
 23.3 797.93054 9608.628
 23.4 805.435 9581.783
 23.5 812.0486 9773.111
 23.6 814.5747 9724.57
 23.699999 818.118 9704.414
 23.8 817.051 9755.748
 23.9 819.2125 9866.369
 24. 799.7455 9916.906
 24.1 784.17773 9862.092
 24.199999 816.7584 9866.445
 24.3 784.9231 9896.943
 24.4 775.09155 9779.53
 24.5 786.7223 9551.118
 24.6 768.44946 9639.598
 24.699999 788.7556 9429.467
 24.8 775.8218 9477.489
 24.9 784.4565 9394.383
 25. 744.0829 9330.239
 25.1 734.35583 9397.377
 25.199999 736.1763 9404.614
 25.3 722.53906 9653.441
 25.4 731.5 9536.611
 25.5 726.03064 9637.836
 25.599998 713.645 9316.3955
 25.699999 719.0443 9122.662
 25.8 740.4547 9380.593
 25.9 731.56464 9347.82
 26. 739.7188 9579.885
 26.099998 725.70404 9491.651
 26.199999 732.50104 9251.743
 26.3 784.3607 9462.111
 26.4 754.157 9256.368
 26.5 743.0797 9221.363
 26.599998 748.0359 9031.76
 26.699999 726.16675 9070.92
 26.8 706.77905 8962.004
 26.9 680.5415 8912.14
 27. 638.7566 8806.476
 27.099998 613.1282 8747.213
 27.199999 617.01056 8533.477
 27.3 604.74756 8346.448
 27.4 580.715 8340.766
 27.5 537.4886 8140.3433
 27.599998 514.31635 7919.3975
 27.699999 534.511 7519.2017
 27.8 507.48294 7620.1875
 27.9 502.1443 7449.728
 28. 593.77124 7460.299
 28.099998 525.7431 7449.0884
 28.199999 541.62604 7434.24
 28.3 527.64935 7345.9053
 28.4 530.14154 7361.5874
 28.5 551.1756 7427.033
 28.599998 546.7551 7148.702
 28.699999 525.03955 7265.228
 28.8 536.56226 7370.51
 28.9 504.6228 7670.8203
 29. 468.39578 7712.6743
 29.099998 448.29214 7689.3105
 29.199999 480.99326 7695.19
 29.3 450.3023 7661.343
 29.4 473.74136 7840.8125
 29.5 499.6291 8158.1846
 29.599998 516.45654 8297.249
 29.699999 516.4141 8642.579
 29.8 515.5447 8791.237
 29.9 517.8071 8898.09
 30. 505.7137 8996.04
 30.099998 507.88712 9183.189
 30.199999 511.74362 9170.276
 30.3 499.2633 9205.51
 30.4 497.7059 9255.824
 30.5 496.11624 9269.732
 30.599998 499.85126 9214.979
 30.699999 503.32907 9069.64
 30.8 498.21243 8882.268
 30.9 532.372 8948.539
 31. 518.8288 8558.132
 31.099998 515.96204 8359.415
 31.199999 506.9132 7970.878
 31.3 509.56943 7563.6577
 31.4 504.73398 7223.675
 31.5 509.23102 7131.1104
 31.599998 508.81747 7314.1055
 31.699999 519.70166 7215.786
 31.8 519.14746 7162.267
 31.9 529.58044 7253.8984
 32. 531.326 7390.973
 32.1 537.90204 7329.3047
 32.2 541.52795 7214.094
 32.3 543.8152 6993.4487
 32.399998 544.6639 6973.0894
 32.5 547.88324 6917.221
 32.6 542.2114 6798.366
 32.7 552.7879 6730.732
 32.8 547.77185 6758.3193
 32.899998 559.198 6665.243
 33. 558.0005 6808.866
 33.1 566.86945 6969.828
 33.2 566.3252 7188.0303
 33.3 568.5459 7067.6963
 33.399998 574.7543 7047.6543
 33.5 580.96216 7262.81
 33.6 580.44885 7355.211
 33.7 585.14886 7550.4146
 33.8 590.6816 7425.9634
 33.899998 591.8846 7560.897
 34. 617.06354 7685.3584
 34.1 612.72595 7800.89
 34.2 611.80786 8000.3506
 34.3 625.3118 8302.056
 34.399998 652.5574 8348.848
 34.5 628.6207 8357.005
 34.6 641.27094 8392.75
 34.7 636.24243 8343.197
 34.8 660.38885 8523.155
 34.899998 631.1979 8647.102
 35. 643.8116 8602.967
 35.1 653.5287 8402.26
 35.2 654.7761 8508.296
 35.3 656.7006 8370.244
 35.399998 654.6533 8173.593
 35.5 657.9455 7928.4697
 35.6 648.4432 7958.5327
 35.7 633.50446 7576.2534
 35.8 633.408 7109.4634
 35.899998 587.5399 6895.698
 36. 561.3843 6699.264
 36.1 557.1275 6715.3965
 36.2 551.7006 6787.955
 36.3 548.6124 6956.51
 36.399998 543.822 7182.58
 36.5 556.2066 7425.9355
 36.6 548.03986 7599.321
 36.7 542.1574 7676.779
 36.8 518.1821 7848.39
 36.899998 525.5025 8064.9404
 37. 526.4303 8063.1704
 37.1 516.1404 8002.449
 37.2 540.201 7877.2617
 37.3 529.3863 7704.5737
 37.399998 528.71875 7532.945
 37.5 532.2202 7314.159
 37.6 534.54083 7397.9185
 37.7 536.22534 7521.583
 37.8 534.49634 7697.371
 37.899998 533.10126 7561.5376
 38. 541.9877 7780.6807
 38.1 537.9316 7985.9487
 38.2 546.7322 7965.167
 38.3 542.1025 8021.232
 38.399998 544.03485 8066.929
 38.5 548.5605 8036.667
 38.6 554.7451 8115.0806
 38.7 556.4968 8408.529
 38.8 556.0369 8379.982
 38.899998 562.3579 8293.029
 39. 561.58746 8205.693
 39.1 563.88965 8250.018
 39.2 558.25604 8184.128
 39.3 572.1382 8033.5845
 39.399998 575.232 7997.056
 39.5 583.66284 7772.423
 39.6 604.715 7958.2314
 39.7 617.24884 8022.7085
 39.8 627.1664 8083.839
 39.899998 647.2769 8041.7847
 40. 657.97656 8125.799
 40.1 672.93506 8138.4116
 40.2 678.44653 8049.835
 40.3 691.6489 7993.895
 40.399998 704.2008 8097.2056
 40.5 710.31354 8278.504
 40.6 721.71924 8347.983
 40.7 725.0614 8536.072
 40.8 737.135 8641.398
 40.899998 744.17084 8691.004
 41. 751.90674 8735.504
 41.1 768.82837 8683.591
 41.2 777.99963 8822.958
 41.3 796.9625 9010.763
 41.399998 807.13477 9025.483
 41.5 827.1216 9005.399
 41.6 836.6099 9103.838
 41.7 850.75977 9156.25
 41.8 867.4844 9230.833
 41.899998 878.98724 9252.463
 42. 891.81854 9274.333
 42.1 909.8912 9331.364
 42.2 913.3767 9308.812
 42.3 922.6378 9408.282
 42.399998 931.0753 9530.602
 42.5 936.94006 9481.638
 42.6 935.8928 9459.772
 42.7 923.5739 9666.865
 42.8 886.55 9802.833
 42.899998 916.44305 10491.471
 43. 913.4205 10587.15
 43.1 898.3217 10722.353
 43.2 902.081 10633.804
 43.3 908.2607 10440.202
 43.399998 903.13873 10055.365
 43.5 902.31335 9739.97
 43.6 906.1502 9528.344
 43.7 885.9774 9501.936
 43.8 838.13446 9484.913
 43.899998 788.2943 9281.57
 44. 776.1599 8911.506
 44.1 764.0254 7986.726
 44.2 741.66736 7227.0117
 44.3 706.8982 7137.927
 44.399998 667.1449 7051.9814
 44.5 669.72125 7250.583
 44.6 642.8038 7464.616
 44.7 640.29736 7466.3438
 44.8 627.9292 7462.9243
 44.899998 622.93414 7554.857
 45. 628.9251 7529.4756
 45.1 634.09076 7699.378
 45.2 642.5542 7933.0557
 45.3 641.4496 7768.7427
 45.399998 641.7177 7495.065
 45.5 638.2972 7560.0454
 45.6 642.73425 7868.586
 45.7 653.3847 7747.231
 45.8 661.33124 7659.2803
 45.899998 677.10065 8042.961
 46. 685.9772 8134.9297
 46.1 688.19525 8279.475
 46.2 695.28674 8228.535
 46.3 697.464 8070.9707
 46.399998 694.69025 8184.4893
 46.5 692.72107 8059.419
 46.6 684.0921 8187.5605
 46.7 650.0044 8309.1875
 46.8 603.7735 8275.966
 46.899998 591.8568 8209.9375
 47. 641.8317 8443.877
 47.1 647.0771 8471.836
 47.2 633.2128 8235.53
 47.3 592.84393 8174.1997
 47.399998 581.1383 8349.856
 47.5 580.7972 8308.017
 47.6 574.1219 8385.855
 47.7 570.5233 8325.709
 47.8 564.3055 8512.506
 47.899998 574.1297 8257.738
 48. 619.1977 8288.637
 48.1 598.40656 8186.009
 48.2 602.43384 8175.4907
 48.3 604.2094 8377.469
 48.399998 609.83307 7903.254
 48.5 618.95044 7861.4834
 48.6 623.51447 8027.9834
 48.7 627.8367 7780.8633
 48.8 634.35785 7738.252
 48.899998 638.34015 7871.117
 49. 637.31775 7603.9126
 49.1 632.8314 7768.349
 49.2 636.0871 7973.7676
 49.3 638.77856 8253.779
 49.399998 654.5858 8504.638
 49.5 629.3693 8625.462
 49.6 630.076 8859.204
 49.7 636.6041 8936.256
 49.8 631.93207 9038.559
 49.899998 632.1361 9019.011
 50. 630.9321 9132.982


