 5.1 409.76013 7130.9785
 5.2 370.27878 7154.2383
 5.2999997 336.83145 7230.263
 5.4 338.45505 7211.787
 5.5 312.2284 7376.747
 5.6 298.58627 7431.2354
 5.7 295.57938 7110.1245
 5.7999997 281.36646 6731.4893
 5.9 267.4046 5818.9165
 6. 234.24377 4341.4663
 6.1 195.1663 2984.1685
 6.2 184.60423 3044.1177
 6.2999997 184.8243 3079.4692
 6.3999996 183.32526 2936.1536
 6.5 182.50826 3140.241
 6.6 181.9795 3102.5505
 6.7 175.8567 3145.0222
 6.7999997 168.65283 2965.0032
 6.8999996 178.16713 2948.878
 7. 181.47621 2977.8171
 7.1 163.9237 2941.0598
 7.2 165.36842 2875.768
 7.2999997 169.69879 2891.9688
 7.3999996 164.93683 2841.1138
 7.5 154.96863 2760.5938
 7.6 168.4525 2717.9214
 7.7 166.65707 2806.2632
 7.7999997 227.2097 6083.375
 7.8999996 153.82353 2560.3115
 8. 156.86192 2452.5295
 8.099999 170.20332 2456.0203
 8.2 185.13147 2590.3345
 8.3 170.45883 3816.769
 8.4 185.4306 3127.3735
 8.5 160.37895 2634.7302
 8.599999 143.01993 2129.1445
 8.7 186.72424 2756.6958
 8.8 121.20097 2254.7363
 8.9 126.65298 2296.089
 9. 137.93681 2291.4685
 9.099999 105.239235 2367.1746
 9.2 131.61429 3642.2788
 9.3 187.11636 6512.003
 9.4 214.60982 6456.7314
 9.5 227.93608 7100.74
 9.599999 214.4807 7365.417
 9.7 212.73523 7413.7
 9.8 200.84326 7398.3623
 9.9 194.86682 7300.0396
 10. 200.20465 7318.5586
 10.099999 209.10005 7137.1436
 10.2 196.60449 6926.2715
 10.3 198.70384 6427.7637
 10.4 191.31422 6191.797
 10.5 187.65955 5839.6875
 10.599999 183.34206 5503.703
 10.7 170.99861 4947.5024
 10.8 162.47232 4622.884
 10.9 148.19557 4123.517
 11. 129.25371 3416.691
 11.099999 115.80637 2339.6406
 11.2 114.184006 1879.9603
 11.3 109.138115 1799.1757
 11.4 102.894424 1754.0859
 11.5 96.34062 1725.998
 11.599999 103.42955 1800.2594
 11.7 122.46752 4178.345
 11.8 126.63797 3834.4502
 11.9 143.26604 6935.9316
 12. 127.314285 2838.789
 12.099999 164.70656 7449.846
 12.2 153.7005 4486.5386
 12.3 165.09912 5271.113
 12.4 156.84288 3909.9204
 12.5 102.09761 1836.9983
 12.599999 116.4413 1886.2402
 12.7 173.26352 7677.445
 12.799999 105.767685 1731.602
 12.9 115.91037 1850.6492
 13. 119.9436 1910.3588
 13.099999 121.7525 1854.125
 13.2 105.0988 1788.2896
 13.299999 105.510544 1825.6152
 13.4 104.70209 1809.2394
 13.5 100.766945 1821.7456
 13.599999 103.311325 1841.6726
 13.7 99.45423 1908.735
 13.799999 104.67595 1956.6787
 13.9 99.00242 2114.3137
 14. 105.22712 1863.8778
 14.099999 97.38767 1916.6707
 14.2 88.60999 1844.6338
 14.299999 114.12335 3315.294
 14.4 103.12522 2329.0874
 14.5 95.43765 2079.2947
 14.599999 90.27521 1923.741
 14.7 89.74926 1850.3416
 14.799999 109.47383 3415.6392
 14.9 86.551796 1816.0916
 15. 87.316696 1909.5754
 15.099999 93.9181 2575.5107
 15.2 97.42984 2244.834
 15.299999 109.308876 3697.146
 15.4 87.311005 1720.2509
 15.5 90.95898 2254.2534
 15.599999 87.04991 1663.1698
 15.7 98.95962 1665.7446
 15.799999 97.76364 1713.2483
 15.9 123.77683 4754.7666
 16. 118.26928 4497.939
 16.1 104.18737 2448.435
 16.199999 113.95344 4144.4136
 16.3 94.20916 2221.5664
 16.4 85.67842 2169.9785
 16.5 103.35411 2179.7134
 16.6 82.604065 2201.0923
 16.699999 84.302986 2185.657
 16.8 88.770706 2178.3257
 16.9 89.36095 2107.419
 17. 86.70188 2052.0151
 17.1 83.03682 1990.192
 17.199999 86.323845 1960.3301
 17.3 86.153145 1953.7496
 17.4 82.59379 1896.0679
 17.5 96.94251 2212.4897
 17.6 94.20652 1751.2252
 17.699999 118.84476 2825.1604
 17.8 79.636826 1743.0066
 17.9 97.904144 4647.521
 18. 153.35469 7124.0825
 18.1 155.20782 3934.7363
 18.199999 159.51276 4406.3403
 18.3 159.68039 4383.3555
 18.4 160.41248 4284.4424
 18.5 163.46071 4046.967
 18.6 145.76826 3727.348
 18.699999 136.40854 3255.5972
 18.8 131.7776 3008.169
 18.9 120.06265 2476.058
 19. 115.361404 1978.5405
 19.1 109.03914 2063.8704
 19.199999 105.05023 1908.7101
 19.3 102.42777 1810.1979
 19.4 106.676056 2766.5557
 19.5 98.769356 1673.2194
 19.6 104.70149 1905.2374
 19.699999 104.147125 2093.9004
 19.8 99.93923 1894.9877
 19.9 101.4029 1740.8895
 20. 114.59384 3385.9133
 20.1 99.717705 1663.9316
 20.199999 107.69218 1805.9065
 20.3 103.80877 1807.4048
 20.4 95.24786 1740.1743
 20.5 97.20948 1792.7313
 20.6 120.4239 5118.5273
 20.699999 97.54179 1686.7983
 20.8 95.92138 1776.2732
 20.9 119.26894 2471.3374
 21. 112.938614 2693.413
 21.1 128.85777 3008.609
 21.199999 118.67564 3270.7036
 21.3 122.18166 3410.1892
 21.4 151.69115 3701.044
 21.5 136.29608 4048.4302
 21.6 131.70763 4274.289
 21.699999 133.29366 4514.4297
 21.8 135.32164 4866.768
 21.9 135.89464 4799.445
 22. 138.30678 4887.4463
 22.1 139.03334 5034.6104
 22.199999 145.09573 5146.6904
 22.3 143.54811 5147.2983
 22.4 143.8616 5082.5713
 22.5 144.73833 5198.3823
 22.6 144.52733 5212.644
 22.699999 145.48221 5473.084
 22.8 146.78575 5524.392
 22.9 148.9239 5510.0728
 23. 146.69304 5413.241
 23.1 148.52861 5349.748
 23.199999 148.11159 5146.64
 23.3 142.3759 4691.2837
 23.4 141.79866 4259.0977
 23.5 138.5108 4238.616
 23.6 134.50658 3907.6353
 23.699999 127.85959 3282.8345
 23.8 117.753 2158.2415
 23.9 112.40014 2022.9148
 24. 108.490616 1948.031
 24.1 101.760056 2013.4089
 24.199999 102.415215 1848.843
 24.3 100.112305 1870.1792
 24.4 95.15141 1815.8303
 24.5 100.41292 1815.5157
 24.6 100.21747 2022.2604
 24.699999 97.24163 1991.3079
 24.8 100.75032 1936.5334
 24.9 100.53697 1908.5275
 25. 102.63568 1853.5889
 25.1 96.75552 1801.2893
 25.199999 92.43843 1799.1006
 25.3 95.03417 1854.9512
 25.4 98.11296 1897.8882
 25.5 95.61083 1851.1533
 25.599998 97.365715 1932.8606
 25.699999 94.21027 1897.956
 25.8 94.41167 1949.333
 25.9 87.011086 2009.8364
 26. 84.10097 2001.8291
 26.099998 79.84318 1804.0859
 26.199999 84.52863 1861.6033
 26.3 74.71248 1899.8907
 26.4 75.36699 1717.0286
 26.5 75.62936 1736.1117
 26.599998 86.602646 1835.4106
 26.699999 99.62416 2212.125
 26.8 125.41121 3405.7974
 26.9 89.39857 1809.8403
 27. 109.46802 1879.8816
 27.099998 88.68367 2146.8508
 27.199999 103.7291 3241.607
 27.3 82.68465 2710.1504
 27.4 107.18758 2647.6765
 27.5 84.085075 2083.1787
 27.599998 97.79998 2107.4187
 27.699999 92.40399 2175.7007
 27.8 102.866486 1823.5586
 27.9 122.08977 2522.4243
 28. 94.70989 2263.6772
 28.099998 95.0092 1953.6997
 28.199999 99.34411 1942.8813
 28.3 103.363045 1994.0221
 28.4 110.12714 2196.815
 28.5 111.745674 2262.7544
 28.599998 116.32303 2933.8684
 28.699999 119.77231 3105.508
 28.8 120.71282 3295.7913
 28.9 117.32451 3431.754
 29. 121.769196 3635.9775
 29.099998 124.99742 3956.6802
 29.199999 123.20976 4135.1934
 29.3 126.75032 4302.2813
 29.4 126.30734 4509.033
 29.5 136.63408 5114.1753
 29.599998 136.11894 5380.032
 29.699999 142.31615 5495.095
 29.8 141.79964 5800.32
 29.9 144.37273 5870.0327
 30. 148.55495 6025.9185
 30.099998 151.52812 6170.311
 30.199999 152.06921 6339.6797
 30.3 154.04164 6454.775
 30.4 153.76901 6562.911
 30.5 153.28143 6646.9536
 30.599998 151.71983 6966.8765
 30.699999 155.01851 6921.5156
 30.8 157.64883 7165.8467
 30.9 161.18163 7231.8643
 31. 163.90863 7390.709
 31.099998 166.11107 7661.5723
 31.199999 167.21356 7707.8037
 31.3 170.13367 7747.2495
 31.4 173.18404 7918.285
 31.5 176.2208 7937.171
 31.599998 175.99991 7967.573
 31.699999 174.172 8191.549
 31.8 178.66583 8386.456
 31.9 180.78815 8365.964
 32. 178.67459 8461.229
 32.1 182.53432 8467.58
 32.2 182.08334 8501.265
 32.3 182.73181 8587.446
 32.399998 182.31561 8682.16
 32.5 186.10577 8609.901
 32.6 182.33008 8681.537
 32.7 185.57675 8775.598
 32.8 185.60304 8727.687
 32.899998 183.6676 8785.547
 33. 184.80011 8634.424
 33.1 182.20229 8514.453
 33.2 183.32182 8501.348
 33.3 179.17116 8498.716
 33.399998 182.45377 8398.825
 33.5 179.1437 8171.9077
 33.6 178.78094 7941.7246
 33.7 173.9154 7590.59
 33.8 173.60168 7421.0005
 33.899998 168.5051 6972.559
 34. 167.39894 6448.995
 34.1 165.90178 6228.915
 34.2 160.1834 5752.88
 34.3 150.65271 4966.825
 34.399998 137.5164 3744.7607
 34.5 125.92449 2546.7502
 34.6 117.73168 2588.832
 34.7 113.39129 2612.5608
 34.8 110.19867 2636.6294
 34.899998 108.90645 2513.398
 35. 106.46245 2547.1367
 35.1 106.94072 2379.2551
 35.2 105.94785 2311.3096
 35.3 106.926796 2202.9768
 35.399998 101.534935 2120.6008
 35.5 102.974304 2001.7219
 35.6 98.21655 1974.2024
 35.7 97.71101 2022.4501
 35.8 99.63385 2072.7039
 35.899998 93.86137 1997.1156
 36. 98.01682 2125.5327
 36.1 98.608246 2019.3171
 36.2 92.041794 2146.486
 36.3 95.30364 1937.4633
 36.399998 85.879295 1913.1837
 36.5 87.40378 1903.5781
 36.6 81.92837 1881.7378
 36.7 82.632126 1989.2943
 36.8 75.50873 1949.2256
 36.899998 104.502304 4814.701
 37. 97.72996 2235.1563
 37.1 78.2625 1882.0381
 37.2 78.68759 2508.731
 37.3 90.7092 2270.3936
 37.399998 107.90939 4339.1777
 37.5 88.72078 1916.3811
 37.6 130.34744 2654.679
 37.7 164.03346 3173.0498
 37.8 175.00014 6514.7715
 37.899998 156.99486 2290.8428
 38. 113.69695 2378.0896
 38.1 140.33307 4366.003
 38.2 138.273 2290.6353
 38.3 141.06729 2304.0566
 38.399998 120.15809 2301.6357
 38.5 119.88303 2663.2976
 38.6 144.87457 3094.8042
 38.7 124.63357 3617.7778
 38.8 131.3345 3882.1577
 38.899998 133.88232 4230.2764
 39. 133.02538 4239.217
 39.1 142.43497 4394.442
 39.2 141.66899 4488.308
 39.3 142.11986 4671.41
 39.399998 143.82417 4724.5503
 39.5 142.61244 4648.5723
 39.6 147.69183 4597.0093
 39.7 147.87407 4820.1587
 39.8 149.3051 4923.066
 39.899998 151.33257 4861.2676
 40. 147.96892 4895.0176
 40.1 148.51488 4912.68
 40.2 146.0132 4601.4297
 40.3 140.87715 4311.876
 40.399998 141.20314 3842.8506
 40.5 143.50552 3480.9067
 40.6 132.71014 3078.0422
 40.7 125.71593 2463.5127
 40.8 124.51534 2507.776
 40.899998 129.05327 2525.0815
 41. 119.37165 2621.913
 41.1 110.755745 2662.686
 41.2 111.74731 2674.563
 41.3 115.12012 2614.5425
 41.399998 110.057274 2679.4658
 41.5 105.00572 2860.6113
 41.6 122.766136 4501.476
 41.7 100.84964 2728.5146
 41.8 97.68913 2070.0469
 41.899998 88.43143 2116.8638
 42. 88.62122 2003.0452
 42.1 89.3946 2226.634
 42.2 84.91787 2046.2966
 42.3 92.48693 2204.318
 42.399998 89.8163 2294.6406
 42.5 116.22748 4685.855
 42.6 128.77551 4220.6416
 42.7 139.93842 3970.3525
 42.8 160.32066 5856.922
 42.899998 163.47296 5909.16
 43. 178.49527 5627.035
 43.1 155.23604 5162.5405
 43.2 157.39421 5173.559
 43.3 158.22159 5310.1875
 43.399998 197.7742 5000.049
 43.5 169.18958 4744.9995
 43.6 163.43239 4548.8438
 43.7 151.29437 4175.334
 43.8 132.14932 3645.5083
 43.899998 121.92619 2604.8252
 44. 119.017685 2157.029
 44.1 112.70724 2282.1018
 44.2 112.79485 2242.3374
 44.3 101.98695 2167.8076
 44.399998 99.67553 2195.37
 44.5 103.765175 2129.5237
 44.6 97.89184 2050.1626
 44.7 93.37273 2108.9314
 44.8 94.934906 2093.4429
 44.899998 104.070274 2037.7815
 45. 95.89293 2085.0884
 45.1 94.45159 1963.4126
 45.2 92.695045 2058.5347
 45.3 91.59515 2074.3489
 45.399998 89.715706 2022.6501
 45.5 91.18751 2180.6646
 45.6 87.31718 2068.4946
 45.7 81.84963 2016.2739
 45.8 100.28899 3156.6455
 45.899998 98.68268 3627.8914
 46. 84.93515 2356.3171
 46.1 70.146614 1969.9003
 46.2 84.027275 2627.3274
 46.3 94.55827 2290.6992
 46.399998 78.64163 2121.8096
 46.5 82.002335 1968.8987
 46.6 92.22506 2045.7137
 46.7 94.476456 1953.7103
 46.8 91.17686 2025.2753
 46.899998 86.50042 1873.7125
 47. 87.9625 1897.9095
 47.1 85.119484 2060.6052
 47.2 83.596535 2028.1647
 47.3 82.44497 2024.5599
 47.399998 79.24914 2010.6447
 47.5 75.81785 1968.7734
 47.6 79.908195 2037.8531
 47.7 85.66734 1965.4225
 47.8 93.55769 1921.5669
 47.899998 104.49793 2604.189
 48. 105.99521 2709.7249
 48.1 111.379005 3312.9143
 48.2 116.64329 3661.8445
 48.3 119.771194 3838.6665
 48.399998 120.370995 3887.4326
 48.5 114.77104 3801.602
 48.6 115.223015 3611.3726
 48.7 116.441055 3604.796
 48.8 114.36279 3481.2925
 48.899998 102.67884 3089.1719
 49. 93.642784 2327.5996
 49.1 90.2533 1941.3436
 49.2 81.354546 2100.384
 49.3 81.61537 2145.8816
 49.399998 81.648636 1997.7736
 49.5 82.59783 2076.7664
 49.6 73.295204 2115.029
 49.7 81.75847 2078.0862
 49.8 81.04395 2005.1372
 49.899998 87.36226 2323.8442
 50. 83.02537 2518.403


 5.1 385.55466 7116.3545
 5.2 367.12064 6947.615
 5.2999997 367.00668 6777.949
 5.4 351.80438 6702.0566
 5.5 342.2169 6602.884
 5.6 331.0717 6644.286
 5.7 344.9201 6520.5713
 5.7999997 318.44028 6557.5576
 5.9 308.78568 6636.4287
 6. 297.39755 6605.3867
 6.1 290.75854 6740.4985
 6.2 312.71454 6495.667
 6.2999997 288.4755 6458.992
 6.3999996 281.46426 6527.664
 6.5 287.61398 6450.4326
 6.6 293.35934 6462.4746
 6.7 291.03845 6363.222
 6.7999997 284.79068 6314.3926
 6.8999996 275.06506 6403.573
 7. 252.52449 6437.8164
 7.1 250.83553 6353.0693
 7.2 240.19254 6109.0313
 7.2999997 239.45021 6103.867
 7.3999996 239.99106 6008.334
 7.5 248.917 6090.986
 7.6 243.61934 5880.543
 7.7 212.34227 5848.278
 7.7999997 246.8264 5837.66
 7.8999996 253.81512 5950.1084
 8. 213.37611 5838.465
 8.099999 247.63974 5852.591
 8.2 310.67395 8479.779
 8.3 256.26245 5364.7617
 8.4 341.2705 8233.498
 8.5 366.8477 6471.3335
 8.599999 358.7588 5586.0044
 8.7 474.64346 7442.794
 8.8 576.5558 5730.2
 8.9 546.31934 6174.3096
 9. 466.87164 6117.9326
 9.099999 436.17285 5314.1074
 9.2 413.64423 4915.51
 9.3 384.40887 4375.6553
 9.4 386.3004 3961.9446
 9.5 347.50128 3625.8174
 9.599999 327.6004 3409.1304
 9.7 318.51862 3724.3618
 9.8 301.6836 3945.5508
 9.9 289.11337 4080.5269
 10. 273.10364 4444.0195
 10.099999 269.6591 4545.919
 10.2 244.71541 4751.773
 10.3 298.89078 6549.328
 10.4 290.54865 4728.835
 10.5 290.56903 5783.068
 10.599999 271.8799 6050.6846
 10.7 245.46988 6040.81
 10.8 226.68794 4551.472
 10.9 190.8058 4385.2114
 11. 176.95387 4310.6104
 11.099999 196.76334 4272.709
 11.2 180.24722 4230.9883
 11.3 181.46844 4072.802
 11.4 212.20439 4043.2195
 11.5 203.15375 7410.572
 11.599999 171.7599 3059.0308
 11.7 178.66275 2673.6187
 11.8 257.9482 14177.682
 11.9 195.67905 6746.071
 12. 130.51262 3494.4858
 12.099999 170.86742 5238.036
 12.2 188.07268 3342.401
 12.3 173.70558 4127.598
 12.4 257.17044 4439.0986
 12.5 287.155 5519.017
 12.599999 250.63524 5084.141
 12.7 315.65906 4752.245
 12.799999 342.80563 7679.004
 12.9 355.54437 6957.1353
 13. 306.71774 6455.1904
 13.099999 269.81323 6023.6406
 13.2 257.71918 5857.841
 13.299999 242.25096 5571.152
 13.4 236.19463 5414.107
 13.5 224.4071 5471.978
 13.599999 233.1432 5332.779
 13.7 227.62628 5153.7393
 13.799999 222.69167 4913.9067
 13.9 219.2703 4883.701
 14. 216.6601 4828.3555
 14.099999 225.25635 4529.704
 14.2 208.48949 4329.0815
 14.299999 201.10245 3986.174
 14.4 216.69783 3860.1387
 14.5 188.88705 3389.218
 14.599999 180.71738 3048.4307
 14.7 197.08856 4141.134
 14.799999 171.47488 2620.1787
 14.9 223.0941 4284.553
 15. 196.529 3652.4353
 15.099999 130.86392 2012.1289
 15.2 145.31924 2127.793
 15.299999 162.3897 2810.3113
 15.4 163.80309 2744.6365
 15.5 156.49396 2989.4866
 15.599999 159.44858 3514.4197
 15.7 159.83199 4031.1814
 15.799999 149.94275 4087.5579
 15.9 147.52534 4235.1797
 16. 140.1377 4093.634
 16.1 140.53311 3831.7358
 16.199999 134.80397 3614.9778
 16.3 131.02959 3484.565
 16.4 117.33162 3157.2427
 16.5 138.2514 3397.5293
 16.6 108.40478 3022.871
 16.699999 112.716484 2509.042
 16.8 144.54512 6176.5264
 16.9 128.34781 3170.2566
 17. 155.9585 3664.7627
 17.1 130.50914 2376.3228
 17.199999 113.52549 2333.5361
 17.3 136.2833 2807.779
 17.4 143.64732 3954.3665
 17.5 139.63551 4098.0254
 17.6 132.96849 3532.802
 17.699999 152.41306 3168.9944
 17.8 131.90222 2828.7007
 17.9 109.791115 2514.7498
 18. 145.81552 8665.166
 18.1 115.16444 2353.935
 18.199999 112.5887 2253.617
 18.3 129.5433 4027.0793
 18.4 129.93442 2217.0566
 18.5 143.85524 5992.817
 18.6 155.37871 5546.021
 18.699999 197.07033 6146.514
 18.8 201.94237 7062.0776
 18.9 245.18866 7032.216
 19. 222.10449 7200.655
 19.1 244.75314 7343.281
 19.199999 246.10663 7371.3975
 19.3 237.67326 7275.299
 19.4 230.854 7308.515
 19.5 228.13942 7304.295
 19.6 213.94687 7139.164
 19.699999 212.08923 6556.635
 19.8 205.76434 6166.442
 19.9 202.62729 5569.2495
 20. 187.5138 4690.164
 20.1 172.19394 3443.3308
 20.199999 146.01756 3590.9236
 20.3 158.36024 5424.775
 20.4 132.64731 3915.0742
 20.5 135.43762 3807.85
 20.6 135.37425 4128.295
 20.699999 138.2543 3945.5405
 20.8 119.02083 3877.3945
 20.9 130.82248 3996.8274
 21. 119.49162 3778.882
 21.1 124.94283 3752.8577
 21.199999 121.819275 3832.4724
 21.3 112.29969 3665.1204
 21.4 114.88508 3526.3506
 21.5 118.52323 3348.5413
 21.6 116.349495 3246.6782
 21.699999 115.86756 3353.2727
 21.8 119.1301 3417.6167
 21.9 115.5135 3378.689
 22. 111.115616 3403.7913
 22.1 108.58005 3430.3057
 22.199999 117.24434 3262.9
 22.3 106.378815 3412.9143
 22.4 105.63461 3296.6743
 22.5 113.79661 3258.4944
 22.6 112.12864 3100.8662
 22.699999 105.06979 3004.6926
 22.8 93.45414 2808.6736
 22.9 126.37706 7389.6826
 23. 99.81107 2741.0103
 23.1 184.65732 7772.419
 23.199999 168.41554 4784.7817
 23.3 192.05135 5529.429
 23.4 150.05508 4027.9624
 23.5 158.92822 2044.376
 23.6 144.04744 3729.1897
 23.699999 138.27986 4392.343
 23.8 202.48738 4008.769
 23.9 335.04843 4992.206
 24. 289.00067 4700.1245
 24.1 257.14612 4550.16
 24.199999 215.49832 4113.0996
 24.3 186.48723 3482.4868
 24.4 147.65204 3229.7087
 24.5 138.02348 3358.952
 24.6 149.23273 3349.16
 24.699999 150.05136 2996.843
 24.8 172.91505 6311.1416
 24.9 159.40515 4673.2344
 25. 182.08592 4054.0193
 25.1 222.15172 3953.0771
 25.199999 153.96843 2102.7876
 25.3 186.71301 2483.4963
 25.4 226.94923 4137.0137
 25.5 179.61726 2531.2722
 25.599998 142.45282 2544.0107
 25.699999 143.09662 3165.9863
 25.8 130.43909 3050.1084
 25.9 132.04317 2984.5369
 26. 121.254 2480.0457
 26.099998 125.05409 2380.3174
 26.199999 118.51514 1974.4563
 26.3 118.03167 2121.3162
 26.4 121.89187 2245.7278
 26.5 131.18848 2510.3794
 26.599998 124.52419 2554.4285
 26.699999 171.89702 6401.95
 26.8 168.43546 3411.641
 26.9 185.74931 3750.329
 27. 191.38295 3904.1592
 27.099998 189.32416 4347.2495
 27.199999 193.01067 4609.798
 27.3 183.11592 4566.3394
 27.4 156.85991 4323.399
 27.5 145.75891 4007.599
 27.599998 150.44211 3697.4111
 27.699999 138.08147 3456.005
 27.8 120.15041 2852.2324
 27.9 118.88587 2370.9907
 28. 111.5267 2434.4375
 28.099998 107.62946 2190.925
 28.199999 108.169495 2276.9307
 28.3 104.39872 2237.1304
 28.4 108.9445 2402.5796
 28.5 102.37274 2392.3623
 28.599998 106.79915 2394.8193
 28.699999 106.55368 2131.852
 28.8 112.30292 2213.4019
 28.9 105.706024 1882.5317
 29. 109.43656 3272.1772
 29.099998 105.48526 2741.6965
 29.199999 118.62656 2543.4854
 29.3 125.591995 2723.397
 29.4 116.40788 2714.6423
 29.5 106.363434 2704.0923
 29.599998 101.572464 2775.6606
 29.699999 120.627594 2850.6445
 29.8 120.52488 3323.8613
 29.9 145.26805 3039.0286
 30. 151.56241 6609.3037
 30.099998 111.79521 3437.09
 30.199999 132.8549 2150.5952
 30.3 111.74942 3515.2349
 30.4 80.34437 1716.188
 30.5 115.63962 2707.107
 30.599998 167.14278 5835.936
 30.699999 169.11606 4124.2075
 30.8 148.584 5192.321
 30.9 164.1338 3186.629
 31. 144.94649 4066.143
 31.099998 122.86635 2916.2227
 31.199999 105.40532 1875.1609
 31.3 189.01338 4416.7686
 31.4 175.35472 2204.3108
 31.5 144.90265 1923.344
 31.599998 170.33022 5086.5557
 31.699999 199.90646 5873.902
 31.8 189.3637 6310.884
 31.9 186.35854 5976.534
 32. 182.03967 6009.5215
 32.1 184.91197 6026.68
 32.2 190.52914 6143.1816
 32.3 185.53105 6126.809
 32.399998 184.61789 6087.452
 32.5 184.25053 5743.7
 32.6 180.00154 5428.5156
 32.7 172.65216 5122.5864
 32.8 168.52077 5001.25
 32.899998 161.1669 4413.3423
 33. 153.48416 3767.2485
 33.1 136.95035 3131.225
 33.2 120.06658 2046.1498
 33.3 114.99773 2014.1782
 33.399998 113.46698 1994.0686
 33.5 116.25865 1948.4208
 33.6 104.85613 2041.1753
 33.7 97.76632 2148.8926
 33.8 101.89833 2020.9587
 33.899998 101.66423 2075.3574
 34. 103.66863 2103.6924
 34.1 127.50313 3567.7278
 34.2 106.66519 2184.1802
 34.3 136.28783 4436.7886
 34.399998 110.47143 2184.1694
 34.5 110.165085 4373.0127
 34.6 128.14885 3989.4749
 34.7 138.60423 4300.9688
 34.8 102.815216 2918.5479
 34.899998 131.80084 2871.3188
 35. 119.42534 5818.115
 35.1 127.745316 4635.6655
 35.2 119.9068 5431.1084
 35.3 152.05809 6098.6953
 35.399998 236.59259 6102.8945
 35.5 252.96368 10613.469
 35.6 230.40387 8736.412
 35.7 220.94434 8210.946
 35.8 210.86734 8348.104
 35.899998 214.98456 8405.117
 36. 218.5411 8552.695
 36.1 212.73492 8748.35
 36.2 219.55473 8969.692
 36.3 216.38959 8800.027
 36.399998 233.43745 8613.725
 36.5 226.32603 8495.268
 36.6 223.78906 8537.182
 36.7 224.89229 8310.464
 36.8 225.5104 8222.773
 36.899998 220.91873 7605.0596
 37. 217.4264 7299.5103
 37.1 206.04227 6773.9185
 37.2 197.24126 6313.544
 37.3 186.19322 5595.996
 37.399998 172.8129 4257.7246
 37.5 151.25612 3871.4395
 37.6 121.11652 2207.8801
 37.7 118.947815 2286.6797
 37.8 120.13221 2305.6267
 37.899998 111.36885 2298.517
 38. 112.73007 2362.2573
 38.1 102.80229 2380.6858
 38.2 121.330154 3047.011
 38.3 113.30757 2338.3535
 38.399998 102.72488 2329.9993
 38.5 105.18326 2328.6687
 38.6 102.47452 2471.287
 38.7 121.48761 4657.3325
 38.8 104.937614 2263.6199
 38.899998 123.16379 4526.2456
 39. 96.40785 2198.4778
 39.1 89.08684 2029.7241
 39.2 82.07387 1943.4679
 39.3 90.88543 1894.9628
 39.399998 76.17147 1817.1072
 39.5 93.146355 1819.2744
 39.6 98.55067 3920.449
 39.7 117.76769 2582.8315
 39.8 89.45987 1665.4658
 39.899998 107.86875 1699.1256
 40. 162.50604 5067.0605
 40.1 114.56239 2623.9194
 40.2 123.626816 2421.967
 40.3 113.992645 2820.5037
 40.399998 127.08922 2898.5093
 40.5 104.85209 2312.7544
 40.6 119.78504 2492.1548
 40.7 101.90889 2467.103
 40.8 92.02257 2384.7058
 40.899998 89.42068 2522.167
 41. 86.02711 2497.0186
 41.1 97.51305 2612.039
 41.2 90.03775 2563.2834
 41.3 92.99599 2497.151
 41.399998 85.45671 2428.0212
 41.5 92.45071 2382.5493
 41.6 98.70168 2316.7383
 41.7 146.37776 5116.51
 41.8 143.3292 5094.7847
 41.899998 173.8648 5817.0566
 42. 181.97816 6163.8345
 42.1 184.83163 6314.038
 42.2 198.82596 6253.123
 42.3 209.02109 6690.0938
 42.399998 207.03738 6568.394
 42.5 198.117 6038.2285
 42.6 167.21033 3752.6074
 42.7 139.00545 2993.1165
 42.8 126.07474 2937.6128
 42.899998 102.591774 2037.0126
 43. 98.98323 2093.3247
 43.1 91.675896 2061.088
 43.2 95.10461 2288.7432
 43.3 95.581696 2198.1096
 43.399998 111.34469 4027.7944
 43.5 85.099884 2219.9536
 43.6 134.0998 3264.3274
 43.7 168.92053 3866.2183
 43.8 156.86623 4531.1343
 43.899998 196.29793 4370.0625
 44. 158.23781 4704.5337
 44.1 163.19185 3492.9226
 44.2 124.57468 2896.6604
 44.3 114.25908 2583.239
 44.399998 115.45933 2064.7397
 44.5 110.268486 1999.9087
 44.6 112.613945 2073.6514
 44.7 95.6364 1910.5303
 44.8 87.80218 1946.1357
 44.899998 90.81418 1941.2256
 45. 95.07913 1894.3763
 45.1 88.74126 2105.5876
 45.2 110.623116 2246.6182
 45.3 117.26803 3490.7556
 45.399998 97.7808 2488.718
 45.5 129.79294 6702.504
 45.6 131.04944 3748.4658
 45.7 146.79369 4879.4497
 45.8 166.50787 5142.37
 45.899998 148.36493 4397.9033
 46. 225.54369 3846.209
 46.1 134.29662 2942.5405
 46.2 131.15071 2321.9526
 46.3 136.09729 5593.0493
 46.399998 152.37042 3841.874
 46.5 112.99035 2300.477
 46.6 146.90245 2901.063
 46.7 133.06862 3837.583
 46.8 102.99519 3314.9136
 46.899998 108.30193 2967.5103
 47. 107.17637 2894.3325
 47.1 114.55091 2767.3389
 47.2 95.99536 2747.8481
 47.3 97.77599 2619.145
 47.399998 100.09121 2561.8706
 47.5 91.54311 2593.5994
 47.6 84.19961 2537.9204
 47.7 82.5836 2750.269
 47.8 80.594734 2784.083
 47.899998 91.178375 2680.1597
 48. 161.7714 6824.291
 48.1 114.11184 3579.873
 48.2 202.59544 6419.1377
 48.3 145.67468 6060.5444
 48.399998 138.52225 4340.1216
 48.5 147.27834 3881.464
 48.6 155.78163 3121.748
 48.7 160.05139 3491.4207
 48.8 160.37401 3750.6792
 48.899998 140.05917 3908.4575
 49. 149.48836 3755.479
 49.1 143.65898 3652.6252
 49.2 139.32915 3396.639
 49.3 144.8394 3562.9536
 49.399998 147.6276 3891.2915
 49.5 149.88799 3899.2524
 49.6 153.2279 3805.833
 49.7 152.64644 3297.9155
 49.8 150.98404 2820.8218
 49.899998 147.78047 2481.7263
 50. 144.0917 2589.6514


 5.1 809.1386 6579.6807
 5.2 773.93365 6305.4434
 5.2999997 762.0118 6283.0244
 5.4 742.9598 6293.882
 5.5 717.4127 6317.7603
 5.6 692.9258 6204.6865
 5.7 709.4632 5653.3594
 5.7999997 696.9949 5499.165
 5.9 665.95905 5635.199
 6. 646.97455 5587.206
 6.1 632.54236 5512.558
 6.2 628.1275 5598.6997
 6.2999997 622.0324 5387.5244
 6.3999996 617.62506 5491.2686
 6.5 596.9431 5402.7524
 6.6 585.56494 5148.457
 6.7 568.0326 5059.0435
 6.7999997 551.0814 5039.052
 6.8999996 538.68665 5095.4927
 7. 504.58694 5024.7715
 7.1 535.3862 5941.869
 7.2 473.73688 4975.6016
 7.2999997 490.74374 4985.0107
 7.3999996 461.70218 5162.4297
 7.5 430.696 4946.895
 7.6 412.19153 5063.4097
 7.7 384.978 5043.322
 7.7999997 360.14462 4986.2373
 7.8999996 342.61328 5010.08
 8. 332.0554 5107.341
 8.099999 313.58624 5022.4077
 8.2 355.4921 7302.7686
 8.3 309.34732 5111.7324
 8.4 299.6728 5154.4336
 8.5 280.20358 4426.5103
 8.599999 255.98291 4053.383
 8.7 236.14159 3958.125
 8.8 230.387 3920.3523
 8.9 256.0661 3822.8242
 9. 241.37904 3707.9175
 9.099999 229.17336 3728.857
 9.2 223.34686 3588.295
 9.3 232.73366 3512.557
 9.4 308.68155 5209.894
 9.5 244.50322 3146.9858
 9.599999 245.99149 4508.987
 9.7 278.7529 7197.633
 9.8 256.01596 4402.4346
 9.9 268.29373 6559.986
 10. 340.58005 6827.175
 10.099999 396.1189 5828.3364
 10.2 523.83905 6190.3667
 10.3 537.2883 8192.758
 10.4 471.01352 7861.597
 10.5 489.58582 7494.5146
 10.599999 459.74814 7147.461
 10.7 427.18546 6640.0767
 10.8 395.16687 6390.201
 10.9 391.36584 6075.6436
 11. 380.81393 6134.813
 11.099999 360.2314 6068.0044
 11.2 352.84305 5961.689
 11.3 386.72055 6032.4023
 11.4 381.50995 5905.4697
 11.5 428.0594 6035.4854
 11.599999 334.5756 5547.166
 11.7 317.77606 4990.189
 11.8 285.6614 4545.0605
 11.9 292.4799 4500.3247
 12. 336.93127 5812.1396
 12.099999 265.44763 3108.5195
 12.2 307.314 4062.4453
 12.3 272.87527 4836.259
 12.4 303.89716 5492.302
 12.5 324.9844 5899.061
 12.599999 312.45566 5400.4956
 12.7 344.70728 6296.6357
 12.799999 318.6998 5221.775
 12.9 379.32147 6021.5513
 13. 331.9195 5767.536
 13.099999 338.5753 5545.1416
 13.2 330.5702 4474.944
 13.299999 269.0996 4557.878
 13.4 239.38763 4989.4663
 13.5 248.887 4742.1597
 13.599999 240.12474 4279.561
 13.7 223.90648 3332.0527
 13.799999 219.23279 2997.4634
 13.9 225.99678 3028.189
 14. 259.44052 3107.7075
 14.099999 205.80972 2923.3108
 14.2 223.42473 2889.2932
 14.299999 219.10475 2924.4788
 14.4 215.95157 2831.7244
 14.5 203.51303 2925.0598
 14.599999 203.96066 2695.6753
 14.7 198.22362 2728.622
 14.799999 197.68652 2604.3894
 14.9 198.03056 2792.5889
 15. 198.95422 2866.31
 15.099999 185.26688 2847.315
 15.2 188.11993 2948.708
 15.299999 185.28123 2831.306
 15.4 174.94212 2926.163
 15.5 176.30614 2906.9727
 15.599999 175.37125 2868.4885
 15.7 185.22333 2879.1008
 15.799999 197.73613 2811.8706
 15.9 236.28088 3490.7593
 16. 280.5119 4606.49
 16.1 340.25406 6609.9326
 16.199999 306.9144 6898.4844
 16.3 327.88937 6737.8135
 16.4 327.44055 7224.509
 16.5 300.44028 7707.1416
 16.6 327.65833 7921.622
 16.699999 333.0103 8130.4473
 16.8 310.49402 8326.464
 16.9 319.171 8725.68
 17. 302.5037 8909.615
 17.1 294.36978 9032.16
 17.199999 306.41968 9505.323
 17.3 313.77383 9770.645
 17.4 320.0999 9857.236
 17.5 325.96338 10427.209
 17.6 336.84637 10394.528
 17.699999 341.3979 10581.984
 17.8 344.7693 10794.364
 17.9 358.149 11008.687
 18. 363.9533 11044.765
 18.1 376.11032 11359.609
 18.199999 382.32144 11076.426
 18.3 389.40356 11139.543
 18.4 396.84656 11118.547
 18.5 407.63174 11289.3
 18.6 411.74573 11246.224
 18.699999 420.59808 11260.7
 18.8 425.6208 11388.092
 18.9 427.91125 11378.979
 19. 436.0551 11559.27
 19.1 445.54645 11761.544
 19.199999 448.76434 11400.494
 19.3 456.75995 11525.342
 19.4 455.9823 11257.668
 19.5 466.35214 10917.545
 19.6 470.67932 10560.274
 19.699999 469.07648 10090.76
 19.8 469.84705 9730.382
 19.9 473.69528 9207.28
 20. 468.2667 8589.557
 20.1 464.85217 8193.537
 20.199999 457.72992 8011.783
 20.3 450.58368 7958.293
 20.4 432.96625 8172.308
 20.5 409.1514 8302.979
 20.6 405.1628 8293.619
 20.699999 389.00214 8120.1665
 20.8 366.47772 6625.024
 20.9 332.51324 4291.402
 21. 294.16412 3910.2852
 21.1 326.2601 5204.723
 21.199999 305.9224 4224.6333
 21.3 300.13568 5616.5635
 21.4 331.86044 5146.7227
 21.5 304.90952 4452.9463
 21.6 275.4371 4869.747
 21.699999 278.64545 4617.0654
 21.8 281.46255 4954.157
 21.9 295.8858 4873.456
 22. 325.52332 5081.055
 22.1 298.24924 5268.792
 22.199999 282.78464 5635.918
 22.3 251.32529 5503.5283
 22.4 290.98035 6162.5073
 22.5 279.53864 4478.7993
 22.6 256.9927 3814.1443
 22.699999 242.01082 3720.324
 22.8 247.71777 4020.5525
 22.9 237.53326 4351.92
 23. 220.43428 4610.1416
 23.1 222.52583 4538.8306
 23.199999 209.34174 4081.2817
 23.3 231.50714 4140.451
 23.4 247.19164 6268.1646
 23.5 232.29062 4005.003
 23.6 236.30643 5453.628
 23.699999 203.7776 3351.7886
 23.8 238.78131 3327.8845
 23.9 232.0881 5134.1133
 24. 215.16997 4149.381
 24.1 198.95538 3754.0198
 24.199999 212.13623 3711.9841
 24.3 208.00076 3134.0254
 24.4 227.46176 4054.6187
 24.5 188.2971 2813.53
 24.6 194.19838 2826.6765
 24.699999 166.01715 2759.664
 24.8 167.01599 2820.1782
 24.9 170.97026 2817.5354
 25. 170.06235 2936.8328
 25.1 171.37398 3073.4324
 25.199999 158.10712 3237.6946
 25.3 167.7951 3187.469
 25.4 170.44467 3178.2532
 25.5 153.88712 3404.9321
 25.599998 155.13994 3450.494
 25.699999 145.97748 3707.6282
 25.8 158.33641 3628.2993
 25.9 145.8157 3557.3923
 26. 166.79141 4042.6792
 26.099998 143.69318 3062.142
 26.199999 167.09143 3140.6167
 26.3 144.6221 2974.1692
 26.4 149.76329 2734.7268
 26.5 146.0312 2651.6855
 26.599998 135.23668 2579.8164
 26.699999 139.93517 2573.8762
 26.8 125.991165 2444.9373
 26.9 117.65908 2435.6963
 27. 117.38271 2412.4683
 27.099998 115.9237 2405.8772
 27.199999 120.334015 2468.2295
 27.3 115.18808 2440.0806
 27.4 168.04082 3530.0552
 27.5 179.42499 2743.8425
 27.599998 129.62952 2413.08
 27.699999 125.076385 2395.2876
 27.8 118.33287 2465.4937
 27.9 148.52098 2417.3481
 28. 134.09303 2408.1016
 28.099998 121.98901 2555.337
 28.199999 128.78423 2548.846
 28.3 135.97612 2400.1445
 28.4 225.10727 6536.039
 28.5 157.09483 2503.6704
 28.599998 157.36246 3204.7034
 28.699999 187.81223 3376.9941
 28.8 218.2807 3684.0159
 28.9 168.55435 3089.2075
 29. 238.14584 4837.035
 29.099998 273.74564 6451.331
 29.199999 320.9736 6451.038
 29.3 257.08124 4217.2046
 29.4 286.71692 4554.7095
 29.5 274.21692 4830.093
 29.599998 253.82906 5124.0776
 29.699999 246.88524 5220.9844
 29.8 229.49991 5354.8013
 29.9 216.77757 5343.5757
 30. 218.81073 5024.0635
 30.099998 221.94768 4995.693
 30.199999 206.22142 5020.752
 30.3 193.81677 4684.8643
 30.4 185.91548 3479.2078
 30.5 176.8015 2612.6467
 30.599998 162.444 2596.017
 30.699999 151.0694 2541.0889
 30.8 154.58427 2520.1428
 30.9 166.19888 2938.242
 31. 156.67084 2503.9065
 31.099998 153.90648 2563.1045
 31.199999 155.58722 2398.6208
 31.3 158.40414 2527.7605
 31.4 161.21555 2407.5115
 31.5 153.73135 2421.7522
 31.599998 152.72713 2400.466
 31.699999 152.07326 2309.897
 31.8 147.34729 2380.5176
 31.9 146.69513 2423.7156
 32. 155.08546 2362.9868
 32.1 153.24214 2387.0586
 32.2 159.43155 2398.764
 32.3 171.61124 2707.2573
 32.399998 193.4094 7711.2617
 32.5 178.8259 2307.769
 32.6 186.66318 2308.974
 32.7 179.59486 2357.0571
 32.8 181.66748 2403.5881
 32.899998 156.01215 2362.4683
 33. 142.35298 2375.325
 33.1 147.5688 2371.9812
 33.2 188.5464 2884.8623
 33.3 165.41922 2356.4385
 33.399998 197.34442 2328.1108
 33.5 189.24158 2499.5327
 33.6 189.61945 3854.4165
 33.7 156.99652 2330.0671
 33.8 144.44296 2324.3628
 33.899998 132.8983 2438.493
 34. 174.79108 8896.597
 34.1 192.17677 5654.258
 34.2 157.30713 2429.055
 34.3 188.88858 4025.6665
 34.399998 176.74532 3779.0537
 34.5 191.68738 3173.8257
 34.6 217.91342 4936.302
 34.7 197.85805 4677.3755
 34.8 170.04811 4588.337
 34.899998 226.4493 4421.59
 35. 272.15128 4352.288
 35.1 227.00815 4311.1685
 35.2 220.02017 4538.0864
 35.3 230.79982 4591.0615
 35.399998 210.69698 4550.3535
 35.5 201.23431 4654.8984
 35.6 197.53838 4686.295
 35.7 185.98589 4523.4453
 35.8 190.77066 4495.282
 35.899998 188.81746 4403.737
 36. 196.12544 4256.1436
 36.1 183.50568 4030.9812
 36.2 182.3165 4030.0796
 36.3 187.08965 4163.686
 36.399998 189.05316 4664.8193
 36.5 186.84996 4870.6846
 36.6 188.46445 4966.915
 36.7 187.86105 5098.5786
 36.8 205.09201 5168.985
 36.899998 175.70586 5133.623
 37. 173.61264 5027.69
 37.1 206.26875 4835.44
 37.2 172.75293 4882.5186
 37.3 171.4184 5068.964
 37.399998 213.80844 7582.2334
 37.5 157.20874 4303.6187
 37.6 135.78534 4150.3535
 37.7 159.27478 4558.126
 37.8 208.67285 6290.036
 37.899998 187.02092 5868.469
 38. 260.5664 6477.551
 38.1 433.67136 6339.578
 38.2 376.37582 6522.5176
 38.3 415.53107 5771.8955
 38.399998 520.3005 6564.2236
 38.5 480.16953 5698.9165
 38.6 578.39014 5951.4497
 38.7 506.51218 6442.2686
 38.8 443.8541 6215.201
 38.899998 415.3648 6162.0537
 39. 382.86462 5836.3545
 39.1 332.56708 4701.9087
 39.2 287.7217 4736.205
 39.3 271.6254 4769.0146
 39.399998 260.25735 4496.019
 39.5 285.39993 5664.357
 39.6 261.66144 4422.788
 39.7 260.90573 4329.0034
 39.8 246.08002 4230.409
 39.899998 212.78984 4186.6167
 40. 219.83177 4343.5874
 40.1 207.57295 4299.3735
 40.2 220.023 4467.7773
 40.3 233.69888 4288.187
 40.399998 241.98944 4540.3223
 40.5 238.4984 4597.4063
 40.6 246.12251 4790.6504
 40.7 252.35031 5152.656
 40.8 253.55815 5428.7373
 40.899998 242.30142 5403.4854
 41. 237.035 5262.523
 41.1 231.23067 4730.8696
 41.2 215.10744 3936.1846
 41.3 193.10968 3964.3943
 41.399998 177.83907 4085.437
 41.5 179.46315 4225.735
 41.6 179.46033 4272.4263
 41.7 171.55205 4020.399
 41.8 175.30736 4078.2703
 41.899998 204.5832 7364.198
 42. 183.26256 4020.6738
 42.1 165.56241 3899.7925
 42.2 185.75839 4266.3467
 42.3 165.9691 4004.978
 42.399998 152.14288 4007.9214
 42.5 147.3805 4955.782
 42.6 155.09843 4431.9375
 42.7 138.3971 3477.4285
 42.8 163.37086 2655.5012
 42.899998 180.03857 4246.2695
 43. 237.16602 5118.113
 43.1 201.47484 4050.9546
 43.2 233.73631 5846.415
 43.3 247.06659 5906.2456
 43.399998 362.58136 5328.8877
 43.5 338.42267 5910.8984
 43.6 349.72684 5519.2603
 43.7 326.3792 5635.4497
 43.8 320.8379 5667.1357
 43.899998 305.9386 5359.7227
 44. 288.92285 5260.041
 44.1 270.2673 5337.074
 44.2 254.00063 5338.211
 44.3 233.62053 5248.611
 44.399998 216.2696 5366.3564
 44.5 209.4841 5409.794
 44.6 204.43256 5429.4565
 44.7 186.20471 5396.6045
 44.8 185.97473 5467.0254
 44.899998 168.08289 5523.9414
 45. 210.90184 6298.077
 45.1 243.06938 8412.76
 45.2 232.46574 8937.106
 45.3 243.44601 6453.42
 45.399998 265.79654 5598.574
 45.5 224.15102 6694.0605
 45.6 235.70767 6715.9043
 45.7 242.4499 6914.4736
 45.8 264.99118 6929.573
 45.899998 258.45792 7077.155
 46. 280.04877 7171.6436
 46.1 259.47778 7197.6475
 46.2 279.8588 7089.3213
 46.3 286.6388 7010.282
 46.399998 245.05434 6971.951
 46.5 245.61102 6950.4365
 46.6 248.69272 6641.6104
 46.7 247.4094 6661.205
 46.8 244.1695 6750.0576
 46.899998 239.08592 6273.3657
 47. 223.10692 5691.8228
 47.1 210.42262 4983.8413
 47.2 186.19858 4186.5454
 47.3 170.23605 4129.887
 47.399998 187.12766 4225.4873
 47.5 182.3105 4332.5225
 47.6 170.25703 4556.1685
 47.7 192.48613 4465.535
 47.8 202.34886 4804.82
 47.899998 184.61969 4514.0757
 48. 166.166 4647.1455
 48.1 160.61967 4669.683
 48.2 155.01598 4434.5034
 48.3 177.58931 4250.6147
 48.399998 166.64265 4610.2383
 48.5 176.76631 3513.1467
 48.6 130.68008 2564.0918
 48.7 146.77809 2914.9316
 48.8 275.49628 7000.072
 48.899998 212.7249 4437.847
 49. 206.5668 3010.2969
 49.1 174.18953 3007.4143
 49.2 209.38531 6390.327
 49.3 206.63943 4976.6836
 49.399998 178.90561 4166.143
 49.5 216.86891 3870.807
 49.6 174.67012 3794.6821
 49.7 159.9515 3893.2334
 49.8 160.03613 4005.661
 49.899998 156.50143 4271.221
 50. 159.54913 4378.023


 5.1 475.10733 5561.7964
 5.2 468.31943 5699.0757
 5.2999997 433.73386 5926.5664
 5.4 479.6398 5145.4106
 5.5 397.8937 4738.5083
 5.6 411.73148 4609.7124
 5.7 432.6532 5819.138
 5.7999997 415.9911 5560.552
 5.9 399.58167 5387.603
 6. 371.575 5168.3413
 6.1 360.30298 5043.454
 6.2 354.1183 4876.392
 6.2999997 347.95844 4777.2285
 6.3999996 346.81177 4703.9863
 6.5 340.65207 4816.192
 6.6 341.19797 4741.8447
 6.7 340.9259 4680.8477
 6.7999997 339.09708 4428.438
 6.8999996 340.29462 4455.6533
 7. 355.84763 4395.7476
 7.1 351.32928 3986.4316
 7.2 328.48694 4035.8735
 7.2999997 371.70898 6085.1025
 7.3999996 385.21918 6839.329
 7.5 384.12482 6289.8228
 7.6 461.31107 5056.0894
 7.7 507.93356 7280.774
 7.7999997 569.5891 7241.8857
 7.8999996 512.3421 7680.477
 8. 592.2847 7882.6865
 8.099999 643.5025 8159.598
 8.2 622.33276 8422.713
 8.3 595.5859 8583.309
 8.4 543.9268 8496.909
 8.5 524.7556 8348.269
 8.599999 502.97577 8113.5283
 8.7 486.26788 8040.6045
 8.8 472.5631 8125.094
 8.9 453.2192 7934.9355
 9. 423.30515 7727.83
 9.099999 393.9568 7424.143
 9.2 371.7791 7274.3945
 9.3 421.90714 6791.5283
 9.4 397.94745 6653.094
 9.5 329.17517 4678.999
 9.599999 298.87466 3950.9653
 9.7 302.531 4777.018
 9.8 300.19647 4127.959
 9.9 314.64932 4272.312
 10. 312.44196 4596.341
 10.099999 301.52014 4838.526
 10.2 300.6362 5187.782
 10.3 294.16434 5348.9688
 10.4 288.8258 5403.557
 10.5 279.33606 5698.535
 10.599999 275.19128 6010.823
 10.7 273.85236 6084.3555
 10.8 263.6616 6134.709
 10.9 271.5585 5973.2686
 11. 268.58282 5808.896
 11.099999 258.11923 5861.206
 11.2 264.48737 5652.2295
 11.3 257.49365 5557.6045
 11.4 248.80463 5256.8975
 11.5 237.60541 4231.0884
 11.599999 228.75314 3387.1829
 11.7 215.76479 3483.6887
 11.8 211.56026 3298.3125
 11.9 209.50322 3480.9495
 12. 211.47333 3434.6545
 12.099999 211.66098 3452.3857
 12.2 201.24199 3348.6199
 12.3 222.87338 4016.4648
 12.4 202.8707 3516.748
 12.5 200.83188 3435.155
 12.599999 209.57242 3530.2878
 12.7 200.58348 3184.2866
 12.799999 208.83028 2910.4077
 12.9 195.63998 2758.7915
 13. 203.6728 2791.1497
 13.099999 198.8579 2697.0078
 13.2 191.22668 2743.4563
 13.299999 191.63338 2838.8892
 13.4 192.12787 3054.5103
 13.5 185.361 3028.2893
 13.599999 183.65794 2895.4592
 13.7 186.04785 3050.8376
 13.799999 188.46729 3155.7766
 13.9 196.00752 3114.4949
 14. 195.44713 3141.4067
 14.099999 187.66853 3215.897
 14.2 185.05629 3360.1677
 14.299999 187.23534 3472.0479
 14.4 188.11601 3536.049
 14.5 180.54716 3648.3123
 14.599999 199.73557 3661.0972
 14.7 185.76227 3700.49
 14.799999 183.50327 3853.6191
 14.9 219.42339 4257.3594
 15. 209.24858 3920.8245
 15.099999 197.27246 4057.4312
 15.2 236.7017 3934.1067
 15.299999 196.17 4025.5627
 15.4 349.46774 6689.4272
 15.5 331.46988 4569.6724
 15.599999 423.10684 6063.4873
 15.7 586.24084 6606.917
 15.799999 496.45242 5669.7607
 15.9 532.71906 5258.775
 16. 538.16003 4532.7114
 16.1 544.93494 4180.5264
 16.199999 517.9274 4280.226
 16.3 492.791 4187.4717
 16.4 450.25446 4110.1704
 16.5 415.9884 3780.8384
 16.6 393.1906 3576.1182
 16.699999 381.1917 3700.4365
 16.8 356.87738 3866.5007
 16.9 334.96246 3950.6147
 17. 356.5851 3999.481
 17.1 351.1496 5144.8438
 17.199999 355.4893 6286.0645
 17.3 355.7241 5538.4824
 17.4 372.8135 5285.6216
 17.5 360.3602 5028.14
 17.6 352.38675 4941.391
 17.699999 337.8569 5174.754
 17.8 329.37402 5112.205
 17.9 314.2765 5101.297
 18. 314.32394 5306.722
 18.1 295.27704 5536.134
 18.199999 300.61597 5562.157
 18.3 285.86093 5666.5854
 18.4 283.75366 5571.084
 18.5 277.47247 5477.325
 18.6 338.2415 6453.3857
 18.699999 396.98526 5710.741
 18.8 361.32935 6171.326
 18.9 372.7285 6382.2524
 19. 361.36703 7287.6045
 19.1 311.33032 7162.7275
 19.199999 257.1899 5907.765
 19.3 363.84384 9207.891
 19.4 339.85422 7209.6953
 19.5 339.87192 5927.4487
 19.6 445.11386 6626.7334
 19.699999 471.63397 7084.0283
 19.8 466.2493 6060.39
 19.9 449.06482 5475.429
 20. 457.07675 5960.6084
 20.1 423.0033 6805.905
 20.199999 447.5791 7292.397
 20.3 429.50333 7584.1143
 20.4 439.74423 7736.896
 20.5 426.53577 7784.0283
 20.6 429.5387 7512.888
 20.699999 430.06686 7814.3906
 20.8 428.12582 7923.925
 20.9 433.14185 7983.0728
 21. 433.81055 7962.0015
 21.1 434.12054 8108.6973
 21.199999 430.98566 8013.2607
 21.3 418.72913 8218.965
 21.4 421.25766 8139.331
 21.5 413.88757 7973.5566
 21.6 406.06107 8136.592
 21.699999 401.0615 7982.541
 21.8 400.97192 7732.047
 21.9 395.80258 7536.725
 22. 403.93005 7430.209
 22.1 386.22617 7546.502
 22.199999 362.19168 7305.3896
 22.3 374.57187 7166.7124
 22.4 344.68106 6178.7866
 22.5 346.44138 5859.0713
 22.6 335.29376 5512.272
 22.699999 347.494 5871.366
 22.8 374.67413 6018.763
 22.9 358.65558 6355.255
 23. 358.1281 5802.809
 23.1 367.28616 5226.4097
 23.199999 363.44827 5179.253
 23.3 409.28027 5187.632
 23.4 432.80438 8010.571
 23.5 490.6636 7120.822
 23.6 521.64453 8115.5493
 23.699999 476.85294 8508.524
 23.8 489.01343 9085.325
 23.9 495.03693 9473.455
 24. 497.14386 9792.559
 24.1 503.56723 9702.565
 24.199999 510.3142 9731.555
 24.3 509.51297 9979.67
 24.4 518.01294 9790.71
 24.5 514.543 9573.938
 24.6 508.56302 9813.294
 24.699999 506.09073 9776.012
 24.8 502.0691 9525.891
 24.9 489.86047 9554.693
 25. 479.23282 9139.398
 25.1 472.02567 8084.811
 25.199999 447.58093 6408.913
 25.3 424.4015 5752.719
 25.4 388.6789 5761.01
 25.5 371.17075 5902.9663
 25.599998 357.82492 5794.176
 25.699999 358.2362 5800.734
 25.8 319.47577 5969.2275
 25.9 312.34256 6100.1523
 26. 317.0385 5904.6694
 26.099998 291.5592 5857.933
 26.199999 314.76718 5799.2256
 26.3 304.85556 5744.791
 26.4 292.10767 5162.2866
 26.5 306.75806 4962.5874
 26.599998 314.1972 7197.6904
 26.699999 285.67957 4160.6284
 26.8 353.4626 10468.222
 26.9 347.79468 8376.814
 27. 406.70462 7629.661
 27.099998 519.15955 6984.837
 27.199999 354.195 4603.1035
 27.3 368.24222 5076.5273
 27.4 362.91617 5206.4824
 27.5 351.84518 5385.661
 27.599998 302.41986 5939.14
 27.699999 300.52545 5698.4604
 27.8 303.3701 7839.3716
 27.9 263.71237 6455.7583
 28. 254.35771 6051.0244
 28.099998 240.76976 6365.415
 28.199999 239.45192 6268.8623
 28.3 231.26627 5995.213
 28.4 239.37091 6761.094
 28.5 219.58635 5002.3555
 28.599998 182.76675 3271.2078
 28.699999 227.24448 3296.7854
 28.8 227.43666 5736.1074
 28.9 228.33624 4577.4253
 29. 245.27693 4075.0266
 29.099998 240.16815 5259.7295
 29.199999 274.43332 5472.035
 29.3 304.93286 3923.1743
 29.4 358.4914 4801.4795
 29.5 346.15582 5404.6514
 29.599998 403.80206 4270.091
 29.699999 385.5332 4282.3325
 29.8 390.67856 4281.624
 29.9 357.94485 3760.4893
 30. 317.15057 3633.846
 30.099998 309.20755 3554.857
 30.199999 328.69373 4442.4087
 30.3 273.62363 3703.2725
 30.4 284.71213 5242.4883
 30.5 238.14455 3908.0532
 30.599998 224.4029 4087.651
 30.699999 291.5889 4161.9517
 30.8 256.23752 4124.5225
 30.9 259.4552 4743.454
 31. 277.53357 3943.5627
 31.099998 253.2315 3761.1616
 31.199999 311.34357 6086.8867
 31.3 312.53195 4622.823
 31.4 293.6383 3786.5457
 31.5 321.23703 5356.7646
 31.599998 436.38458 8901.727
 31.699999 461.62537 7498.756
 31.8 500.85538 6973.9326
 31.9 454.7313 6612.9717
 32. 425.75214 6320.8076
 32.1 388.46405 6022.2534
 32.2 364.17212 5560.659
 32.3 340.98242 5429.485
 32.399998 339.70154 5276.7173
 32.5 306.69537 5266.296
 32.6 296.95163 5387.875
 32.7 283.96817 5304.8086
 32.8 272.69708 4971.006
 32.899998 265.9335 4461.9795
 33. 264.65802 4325.5483
 33.1 273.45157 4410.793
 33.2 265.94376 4221.275
 33.3 262.55682 4384.7646
 33.399998 237.90947 4448.125
 33.5 237.50516 4529.754
 33.6 241.76758 4507.306
 33.7 232.8191 4525.355
 33.8 236.91168 4502.814
 33.899998 234.99246 4768.2163
 34. 242.03691 5142.896
 34.1 250.82178 5246.1074
 34.2 261.07242 5710.5054
 34.3 254.7832 5845.807
 34.399998 257.31897 6341.7114
 34.5 277.00427 6420.0713
 34.6 264.52527 6411.531
 34.7 260.02222 6689.8364
 34.8 258.4515 6636.8613
 34.899998 257.55524 6616.996
 35. 259.3761 6960.9473
 35.1 258.03693 7016.9307
 35.2 255.23212 7185.5977
 35.3 251.28432 6922.8525
 35.399998 244.39844 6616.001
 35.5 240.75377 6113.087
 35.6 220.67413 6170.9478
 35.7 220.56238 5180.5938
 35.8 238.78181 5707.8154
 35.899998 231.7219 4112.1626
 36. 268.1195 5688.0254
 36.1 295.38297 5962.49
 36.2 259.75323 4096.8022
 36.3 304.7293 5288.3647
 36.399998 311.70267 7544.5713
 36.5 367.77762 7180.467
 36.6 417.37616 6851.7383
 36.7 463.226 7476.9395
 36.8 545.2816 8558.482
 36.899998 638.2683 8331.498
 37. 624.7074 8017.08
 37.1 611.47156 7920.0054
 37.2 578.05206 7749.8213
 37.3 569.0928 7911.4077
 37.399998 555.2697 7971.7397
 37.5 541.0638 8386.016
 37.6 509.89417 8428.527
 37.7 502.06595 8576.217
 37.8 456.52646 8179.9795
 37.899998 411.73532 7284.7295
 38. 371.60077 7337.963
 38.1 372.01352 7562.7173
 38.2 344.89938 6479.5293
 38.3 343.79575 5763.5454
 38.399998 321.7872 5545.578
 38.5 301.89935 5158.939
 38.6 318.79062 4979.067
 38.7 266.05234 4893.747
 38.8 268.93774 4561.661
 38.899998 260.10764 3789.0635
 39. 254.9424 3203.2046
 39.1 328.50488 7422.82
 39.2 453.48804 7971.522
 39.3 459.59683 8279.317
 39.399998 475.4138 11295.554
 39.5 528.83417 10241.976
 39.6 562.1647 10053.049
 39.7 662.61914 9181.784
 39.8 641.02844 8438.169
 39.899998 584.1308 8589.588
 40. 507.84442 8599.397
 40.1 456.93542 8450.844
 40.2 423.30676 8503.229
 40.3 401.65955 8132.855
 40.399998 354.2261 7831.993
 40.5 333.5315 7469.7373
 40.6 324.4035 6513.6016
 40.7 364.90903 5461.0884
 40.8 354.07397 7984.747
 40.899998 323.88116 9023.101
 41. 314.13098 7986.5635
 41.1 302.60577 7681.507
 41.2 290.73093 6176.408
 41.3 235.33647 5040.3037
 41.399998 221.1822 5077.332
 41.5 228.51799 4762.823
 41.6 222.8812 3522.5378
 41.7 261.73425 11559.094
 41.8 306.99786 5931.58
 41.899998 290.6942 10185.181
 42. 329.0617 7888.6094
 42.1 359.87222 8134.607
 42.2 361.60516 9161.801
 42.3 231.57896 6251.6533
 42.399998 199.4928 4698.461
 42.5 166.2292 3449.6494
 42.6 262.28333 7938.9453
 42.7 301.5063 5457.7373
 42.8 304.83032 5487.667
 42.899998 286.67706 5787.831
 43. 275.76996 5501.783
 43.1 274.1882 5049.543
 43.2 227.64027 5516.6553
 43.3 177.10817 5375.417
 43.399998 180.03986 4415.0054
 43.5 278.37994 8140.801
 43.6 243.07996 4350.264
 43.7 219.8796 4528.352
 43.8 194.00218 4350.868
 43.899998 139.78793 2609.8354
 44. 227.62886 8920.391
 44.1 226.8384 4628.087
 44.2 216.56737 4168.5464
 44.3 258.50607 3862.2378
 44.399998 281.20908 4406.927
 44.5 257.15308 3882.1328
 44.6 227.02917 3266.6445
 44.7 264.25644 3413.3003
 44.8 315.66083 4364.8193
 44.899998 239.2253 4555.0313
 45. 210.80142 3261.4194
 45.1 194.08272 3758.991
 45.2 239.17238 5479.655
 45.3 211.24895 6566.8145
 45.399998 169.12802 3989.897
 45.5 166.49142 5507.5337
 45.6 164.97717 5543.962
 45.7 140.32591 4702.5205
 45.8 195.99152 3873.5566
 45.899998 229.69913 4750.149
 46. 205.82573 5440.997
 46.1 234.2481 8722.224
 46.2 225.37233 5245.6924
 46.3 178.26596 5549.2827
 46.399998 192.01897 3483.374
 46.5 174.49123 3445.3584
 46.6 170.41861 4188.8276
 46.7 151.3879 2702.2327
 46.8 253.45375 7641.9063
 46.899998 203.75465 3671.583
 47. 245.41052 5321.9604
 47.1 269.64856 3947.2388
 47.2 246.68602 2650.087
 47.3 211.48251 2814.5957
 47.399998 193.85852 2617.6072
 47.5 180.2064 2383.2502
 47.6 202.08408 6812.0063
 47.7 179.9162 5345.895
 47.8 187.74252 7068.5107
 47.899998 253.00302 6301.4785
 48. 208.60219 6381.415
 48.1 206.13481 6527.796
 48.2 184.68819 6273.6934
 48.3 204.98737 7455.819
 48.399998 168.81572 5872.1494
 48.5 140.33714 3937.2146
 48.6 124.14899 2356.596
 48.7 128.41003 2372.2458
 48.8 157.77254 3030.088
 48.899998 168.86333 6775.8857
 49. 157.79103 6270.958
 49.1 120.51674 2436.7764
 49.2 119.93615 2621.4443
 49.3 109.90778 2501.0383
 49.399998 125.02982 2223.537
 49.5 150.45209 4606.9873
 49.6 137.96886 2622.7498
 49.7 175.3941 4790.4355
 49.8 152.98024 4795.3965
 49.899998 149.3056 4818.6563
 50. 168.78488 5089.381


