 0.40592584 0.3274497 0.37309468 0.45784834
 0.40907747 0.534742 0.38274 0.61859846
 0.4465364 0.7058641 0.27440813 0.95490205
 0.4528667 0.5097912 0.328119 0.57135266
 0.41079083 0.42398596 0.2536908 0.35238677
 0.5482504 0.37256354 0.39525995 0.1931495
 0.7210186 0.5006368 0.53877574 0.591116
 0.87700593 0.49330798 0.7838521 0.4807463
 0.50174844 0.48948973 0.4039178 0.49216712
 0.56182146 0.5004233 0.54744923 0.4830877
 0.4961874 0.5703641 0.41260403 0.46070445
 0.5414165 0.60245335 0.45220786 0.5260287
 0.53802574 0.80895776 0.58002 0.9426164
 0.6450688 0.5682655 0.5974883 0.7314324
 0.61634314 0.6862846 0.27980888 0.93433636
 0.56281483 0.6973594 0.2858282 0.7335838
 0.4809068 0.6967187 0.49147996 0.86028403
 0.45346397 0.66497135 0.4558135 0.7237616
 0.3589009 0.509831 0.33990562 0.77061754
 0.6009925 0.48337537 0.5066574 0.5686383
 0.49185666 0.5491691 0.47002155 0.76109266
 0.53137285 0.5056067 0.50757617 0.49427184
 0.496231 0.4248653 0.3879299 0.39957577
 0.39017516 0.4422792 0.26472315 0.34038517
 0.4365371 0.35417217 0.22752357 0.28633747
 0.25871742 0.44987065 0.14175439 0.26496494
 0.3366731 0.56694555 0.26085058 0.43691817
 0.4089368 0.5373379 0.3222914 0.63848245
 0.666753 0.42738843 0.45438918 0.41440654
 0.51669735 0.4765818 0.39431396 0.26229435
 0.505237 0.41109657 0.4798362 0.3324917
 0.5698369 0.3025179 0.3537996 0.29441592
 0.7279399 0.35225672 0.35821056 0.28101388
 0.5892879 0.44636232 0.3706023 0.35310185
 0.51967156 1.0701792 0.44878188 0.67804307
 0.89342546 0.34612295 0.46494532 0.40314975
 0.55240244 0.39219776 0.44264537 0.4121976
 0.50125223 0.8596676 0.4299932 0.53443646
 0.65022546 0.99293834 0.5688546 0.70336974
 0.5086791 1.4041177 0.2278739 1.2951213
 0.4621945 1.3106964 0.5025116 0.97095615
 0.6323621 1.6573827 0.45629227 0.50194114
 0.6095056 1.0743206 0.31972972 0.58335584
 0.6160995 1.1630006 0.6348914 1.0246285
 0.80029976 1.1641022 0.67085475 0.7121438
 0.65059215 1.2499578 0.3565827 0.677257
 0.6548783 1.321904 0.77458346 0.4944578
 0.7486981 1.2309865 0.44544527 1.0787404
 0.7894392 0.8036764 0.3631199 0.5571135
 0.9934511 0.9484936 0.47757325 0.8681129
 0.9626988 1.111167 0.79532015 1.1802989
 0.84953606 1.158275 0.49072394 0.6818643
 0.81917715 1.1960074 0.4010495 1.2605559
 0.82002676 0.8742752 0.4564981 0.60242385
 0.6828654 0.8279623 0.33398798 0.66638356
 0.5903416 1.362085 0.23734777 0.86449105
 0.8641648 0.8628842 0.65916723 0.8205384
 0.8423629 1.1573118 0.6343375 1.064407
 0.8964955 0.77358806 0.8205381 0.67274684
 0.9242355 1.0705868 0.8202479 0.7927171
 0.5540515 1.3025529 0.72839916 0.96792567
 0.7266056 1.0073881 0.5951597 0.96773106
 0.60617393 0.9449684 0.53483355 1.0130599
 0.78610367 0.63711345 0.7038343 0.6538731
 0.82625693 0.51578045 0.95429844 0.49115118
 0.6713108 0.68406355 0.42432034 0.5404962
 0.5915223 0.5252427 0.3972693 0.4229697
 0.819267 0.428335 0.5377819 0.44080192
 0.61098194 0.45390826 0.52303356 0.4225591
 0.77143466 0.7104261 0.68764913 0.61177987
 0.6978555 0.7656456 0.22042492 0.39694554
 0.7990221 0.39156637 0.13988556 0.46879116
 0.5871246 0.67158407 0.4253682 0.7051468
 0.65958077 0.5288436 0.46722832 0.41318947
 1.0909519 0.60920876 0.68894404 0.72666925
 0.7717761 0.6055957 0.57727754 0.4534306
 0.9280874 0.56388557 0.94229597 0.20527099
 0.8605386 0.4297583 0.79520303 0.38067728
 0.64081466 0.45030746 0.59341985 0.47494242
 0.7653965 0.72157496 0.7764959 0.72937584
 0.7965374 0.6927085 0.7751702 0.7401743
 0.97359294 0.4319386 0.62515044 0.544984
 1.5029683 0.5359769 1.357927 0.56189823
 0.91115916 0.5182726 0.82859755 0.5080759
 0.58289105 0.6278838 0.5690518 0.69450736
 0.6069962 0.637716 0.54097116 0.74371964
 1.0398556 0.697011 0.7378152 0.83864474
 1.008337 0.6318676 0.6304985 0.6846535
 1.1286303 0.7714356 0.6152106 0.7397385
 0.68191093 0.5931024 0.3544853 0.5712764
 0.7187058 0.69183934 0.3843494 0.49202788
 0.7184572 0.57840496 0.3504774 0.4279695
 0.7212666 0.6772742 0.34264565 0.57735044
 0.74302423 0.5744297 0.52094567 0.59032625
 0.96427536 0.43386126 0.80368626 0.53447306
 0.63983285 0.45547953 0.52897704 0.4060247
 0.6927412 0.59771967 0.59414935 0.44674897
 0.5209634 0.52718484 0.43127176 0.27772096
 0.53420025 0.41667366 0.39144337 0.36527577
 0.52646345 0.39475358 0.44096905 0.299706
 0.4322598 0.36011505 0.47726208 0.31304312
 0.46332377 0.32881045 0.42191613 0.26018175
 0.4358317 0.3483245 0.40852907 0.29042336
 0.32277963 0.34205985 0.22424155 0.23614538
 0.37476137 0.20859382 0.31659356 0.16581278
 0.26084167 0.22617786 0.2232171 0.19419876
 0.27452475 0.18928586 0.27390996 0.19618642
 0.28484106 0.17416844 0.29964676 0.14706056
 0.2966314 0.22099991 0.37712502 0.21777031
 0.28081554 0.21927032 0.28681305 0.22798726
 0.31832814 0.23563929 0.36405632 0.19148171
 0.3744269 0.21925351 0.42121196 0.28199703
 0.39351106 0.22958326 0.5023772 0.35204992
 0.43982548 0.20461579 0.58697593 0.21667174
 0.5698674 0.19843587 0.7612307 0.2578874
 0.6602007 0.18501881 0.91902006 0.25742605
 0.6517184 0.17784801 0.85276234 0.22635196
 0.5399369 0.17228961 0.6726927 0.20410804
 0.49305028 0.167744 0.59578097 0.15717092
 0.43937945 0.17485622 0.47552893 0.15052812
 0.6918478 0.1528281 0.66032183 0.13992818
 0.67942584 0.21755981 0.769669 0.10089883
 0.8717903 0.11203396 0.65857977 0.14156751
 0.7062144 0.20970206 0.8213901 0.21181071
 0.7896668 0.12824312 0.8606516 0.16029519
 0.946159 0.3352887 0.95311487 0.20645812
 0.88306886 0.2901254 0.9409033 0.30629855
 0.9821518 0.25769618 0.9394397 0.3251756
 0.5815105 0.47560772 0.5025229 0.2867212
 0.454044 0.2869286 0.26660284 0.23130038
 0.54583037 0.3191422 0.5344505 0.32717875
 0.57416064 0.36759505 0.59319496 0.5079915
 0.6774498 0.38553455 0.74362266 0.61078465
 0.28502697 0.35148308 0.3305346 0.4951887
 0.2964187 0.29292804 0.33934772 0.40932128
 0.2815619 0.23074666 0.3271771 0.23016816
 0.3245292 0.20239833 0.26029655 0.2531843
 0.31433842 0.20463726 0.16289113 0.2547304
 0.19617237 0.27010843 0.29251838 0.30343908
 0.22690535 0.22704497 0.32924855 0.2980806
 0.24605842 0.20615272 0.3559285 0.23471913
 0.26200154 0.22715311 0.38521186 0.23114523
 0.28419128 0.20889032 0.395808 0.18236639
 0.30748174 0.15716982 0.40660745 0.18268973
 0.30448735 0.16189332 0.42868134 0.16836819
 0.3184933 0.14210539 0.4443675 0.16738386
 0.30491817 0.08426972 0.41792342 0.11058696
 0.3482012 0.088104054 0.4505335 0.11619911
 0.34885073 0.10563388 0.4484109 0.14016365
 0.34699968 0.10204089 0.4541696 0.13669796
 0.3392579 0.13950607 0.44821498 0.18558107
 0.46386495 0.16723914 0.61044216 0.22590895
 0.5851737 0.1763341 0.757619 0.2390695
 0.53559697 0.22286658 0.6919166 0.31088173
 0.407943 0.2969687 0.51221925 0.41760695
 0.4012054 0.31756777 0.50549614 0.4475127
 0.37147477 0.36129048 0.4755142 0.50938
 0.34022665 0.3565006 0.44549328 0.48321944
 0.3381447 0.3309873 0.449112 0.44660595
 0.33113524 0.28099185 0.43088788 0.36453816
 0.345067 0.33908063 0.44511923 0.45898956
 0.33785078 0.42153707 0.42304176 0.50536054
 0.33228838 0.378178 0.40003204 0.4595192
 0.29951185 0.40113863 0.52532464 0.38009495
 0.3322447 0.39717484 0.49710768 0.27299935
 0.3226791 0.44473928 0.44770074 0.26089925
 0.3035516 0.34892932 0.2918516 0.22828002
 0.5894991 0.573655 0.6230087 0.36763397
 0.46649528 0.63838637 0.46443814 0.43767312
 0.37681022 0.52198297 0.35076421 0.55151576
 0.5557085 0.4986042 0.5261989 0.56767654
 0.59086937 0.51091105 0.40228716 0.5055089
 0.7181441 0.37919396 0.39574108 0.3389229
 0.643318 0.33753508 0.38367498 0.3698866
 0.7376533 0.32380328 0.4995389 0.33570594
 0.56882155 0.43584198 0.441007 0.38076612
 0.9778773 0.47737464 0.4318289 0.3126183
 0.62600505 0.32784802 0.63836884 0.2079638
 0.9173263 0.56091225 0.87106353 0.59418035
 0.8206178 0.6920157 0.6810504 0.456078
 0.7892097 0.50983423 0.49500284 0.49933383
 0.64872915 0.5467866 0.60854095 0.45919347
 1.1564016 0.56097305 0.6735181 0.51343143
 0.5606774 1.0223186 0.56053835 1.0821396
 0.877958 0.74725467 0.8348874 0.7628927
 0.6767387 0.8043311 0.5864024 0.6882855
 0.6654412 0.88331306 0.3689523 1.1263567
 0.48809537 0.82587206 0.35621566 0.5165682
 0.64158183 0.6141686 0.40041053 0.45004216
 0.55802536 0.5107277 0.41525498 0.3386246
 0.65323585 0.64535147 0.5595365 0.40436408
 0.70018953 0.53094167 0.5685558 0.40992644
 0.69335854 0.7959402 0.5717738 0.8443772
 0.5609014 0.56218016 0.57963234 0.5983024
 0.62492114 0.54387844 0.7621682 0.6234637
 0.9374504 0.37649196 0.9989836 0.35287216
 0.8987473 0.41610965 0.9614619 0.2634148
 0.73051816 0.5062955 0.5716247 0.21276252
 1.4118189 0.46421736 0.2881787 0.23133384
 1.0593002 0.38271907 0.4749837 0.19429292
 1.0289303 0.2743173 0.6144357 0.42215163
 0.7479153 0.46085876 0.69886476 0.3859849
 0.8433199 0.37294346 0.5212706 0.41632056
 0.9983757 0.35384402 0.86579955 0.37368533
 1.0251905 0.55423915 0.880369 0.29229462
 1.4455202 0.3509576 1.380521 0.3457756
 1.2148674 0.43780532 0.7372692 0.40327176
 1.0900472 0.38088316 0.5732746 0.37642565
 0.75046456 0.35703334 0.29759076 0.38911495
 0.97941864 0.29283273 0.5407546 0.29166165
 0.8479277 0.36076993 0.464317 0.36508602
 0.4939623 0.44147366 0.30335668 0.39070633
 0.69713944 0.30527514 0.22207378 0.3083618
 0.7269346 0.32051563 0.37519062 0.29127738
 0.48826784 0.35299784 0.4123997 0.2963452
 0.32236862 0.4836556 0.1820117 0.38669857
 0.27612215 0.3773883 0.31202346 0.32733354
 0.18937968 0.5067946 0.14970388 0.32612428
 0.3431255 0.5155679 0.35258928 0.5754067
 0.4058588 0.8305179 0.36313036 0.9431667
 0.31545717 0.8222834 0.33997396 1.014345
 0.16439113 0.6459774 0.043361764 0.8360162
 0.15398929 0.59855324 0.104394466 0.7630082
 0.12773731 0.5682758 0.11575277 0.7257401
 0.13157904 0.5025369 0.14831154 0.6425296
 0.08254723 0.44183683 0.11142703 0.6922073
 0.095238164 0.35268122 0.13170017 0.53114724
 0.092592664 0.41804618 0.12895922 0.56025803
 0.11777581 0.44368848 0.1680187 0.55582833
 0.12278523 0.41982752 0.13180266 0.47757876
 0.12591806 0.4043064 0.15521018 0.439022
 0.1251855 0.39009064 0.15892887 0.4108524
 0.11506547 0.3297103 0.1496534 0.45928785
 0.11968895 0.36196178 0.15104622 0.44695327
 0.117529415 0.47261944 0.16549367 0.5325403
 0.13805436 0.45443025 0.15671763 0.5261836
 0.16196503 0.35800582 0.19077796 0.4993375
 0.16021791 0.31753817 0.20062348 0.30504617
 0.17309736 0.35213295 0.27278614 0.32205296
 0.16960484 0.5408088 0.2944538 0.6278232
 0.18200158 0.60984 0.23405047 0.6896165
 0.20381057 0.69872427 0.24841091 0.78065264
 0.32789654 0.5102927 0.3859382 0.57415956
 0.27106696 0.41966853 0.3457983 0.35699067
 0.28258878 0.45432514 0.32292125 0.48868296
 0.29070824 0.39666876 0.3453416 0.46558845
 0.26826423 0.38394195 0.33896825 0.41615567
 0.32631105 0.3490488 0.43774018 0.40842578
 0.34252152 0.3469834 0.42544478 0.4723225
 0.35557666 0.34970206 0.4898211 0.4978125
 0.35739842 0.3709155 0.43806094 0.5112252
 0.28147563 0.31303275 0.3400755 0.40845576
 0.2965422 0.35289133 0.29472092 0.52790743
 0.4505784 0.3649156 0.46992102 0.45712957
 0.4562498 0.29723397 0.43891984 0.24146487
 0.5358566 0.26246858 0.36892897 0.25325605
 0.59447896 0.25917375 0.20556344 0.25289655
 0.29486027 0.40585852 0.25997505 0.35468698
 0.46241897 0.3141347 0.30932996 0.28738844
 0.39883155 0.37296054 0.402341 0.3613542
 0.43957782 0.30453515 0.43174016 0.17510892
 0.40216762 0.41203982 0.31807694 0.26785013
 0.38414323 0.3740242 0.309491 0.39331633
 0.3880954 0.5399809 0.37420446 0.5639088
 0.423848 0.6708293 0.38606927 0.7075623
 0.3545443 0.69707495 0.32927576 0.55181164
 0.27085745 0.69536316 0.26160032 0.5358495
 0.30199754 0.62292683 0.34545743 0.5239848
 0.30966377 0.49330455 0.18355122 0.3644648
 0.3147216 0.6250183 0.26952484 0.17453092
 0.45219165 0.47417617 0.2635169 0.38731512
 0.4296742 0.6568569 0.26030463 0.56772244
 0.43992907 0.69499195 0.46832505 0.45805195
 0.4701149 0.6806688 0.57566416 0.36805898
 0.32957 1.0283663 0.46192327 0.62814385
 0.39737642 0.7291626 0.61119896 0.48291835
 0.4681166 0.66322863 0.53047 0.6454278
 0.55810267 0.50760853 0.7072474 0.59161186
 0.5819348 0.34870028 0.65667 0.45088091
 0.5847688 0.45279846 0.6261913 0.48043144
 0.75359356 0.3944468 0.8895183 0.2865596
 0.819716 0.45742768 1.0385549 0.31105968
 0.75349796 0.37701565 0.8902606 0.38671112
 0.65704477 0.27133596 0.7031512 0.20894179
 0.69650954 0.1982602 0.8205454 0.20010626
 0.862733 0.16569062 1.0143852 0.0933037
 0.64639634 0.188063 0.7191613 0.10890352
 0.64983135 0.18647341 0.46399978 0.16497858
 0.72660595 0.20847413 0.5781837 0.18910617
 0.7637885 0.21663527 0.81394607 0.21420433
 0.62891114 0.2049768 0.63052565 0.16391636
 0.6643035 0.19041051 0.6862793 0.18082297
 0.69964135 0.15236434 0.69642967 0.13819976
 0.6274404 0.13722399 0.5148438 0.17891675
 0.5805832 0.104895175 0.5722038 0.12931724
 0.5607641 0.19034265 0.64892524 0.14139038
 0.6618372 0.19623023 0.8857333 0.19435991
 0.6106397 0.24093583 0.7456352 0.17006618
 0.5937916 0.20166309 0.7440364 0.16080096
 0.6746899 0.2231118 0.75435656 0.17155394
 0.6237129 0.20990424 0.67021394 0.21275593
 0.68389153 0.22538869 0.6193627 0.2970036
 0.7311889 0.23839974 0.7605379 0.24525617
 0.78622854 0.25253096 0.6370324 0.36267805
 0.63454616 0.18348636 0.68581414 0.2777277
 0.68132514 0.1413124 0.6007047 0.14022984
 0.6374181 0.16862431 0.7927698 0.14981183
 0.62227404 0.2194942 0.75738215 0.1462758
 1.1154662 0.12895596 0.6917749 0.18249507
 0.8327654 0.17537084 0.688684 0.18372044
 0.6423741 0.2172095 0.57658076 0.18005693
 0.68106514 0.25380668 0.5624994 0.07738901
 0.81196594 0.19517763 0.54308355 0.08333065
 0.6321523 0.16219684 0.63602173 0.13661522
 0.713609 0.18947986 0.7888581 0.1486426
 0.6108602 0.23129931 0.7519179 0.12722954
 0.8714415 0.16681662 0.92398727 0.18552405
 0.79307973 0.16805032 0.73469293 0.25790223
 0.8466989 0.18751685 0.83570606 0.27412954
 0.577381 0.23547706 0.6247993 0.27893132
 0.67483133 0.23380753 0.6922659 0.2787718
 0.74779826 0.2592588 0.79596543 0.26048008
 0.6995954 0.2742287 0.70351297 0.20515464
 0.4943742 0.37215927 0.5528715 0.38278425
 0.5454393 0.36690488 0.48821923 0.38225865
 0.5374242 0.30162007 0.43354052 0.34758428
 0.28659776 0.37726253 0.28819117 0.43634582
 0.33019125 0.25797528 0.23454943 0.24886361
 0.39139864 0.27708298 0.48082495 0.21366188
 0.3999258 0.2632823 0.3678725 0.2689967
 0.4548127 0.27074227 0.52082163 0.281457
 0.40631133 0.29485354 0.43097448 0.17997868
 0.49708635 0.2414062 0.43088534 0.25509217
 0.4319958 0.2518528 0.37150514 0.2421794
 0.48576695 0.32691282 0.53549874 0.24351303
 0.22854014 0.29608774 0.34657738 0.18768856
 0.5416579 0.2118214 0.28823376 0.21814542
 0.42982945 0.18929471 0.34866259 0.17560564
 0.41455537 0.194002 0.3679349 0.18044606
 0.29816478 0.3111974 0.25690034 0.163287
 0.42992073 0.19755256 0.35656497 0.14553095
 0.428059 0.2646075 0.2617884 0.13317965
 0.41981488 0.30122036 0.30051515 0.12304968
 0.51547176 0.12710698 0.35574785 0.104036696
 0.43771654 0.28788948 0.49748504 0.12852065
 0.48385233 0.43639952 0.27441394 0.489597
 0.49888825 0.25869864 0.44172478 0.26356936
 0.5160743 0.20012653 0.29295847 0.17985097
 0.41639772 0.3002376 0.4387808 0.23470093
 0.46577102 0.3146016 0.33445042 0.33151045
 0.6923741 0.38409108 0.37902057 0.43127227
 0.7943803 0.42963094 0.5622576 0.23091619
 0.7734577 0.5025487 0.5762968 0.4096553
 1.296563 0.43466073 0.8757361 0.5036822
 0.8913435 0.53569925 0.24594855 0.3106818
 0.95857894 0.6879616 0.32978067 0.49460316
 1.3780895 0.2790311 0.38161623 0.24623907
 0.83088243 0.5330537 0.8452301 0.5756652
 1.1594707 0.46613854 0.89851195 0.46449405
 0.928738 0.62014925 0.66229886 0.42285678
 0.9113569 0.66070586 0.50613403 0.6026684
 0.96004546 0.771878 0.37290427 0.32193282
 0.9877742 0.6563386 1.1171428 0.6659156
 0.9551274 0.7319776 0.7753032 1.013553
 0.7867664 1.0022283 0.36816788 1.4549601
 0.6684231 0.8436843 0.5828597 1.2581962
 0.7262512 1.3321583 0.9949485 1.3434882
 1.2718575 0.8645131 1.92282 0.7374899
 1.8461542 0.53250945 1.7098857 0.28632638
 0.79817265 0.81947154 0.875831 0.41438392
 0.65361774 0.8314565 0.837597 0.68538934
 0.7311834 0.83643943 0.7563399 0.7152509
 0.7719166 0.6562453 0.7904919 0.53545356
 0.6065859 1.3047196 0.34090135 0.9639429
 0.66325635 0.9950353 0.66591877 0.6691733
 0.66285133 0.962365 0.5458472 0.8575543
 0.65307134 0.7670116 0.545721 0.5130852
 0.56092554 1.1604908 0.6028277 0.4467487
 0.4944686 1.2776514 0.52665836 0.6841144
 0.68748426 0.7771164 0.30164453 0.37796873
 0.44587645 0.9767086 0.20854895 0.69518566
 0.58513457 0.64846325 0.5695677 0.6030977
 1.4768317 0.60904574 1.2466518 0.56735724
 0.70111376 0.95314044 0.48498416 1.113294
 0.7959884 0.4416778 0.6494657 0.2514139
 0.44304222 0.734449 0.47275865 0.3725377
 0.5492523 0.72052383 0.3913106 0.545482
 0.83448064 0.40904585 0.35004938 0.39350027
 0.71804017 0.6068714 0.8333965 0.3306395
 0.6722292 0.45564216 0.58330685 0.37804994
 0.614725 0.48127985 0.5210109 0.2797892
 0.6918367 0.53253305 0.43092537 0.41954988
 0.8061553 0.92254 0.5459118 0.56729215
 0.58668727 0.7854019 0.53728586 0.4225358
 0.72969544 1.1018279 0.8257412 0.7647592
 0.7579447 1.0423636 0.98295414 0.804587
 0.8449135 0.6836624 0.99376047 0.58521056
 0.7998884 0.75933945 0.7740563 0.4977397
 0.8194021 1.5012875 0.7272712 0.68567
 0.88750184 0.6837478 0.5446702 0.5441931
 0.9278549 1.250257 0.3969456 1.1678476
 0.77681804 0.63352937 0.43134886 0.45637074
 0.70280445 0.81460935 0.66779923 0.47019136
 1.0430365 0.6084982 1.0365516 0.43176275
 0.7621725 0.7706293 0.19131991 0.92313176
 0.5681728 1.0020293 0.43376985 0.9355656
 0.5409238 1.2788277 0.384576 1.1881081
 0.5574914 0.98542595 0.5164355 0.8153772
 0.7642284 0.5782805 0.92305297 0.2664067
 0.8058499 0.5871663 0.79668695 0.48421258
 0.626004 0.706917 0.50347453 0.5852517
 0.9231472 0.8402845 0.614751 0.94448066
 0.6163519 0.7310782 0.5217019 0.57492685
 0.76103216 0.9597492 0.47861305 0.9798915
 1.1166389 0.9261778 0.80421966 0.5054106
 0.7818984 0.8796007 0.5503017 0.58500874
 0.8262801 1.1673295 0.9412279 0.6966581
 1.0057595 0.7263329 1.0871446 0.6588031
 0.8457176 1.0174118 0.9420841 0.78392226
 0.6731628 1.0848153 0.50056654 1.1022841
 0.9796336 0.5070524 0.8470612 0.30458698
 0.9228691 0.6303801 0.9106418 0.49901146
 1.2486503 0.34549904 1.1428983 0.4262922
 1.0082544 0.5223024 0.7046021 0.41995388
 0.62240255 1.1400793 0.41749874 1.2138641
 0.6227799 0.6681924 0.7017409 0.38616914
 0.75938165 0.59116924 0.6844325 0.8113852
 0.9424254 0.4875517 0.8677506 0.38205305
 0.65778375 0.6787229 0.7044989 0.47330883
 0.73207486 0.6864677 0.60524887 0.7387028
 0.599089 0.8146393 0.7598449 0.71312726
 0.88942796 0.7026477 0.9068968 0.68909764
 0.8076929 0.6883037 0.6500439 0.67038363
 0.7721171 0.8663434 0.87692195 0.8998921
 0.67488974 0.84796107 0.6319225 1.000102
 0.6769555 0.77243114 0.7710835 0.933953
 0.6539563 0.85126 0.55674136 0.70938975
 0.85700333 0.49034876 0.37413615 0.54654074
 0.43700415 0.792004 0.12578523 0.4053724
 0.79513025 0.5291859 0.6638319 0.3461803
 0.5240908 0.73143065 0.5504073 0.538598
 0.42859474 0.8833992 0.4819312 0.4061147
 0.5739354 1.0920242 0.6563151 0.77209073
 0.41760308 1.6447105 0.44511372 1.132625
 0.45597377 1.912124 0.45794326 1.467136
 0.6389493 0.78525454 0.7388518 0.6453906
 0.5727203 1.1207289 0.71140325 0.9303192
 0.4395465 0.62054336 0.5861007 0.56052977
 0.79494673 0.56692684 0.79914 0.36870664
 0.7934581 0.8771828 0.6221211 0.6376714
 0.96333086 0.56977755 0.6571939 0.274608
 0.5793447 0.8484023 0.30583218 0.57350016
 0.4444689 0.8570633 0.58727074 0.6149404
 0.505412 0.70080966 0.75238436 0.6429174
 0.48246145 0.6991299 0.6290178 0.62725747
 0.5866469 0.70132285 0.6404748 0.7126555
 0.5969169 0.47802216 0.62795514 0.5078156
 0.56335396 0.42275485 0.5596927 0.41142058
 0.7247357 0.59254926 0.63505363 0.56167126
 0.6645277 0.42722455 0.4841152 0.21981618
 0.6374138 0.39353475 0.5739461 0.3352654
 0.6697456 0.27821767 0.6700522 0.30802697
 0.5323712 0.30081564 0.5973996 0.23471673
 0.4421629 0.25219733 0.51173276 0.21155915
 0.5247179 0.22396107 0.6061463 0.14504318
 0.41113573 0.248214 0.41479382 0.13751127
 0.42990804 0.25204477 0.49800512 0.106476836
 0.44074225 0.24057555 0.4927538 0.11120622
 0.47833562 0.2107367 0.57674676 0.1993513
 0.42614084 0.2823905 0.54368436 0.2531502
 0.3669066 0.19432509 0.38488623 0.24968529
 0.451418 0.2117985 0.53024197 0.29013082
 0.63616073 0.21768045 0.74171865 0.295017
 0.64064986 0.22639465 0.6958552 0.29773012
 0.4712287 0.26921183 0.5709842 0.2971466
 0.42588297 0.25364906 0.47015482 0.34218782
 0.40807867 0.27266997 0.5113925 0.38239485
 0.6880549 0.29033 0.8149364 0.4129314
 0.57043666 0.34792212 0.67194116 0.48845556
 0.5832132 0.3344782 0.6609269 0.46263453
 0.89705896 0.32382378 0.966393 0.4480117
 0.97116387 0.3482042 1.0120484 0.48634228
 0.72212946 0.35482392 0.77484655 0.48341823
 0.62870634 0.3650541 0.7097697 0.5030063
 0.43367368 0.3864736 0.51798016 0.54051477
 0.64673936 0.4045249 0.67991 0.42265463
 1.1254154 0.37530082 1.2193257 0.47293293
 0.853032 0.445892 0.837767 0.53320885
 0.79266953 0.4565982 0.73147833 0.56790054
 0.70692456 0.44627133 0.71476847 0.5618292
 0.6945236 0.45152855 0.7689689 0.5680823
 0.89279157 0.73005474 0.9969271 0.8286882
 1.1862444 0.56600434 1.2113342 0.6587795
 1.2614874 0.5646287 1.4123358 0.6646053
 0.67683613 0.5098593 0.74885476 0.5030297
 0.8504974 0.66937494 0.8612368 0.77373326
 0.80028474 0.623266 0.78506166 0.7317633
 1.0786979 0.37844035 1.0470701 0.39831764
 1.3367296 0.2153363 1.3048381 0.25217202
 1.0532963 0.2789659 0.69681585 0.24553072
 1.1786417 0.23614271 0.8526888 0.27989823
 1.1203197 0.21326026 0.93927735 0.2536313
 0.9189221 0.23385206 0.77304125 0.20452864
 1.5666435 0.23066401 1.2256116 0.2897529
 1.6100174 0.31587848 0.8639205 0.16809739
 1.0254774 0.34390852 0.4132811 0.19046424
 0.9977149 0.2894563 0.62146205 0.10849869
 0.99694806 0.29611546 0.5053073 0.2754571
 0.76970375 0.29173583 0.33552095 0.18088236
 1.3708876 0.42449436 0.74277043 0.3162062
 0.48149222 0.30098647 0.28123122 0.18113339
 1.0579058 0.34276924 0.676273 0.3606665
 0.902316 0.2881019 0.47791857 0.1970022
 0.7963673 0.45735312 0.65830624 0.2795713
 0.8125968 0.33320558 0.61667806 0.3098423
 2.0004272 0.36471862 2.120019 0.30146074
 1.1447918 0.33959636 0.54739743 0.38438198
 1.3652636 0.32187083 0.6036464 0.2984034
 0.67178637 0.9724318 0.34907946 0.52148193
 0.8981902 0.38697198 0.9510322 0.29730695
 1.0406944 0.70844877 0.4717071 0.35244477
 0.5212764 0.7833704 0.11706666 0.5020525
 0.64961505 0.5332801 0.3099222 0.39765382
 0.80536413 0.50844735 0.15911125 0.3609962
 0.7593223 0.62819684 0.35049462 0.33859864
 0.48962277 0.73412144 0.30197427 0.5682934
 0.67427266 0.9392139 0.34908766 0.9255124
 0.648466 0.73567677 0.45685643 0.4424226
 0.72478706 0.9351853 0.29334363 0.8343103
 1.0258572 0.6879946 0.37190723 0.6801204
 1.005628 0.7959527 0.6857319 0.4841834
 1.2925916 0.5080576 0.8084389 0.5259216
 1.225637 0.5204924 0.7004762 0.6260413
 0.54592836 0.8098444 0.42265552 0.61251825
 0.63667333 0.5799109 0.5200617 0.6357631
 0.54699814 0.51811093 0.2825941 0.41545147
 0.4161609 0.54896295 0.34982842 0.718815
 0.39929336 0.5723751 0.44759792 0.7761403
 0.4373985 0.6272048 0.4399089 0.72278607
 0.39968777 0.55678236 0.28122187 0.6338689
 0.29273215 0.62930787 0.25663233 0.4886923
 0.26889843 0.58021057 0.17782143 0.26360288
 0.32012954 0.50981987 0.13605517 0.526345
 0.30362678 0.5374588 0.21067967 0.5570844
 0.24101897 0.42000413 0.22287358 0.33200875
 0.35734934 0.3561545 0.29722008 0.39019975
 0.31337196 0.46697456 0.25112298 0.3878964
 0.31924674 0.41082495 0.3149785 0.4148429
 0.3327604 0.39225617 0.16289943 0.43128845
 0.7096476 0.37053594 0.46803308 0.44808054
 0.5422229 0.3376244 0.40948927 0.41882145
 0.4781701 0.4042657 0.24249093 0.47361264
 0.4355874 0.38344842 0.27344167 0.50803244
 0.60575557 0.41092873 0.3754838 0.4720589
 0.7086781 0.31258604 0.507002 0.39429298
 0.59406155 0.29144594 0.44427225 0.35968304
 0.83312654 0.3035459 0.6895942 0.3780011
 0.6398811 0.3485865 0.5371024 0.43324122
 0.7017818 0.36593455 0.6065428 0.4599582
 0.75892854 0.44125766 0.5954405 0.55493134
 0.61017793 0.4240207 0.5752304 0.52777624
 0.55307114 0.41518623 0.58834404 0.5121326
 0.68181837 0.40375096 0.7061701 0.49484056
 0.8749999 0.41084403 0.84778243 0.5197155
 0.52014667 0.6187043 0.5568972 0.72752607
 0.5596591 0.5843784 0.58804715 0.711923
 0.6346154 0.50667435 0.5996668 0.6326062
 0.6944444 0.4476437 0.594494 0.56752825
 0.8206309 0.62900645 0.66110885 0.7832467
 0.7646829 0.5399476 0.6532097 0.66072404
 0.859375 0.46970844 0.70373416 0.56402755
 0.5892169 0.47275648 0.5142036 0.5812043
 0.5697756 0.43798393 0.5225799 0.53327495
 0.53238595 0.4247039 0.5334463 0.48152187
 0.41618842 0.40497583 0.45111474 0.48511544
 0.3448277 0.42128834 0.43205154 0.5105528
 0.37735862 0.40600643 0.46292794 0.49427104
 0.33898318 0.43086356 0.43723944 0.52077085
 0.3651989 0.44019756 0.47058055 0.52590436
 0.3837721 0.44770306 0.49356875 0.5317047
 0.41266042 0.5366137 0.532121 0.6858737
 0.4006412 0.43796378 0.51598895 0.5618866
 0.41250563 0.40361562 0.53099394 0.5186497
 0.39215702 0.38564909 0.5099565 0.48512635
 0.40000018 0.5044131 0.52305937 0.6155777
 0.4046476 0.49023995 0.52946705 0.59383655
 0.37735862 0.42771897 0.49481028 0.5060639
 0.3703705 0.3958335 0.48698005 0.4677881
 0.30769247 0.3932212 0.40374103 0.4639246
 0.3131202 0.42892176 0.41146633 0.50456357
 0.31560034 0.452861 0.41796187 0.5416954
 0.30769247 0.44412532 0.4110578 0.53591675
 0.31250018 0.45028624 0.41921777 0.54507166
 0.31746048 0.56467366 0.42735296 0.68810546
 0.32258075 0.5554745 0.43731692 0.6769635
 0.31826347 0.5013621 0.44152045 0.6128278
 0.31746048 0.36555275 0.4470128 0.44858748
 0.34310868 0.22956876 0.4791349 0.28589925
 0.3591656 0.22088714 0.49773622 0.27541995
 0.35022372 0.21675098 0.48318246 0.27091044
 0.32924122 0.21429399 0.45211607 0.27399918
 0.3579873 0.20254643 0.48482817 0.2734066
 0.41397867 0.20419116 0.5559015 0.2756081
 0.44034106 0.21946654 0.58873564 0.29479307
 0.4261365 0.2560839 0.57014424 0.33973643
 0.399333 0.30172426 0.5311495 0.40049642
 0.39262837 0.32323247 0.51986873 0.42897153
 0.39615402 0.30701768 0.5255316 0.40443254
 0.39215702 0.2966103 0.52613795 0.3908172
 0.37745112 0.25735307 0.5084613 0.3364113
 0.3480394 0.2826665 0.47341314 0.37427455
 0.33333355 0.25735307 0.4555935 0.3667909
 0.33757073 0.28688538 0.45872593 0.40834028
 0.33333355 0.22513454 0.45229036 0.3147235
 0.32136366 0.18229179 0.4355116 0.25024423
 0.31250018 0.18229179 0.42261136 0.2501811
 0.32461256 0.18229179 0.43463615 0.24985914
 0.29942158 0.18999434 0.3983527 0.26433516
 0.23529427 0.19444455 0.30958423 0.27182248
 0.23529427 0.1923078 0.3151373 0.26805064
 0.2640826 0.1902175 0.35596848 0.26489604
 0.26355028 0.1804125 0.3606109 0.2560963
 0.26736125 0.1804125 0.36608028 0.25573745
 0.26867828 0.1804125 0.3647532 0.25567275
 0.27034897 0.17500015 0.36625132 0.24776651
 0.26450118 0.1804125 0.35670388 0.24832761
 0.44256487 0.1804125 0.5919798 0.24824148
 0.5671297 0.1804125 0.7580179 0.24807182
 0.59237903 0.21815181 0.7775291 0.3006526
 0.51830673 0.29363045 0.677971 0.40648413
 0.43075386 0.2632144 0.56676626 0.36564037
 0.45184788 0.18694207 0.5988872 0.26021615
 0.65476197 0.13461548 0.8541672 0.18806694
 0.65476197 0.13461548 0.85436815 0.18864124
 0.3933616 0.13671884 0.49527252 0.19164497
 0.3282184 0.13779536 0.41581684 0.1924797
 0.36143345 0.1305971 0.45992726 0.18177526
 0.3941354 0.13565901 0.5036726 0.18923154
 0.43707785 0.12867656 0.5634282 0.17974533
 0.47385192 0.12681167 0.6289051 0.1765453
 0.3604851 0.12589936 0.49612907 0.17496903
 0.38425943 0.2338738 0.5318591 0.32079864
 0.27959007 0.2777779 0.38165405 0.3795216
 0.26315802 0.2710338 0.35760203 0.36834872
 0.26450044 0.2765569 0.35770223 0.37353724
 0.2871719 0.27901798 0.38574302 0.37338242
 0.29408893 0.28605026 0.39721555 0.37523702
 0.28309426 0.30172426 0.39163014 0.38904637
 0.26872483 0.30467388 0.38052973 0.3908014
 0.2597404 0.3264025 0.37044886 0.4149797
 0.24064556 0.32930118 0.3346564 0.41862053
 0.1957072 0.3229168 0.25755116 0.40741527
 0.19658132 0.32866392 0.25898287 0.40215227
 0.18869552 0.33566073 0.2428648 0.41116711
 0.18620703 0.4030614 0.23573798 0.49744937
 0.17908597 0.4380313 0.22309372 0.55041623
 0.13779536 0.5250336 0.16940929 0.6700288
 0.15956049 0.54106915 0.19991717 0.6877483
 0.16100189 0.518658 0.19028878 0.65532815
 0.16425326 0.50786054 0.18823113 0.62051463
 0.24876663 0.49855557 0.16968866 0.5869986
 0.2208322 0.53814024 0.15305722 0.2678154
 0.20606425 0.84000266 0.2856134 0.86901057
 0.2134939 0.43515643 0.2902131 0.33028182
 0.25044495 0.47946644 0.35019273 0.4416355
 0.28031737 0.5120152 0.36316448 0.425071
 0.25884035 0.6499913 0.21505405 0.36578447
 0.29967552 0.7226571 0.3984362 0.38369787
 0.25868896 0.75892866 0.36687544 0.33777457
 0.23621206 0.5586861 0.22436422 0.34919164
 0.3878938 0.43156332 0.39497286 0.48690844
 0.64269155 0.37821478 0.85440344 0.29016697
 0.6985634 0.3765569 0.77903897 0.18003877
 0.54853755 0.48508853 0.3807443 0.28663367
 0.48165768 0.51545066 0.6468725 0.30894232
 0.6026484 0.5236479 0.8401009 0.35967863
 0.333892 0.6594987 0.29385135 0.5257423
 0.5337676 0.6441958 0.57211906 0.5215009
 0.48807245 0.7128562 0.41307414 0.47748142
 0.4990883 0.67159754 0.41065735 0.54078054
 0.8029048 0.5110255 0.70885307 0.46813193
 0.9161402 0.47082385 0.689556 0.55518955
 1.0613557 0.3402459 0.8217252 0.42478037
 0.6017975 0.46798426 0.561107 0.44625837
 0.98639476 0.42763177 0.77692205 0.32336116
 0.4349498 0.41929728 0.33115616 0.46930993
 0.78701925 0.5279452 0.56048805 0.46380007
 0.43909496 0.8429035 0.5832108 1.170398
 1.1046326 0.38024253 0.5495748 0.31350696
 0.48847157 0.86532766 0.35614094 0.22049186
 0.97420645 0.38576183 0.5062971 0.29230908
 0.5144971 0.854442 0.56500226 0.25025734
 0.7362372 0.5663697 0.8332851 0.5256546
 0.71514875 0.3694251 0.67971486 0.23453338
 0.8198184 0.9192953 0.79330266 0.9226707
 0.68282706 0.6902374 0.6387499 0.7303971
 0.79142153 0.55496407 0.9411993 0.15222706
 0.6942328 0.96476823 0.62404186 0.66236013
 0.5514805 0.47032505 0.46596298 0.34378487
 0.7391752 0.51470256 0.63668436 0.4683453
 0.76799786 0.7868847 0.730837 0.7817543
 0.82981527 0.835986 0.7861413 0.5486283
 0.8962329 0.6498063 0.8181226 0.4878513
 0.7515135 0.890403 0.7066903 0.6334208
 0.6165156 0.99807453 0.6285942 1.0290736
 0.7574079 0.64578426 0.8999868 0.6247735
 0.7007705 0.6886747 0.79637516 0.58719623
 0.75092596 0.9527661 0.70989543 1.0539513
 0.8460007 0.77222234 0.5357791 0.7504724
 0.48356217 0.7730318 0.6698507 0.63343626
 0.75840247 0.5144098 0.6866214 0.4289761
 0.76655376 0.539292 0.7609656 0.6933776
 0.7547156 0.65275836 0.7220561 0.7204672
 0.63154423 0.6388113 0.3897021 0.48931667
 0.72214043 0.48569602 0.5030355 0.33754426
 0.52904046 0.5742122 0.6697302 0.48312622
 0.7784322 0.5401434 0.7906175 0.3026873
 1.0319453 0.51637185 1.0422324 0.22552142
 0.8370987 0.4146332 0.5989639 0.41119614
 0.66650045 0.49080944 0.4777021 0.42054045
 0.67475975 0.52997893 0.4035474 0.43963978
 0.6542825 0.5563687 0.3848189 0.32417932
 0.38906774 0.6951308 0.41552 0.5908945
 0.68237674 0.7086784 0.4770368 0.49743378
 0.8058673 0.6775351 0.93980545 0.42732266
 0.82352793 0.86513424 0.90873355 0.6235436
 1.0044646 0.82850444 0.82604516 0.6824872
 0.49698678 0.7841528 0.46524072 0.66233975
 0.714733 0.6689467 0.47957408 0.47010157
 0.81167585 0.56782186 0.6410395 0.41792774
 0.7158516 0.59392864 0.7376182 0.5314917
 0.5630344 0.53941834 0.57010305 0.42958435
 0.602672 0.51886386 0.47847787 0.5922374
 0.5979741 0.6959613 0.45940432 0.76064444
 0.63720644 1.0127742 0.5141321 1.0101
 0.64876556 0.63522923 0.7823909 0.65744954
 0.6388441 0.4311592 0.712223 0.43257514
 0.5243555 0.36111128 0.6090452 0.38979355
 0.55785406 0.4326354 0.63755155 0.45980585
 0.650488 0.49828458 0.743439 0.5053811
 0.6730502 0.40643087 0.77621466 0.42471597
 0.6405922 0.35342056 0.7428065 0.3603831
 0.6691177 0.2896289 0.7808555 0.16531804
 0.75969976 0.24540815 0.8758264 0.25463638
 0.3445514 0.31091732 0.3896628 0.28679776
 0.35785526 0.36167058 0.4073537 0.28936103
 0.60042727 0.24866502 0.6311281 0.22755542
 0.8692832 0.27514568 0.94815993 0.33070663
 1.0585701 0.27852112 1.1564178 0.3711754
 0.7905125 0.28703716 0.86431223 0.38603467
 0.89980364 0.26730782 1.0345471 0.3607345
 0.81966335 0.24290423 0.94869053 0.2975886
 0.76957 0.22619665 0.84954697 0.29307684
 0.600644 0.26692364 0.6467006 0.34452546
 0.48050317 0.31100708 0.45674932 0.38394576
 0.49995962 0.31146795 0.43267798 0.41586417
 0.50049675 0.32209143 0.42606005 0.42143995
 0.740698 0.49329287 0.6566469 0.58809334
 0.9606756 0.4033939 0.9552423 0.48809084
 0.541178 0.40266714 0.4802631 0.48302737
 0.48524863 0.7292922 0.20947416 0.8509069
 0.49106902 0.75243175 0.33719525 0.90085375
 0.5306777 0.42709097 0.48423353 0.5210921
 0.48589563 0.47064227 0.587943 0.2918177
 0.73990357 0.3447226 0.9330606 0.30370468
 0.5162548 0.5253867 0.72162026 0.5307257
 0.5790143 0.31416625 0.64759564 0.27227712
 0.49776512 0.3567942 0.5857646 0.3327802
 0.55586755 0.45882368 0.28295812 0.37497923
 0.52170753 0.5183579 0.4843277 0.49634898
 0.6965415 0.5048466 0.7491299 0.4494041
 0.6748679 0.6583559 0.7748447 0.42002988
 0.556018 0.7059922 0.66797435 0.57455117
 0.35825837 0.7125875 0.4126195 0.57358676
 0.34093875 0.7978932 0.3697742 0.4245374
 0.38427043 0.58121175 0.3749562 0.50846803
 0.49090123 0.6143321 0.6305516 0.7077652
 0.5199653 0.5803284 0.65557015 0.61774755
 0.5608358 0.6467384 0.68417305 0.63046205
 0.6152932 0.47427303 0.7314266 0.37893382
 0.8442524 0.6666808 1.0730846 0.568547
 0.77187884 0.80574644 0.97313976 0.650276
 0.7705561 0.8664998 0.9637722 0.58601844
 1.023169 1.1452994 0.9077652 0.75064415
 0.81181717 0.8254868 0.63464224 0.56435335
 0.86836624 0.82055044 0.5927128 0.42219383
 0.8063779 0.41413873 0.54406315 0.26471856
 0.7278172 0.4239873 0.54718035 0.33530447
 0.7438802 0.9302146 0.6684625 0.4725268
 0.67201185 1.0665106 0.43979463 0.84776
 0.81269515 0.62279934 0.7243049 0.27785736
 0.5536085 0.52853954 0.26991844 0.21574755
 0.44643283 0.6094275 0.3475352 0.32781783
 0.41671982 0.5509139 0.28125876 0.43839875
 0.48052055 0.3297684 0.5777558 0.30051437
 0.531973 0.4139058 0.5372007 0.45034954
 0.5151516 0.5089565 0.4153635 0.6337881
 0.45082363 0.6404656 0.34343287 0.73332065
 0.4993288 0.5016661 0.31073466 0.5696231
 0.5626801 0.44277877 0.40471977 0.4591455
 0.8596858 0.37596458 0.7012177 0.50252587
 0.7950923 0.3703676 0.6950279 0.47240424
 0.96584415 0.351268 0.8709637 0.50215554
 0.88202745 0.4410356 0.8796777 0.6554783
 0.5597609 0.51794416 0.3767347 0.3455073
 0.6131158 0.3736221 0.4773699 0.45162898
 0.87808263 0.33297783 0.65624964 0.42502025
 0.9161712 0.29746005 0.7190025 0.34607685
 0.96086186 0.31942192 0.67913157 0.43933758
 0.8713659 0.25744796 0.5045372 0.2447048
 0.67620355 0.2541133 0.48320147 0.26665664
 0.52242875 0.27264568 0.4213621 0.30771762
 0.5601067 0.3126503 0.46708325 0.39134097
 0.6612829 0.32755202 0.5363587 0.43193915
 0.42170715 0.4957481 0.22586061 0.45440802
 0.5860435 0.39093927 0.54929733 0.5466397
 0.35514918 0.5212283 0.36819756 0.64939445
 0.44950303 0.36542287 0.38151827 0.38368407
 0.31064525 0.6563697 0.3677773 0.7090726
 0.28330773 0.5270234 0.327814 0.69300723
 0.22272578 0.59024614 0.27936247 0.7443942
 0.23884186 0.5747384 0.25526708 0.6576153
 0.23658545 0.56866366 0.29769373 0.5608768
 0.22023551 0.4936437 0.26454464 0.5429176
 0.25331163 0.5135075 0.29919788 0.6673664
 0.23617654 0.5237168 0.29073337 0.6789874
 0.26517874 0.5197381 0.3308932 0.55059695
 0.3215966 0.42233568 0.38413376 0.4424245
 0.34838104 0.43174624 0.35587585 0.5288556
 0.2859892 0.4536566 0.32197028 0.5302304
 0.29439813 0.48977017 0.4031953 0.5803547
 0.28222552 0.6498844 0.40147305 0.72782403
 0.32986125 0.55403537 0.46774182 0.6293561
 0.35098535 0.43187165 0.46358803 0.40069813
 0.44758716 0.48495024 0.542998 0.37294123
 0.37037054 0.5369544 0.5300082 0.47012997
 0.38730314 0.52616894 0.5055394 0.546064
 0.47582778 0.45971546 0.5002704 0.46434778
 0.33448 0.39562306 0.27445593 0.3809346
 0.3615757 0.38958353 0.23708215 0.4231646
 0.36038783 0.37878802 0.28813526 0.41212302
 0.41776258 0.4161969 0.41885623 0.42723143
 0.4744292 0.42020226 0.37716594 0.49493062
 0.68058616 0.45673093 0.5927656 0.49336153
 0.6870306 0.40917176 0.4916776 0.4645257
 0.8663622 0.39857835 0.51385427 0.53984374
 0.4439113 0.42437726 0.37083066 0.45823136
 0.69906396 0.34939277 1.023361 0.21864237
 0.45311627 0.39928442 0.5382358 0.39145985
 0.48335966 0.41082174 0.44765064 0.35377458
 0.5324564 0.47516695 0.42830762 0.30855373
 0.612918 0.3818364 0.39374074 0.2790674
 0.50330085 0.43870038 0.33411393 0.15180771
 0.43925858 0.5231437 0.3544929 0.13362136
 0.69465035 0.31581545 0.60727745 0.28746068
 0.54056776 0.35422865 0.3576082 0.34771284
 0.7959553 0.32667533 0.40601078 0.32449603
 0.5193856 0.4939758 0.33901796 0.30352622
 0.72332823 0.38130584 0.46179676 0.2868303
 0.53010696 0.35758162 0.5514383 0.43297517
 0.4566267 0.46489626 0.42789066 0.59114385
 0.4865746 0.41939855 0.49912938 0.48675504
 0.511109 0.37185007 0.4105748 0.44306973
 0.43242365 0.35081485 0.30565614 0.35623387
 0.5337455 0.41674623 0.23822697 0.5045656
 0.48212045 0.29747015 0.40075085 0.3390852
 0.39055473 0.48782992 0.2432864 0.5528264
 0.45641717 0.3921319 0.39028868 0.33334002
 0.40333447 0.51200783 0.29750326 0.561421
 0.4263598 0.41595754 0.36827213 0.27268842
 0.48811668 0.36657217 0.409624 0.34401688
 0.44249758 0.4731973 0.5101571 0.46833265
 0.3250431 0.8062018 0.1691036 0.83881253
 0.38038388 0.64342403 0.496245 0.6313757
 0.41580597 0.55431783 0.65161926 0.6583754
 0.5043815 0.54836255 0.5266243 0.61634946
 0.471646 0.66893137 0.5482382 0.35390234
 0.5406748 0.4577518 0.61749214 0.38238934
 0.54757255 0.6114661 0.6004567 0.46559033
 0.58619773 0.500495 0.51600957 0.6980452
 0.55578315 0.44010955 0.6744769 0.56993335
 0.6029598 0.6477772 0.73293453 0.81036574
 0.63856333 0.5507613 0.5882299 0.46884108
 0.65888476 0.379219 0.4780882 0.29399136
 0.6052867 0.41289288 0.45648324 0.43032113
 0.42334738 0.47751203 0.23192829 0.2977188
 0.5799371 0.37220496 0.21248995 0.34278363
 0.48187762 0.5762068 0.43251362 0.44032314
 0.4396135 0.7522751 0.33202383 0.6369131
 0.4529775 0.88005704 0.4373667 0.50699395
 0.36345404 0.7076004 0.3838808 0.5454074
 0.45391917 0.60260284 0.51153934 0.41825172
 0.5415746 0.5314487 0.5716585 0.4579815
 0.43993515 0.70558625 0.50354475 0.54076654
 0.5364315 0.64847255 0.46353412 0.67983043
 0.4919854 0.65773857 0.32090527 0.44849965
 0.46374455 0.55113095 0.45155936 0.4929402
 0.42596254 0.5332707 0.3802285 0.5827976
 0.6044025 0.5059191 0.69351137 0.64616734
 0.59859335 0.52587 0.43360347 0.5492409
 0.54917413 0.39065343 0.65677077 0.33501694
 0.5066143 0.44947872 0.47335985 0.28042734
 0.7160722 0.25952524 0.47262433 0.23437956
 0.5040493 0.38302502 0.34597427 0.25879368
 0.58558285 0.3871505 0.49305224 0.25733957
 0.61406004 0.38509944 0.45291433 0.23836376
 0.7213456 0.32958654 0.39643762 0.29502302
 0.72981304 0.4116682 0.49049738 0.3445277
 0.7830377 0.3387536 0.28118148 0.27119604
 0.80555403 0.32067168 0.3126927 0.26493832
 0.7447926 0.4188214 0.5977571 0.32063782
 0.7697743 0.4147542 0.6633461 0.19640452
 0.65699726 0.44161755 0.42476606 0.53815806
 0.73084897 0.4403011 0.75654143 0.27474576
 0.81072253 0.4567849 0.51406544 0.39127845
 0.9693696 0.37008268 1.031447 0.19389471
 0.83595955 0.50867987 0.6580622 0.30558833
 0.7197396 0.56503886 0.7643472 0.34051138
 0.85914963 0.59089047 1.0224321 0.3385543
 0.9188393 0.650823 0.7623417 0.44092947
 0.8749235 0.6384117 0.5647485 0.34973586
 0.6399874 0.7706343 0.6253061 0.38359666
 0.76091087 1.000633 0.41185585 0.7639519
 1.0309297 0.37968427 1.2370943 0.31662166
 0.7326907 0.9534594 0.90837145 0.70954627
 0.6420002 0.8783491 0.6292247 0.7605514
 0.9929064 0.65163106 0.7437014 0.3960238
 0.83999884 0.63098705 0.5435589 0.46850064
 0.8157388 0.68710774 0.4551148 0.48163813
 0.6014767 0.55598897 0.51909715 0.41819307
 0.68101925 0.6163458 0.6950495 0.46313268
 0.60956633 0.65292037 0.5285767 0.5702843
 0.9832246 0.72204673 0.7541502 0.64508873
 0.5730022 0.813588 0.5077869 0.68506813
 0.7032494 0.5741602 0.53339905 0.44842088
 0.63221556 0.40993586 0.74944156 0.6447173
 0.56113976 0.38155735 0.575811 0.49588004
 0.5886287 0.37594774 0.64032894 0.33126265
 0.62313545 0.39842194 0.5234238 0.46128136
 0.5152897 0.28549764 0.52954036 0.16601601
 0.51014864 0.28627166 0.60360765 0.17955449
 0.4610142 0.30070832 0.5577165 0.19007096
 0.35699096 0.34796917 0.3399768 0.14105327
 0.4655307 0.28153124 0.3864838 0.2528246
 0.42011467 0.34080994 0.4033849 0.3650661
 0.5615794 0.3354048 0.51813173 0.43690857
 0.5732452 0.41043139 0.4729827 0.36883458
 0.39556223 0.44951248 0.33471078 0.44938537
 0.3411828 0.69195837 0.22779456 0.62907565
 0.45044097 0.8241566 0.3013488 1.0002697
 0.6000899 0.80727625 0.46842265 0.7801565
 0.7367983 0.7268271 0.71739924 0.7156626
 0.41752523 0.73487604 0.32067943 0.67863435
 0.7881397 0.5458334 0.6451744 0.6317237
 0.7127317 0.5311458 0.4713041 0.5900572
 0.3897869 0.5133267 0.41199335 0.41691372
 0.6220098 0.5772301 0.5747819 0.57378125
 0.6424633 0.527803 0.7251721 0.4838631
 0.706745 0.4461236 1.0333847 0.42713982
 0.59380287 0.39911383 0.80270046 0.37107664
 0.3322546 0.36136228 0.41699904 0.32349464
 0.5498846 0.4217134 0.56221056 0.40480635
 0.5101214 0.4253699 0.5847648 0.43996
 0.5649493 0.4377296 0.78189296 0.36626562
 0.6064727 0.43474594 0.7822223 0.36954725
 0.53836554 0.42394423 0.5597233 0.41445643
 0.41411963 0.48388305 0.37433678 0.37620032
 0.2804288 0.4311358 0.15628302 0.35972312
 0.3712288 0.5121687 0.33567542 0.23388481
 0.47428733 0.41366285 0.43176535 0.33296052
 0.46761695 0.36623663 0.40258977 0.3772018
 0.47734085 0.57016534 0.5509383 0.48794964
 0.60857725 0.39436454 0.5320365 0.46380186
 0.68218434 0.37018386 0.64122707 0.29830822
 0.70275825 0.5633067 0.6943937 0.41408634
 0.73853934 0.37925002 0.8176481 0.27008882
 0.938268 0.39758632 1.0255204 0.34417242
 0.66252565 0.4715405 0.5070147 0.42032596
 0.64724654 0.56155324 0.44604617 0.5679184
 0.5030077 0.67087924 0.54350597 0.73641676
